CMH_Ceramic_Metal_Halide_2829K_Almeria_Calle_Gregorio_Maranon
380 0.0038834
381 0.00462561
382 0.00145279
383 0.00570677
384 0.01167811
385 0.01103084
386 0.01017189
387 0.01088411
388 0.01264319
389 0.0101141
390 0.01567299
391 0.01682272
392 0.02051618
393 0.01912882
394 0.01973374
395 0.0225094
396 0.02155566
397 0.02685192
398 0.02291174
399 0.02102836
400 0.02556573
401 0.02257191
402 0.02636349
403 0.02510014
404 0.03261894
405 0.03850601
406 0.04851372
407 0.03782058
408 0.04011784
409 0.04121021
410 0.04414397
411 0.05291375
412 0.05201554
413 0.05754643
414 0.06460873
415 0.06216485
416 0.05952948
417 0.06895018
418 0.07441254
419 0.08454581
420 0.09200644
421 0.09843136
422 0.102344
423 0.12222878
424 0.11037531
425 0.10027818
426 0.08707639
427 0.07788586
428 0.07366283
429 0.07631603
430 0.07681181
431 0.08237112
432 0.07633741
433 0.06823276
434 0.06655677
435 0.07305023
436 0.13342276
437 0.13885303
438 0.10607847
439 0.08591668
440 0.07630442
441 0.07327162
442 0.07212227
443 0.07107054
444 0.07578082
445 0.0805184
446 0.08469547
447 0.07715707
448 0.07380268
449 0.07667445
450 0.06904323
451 0.07422295
452 0.07198935
453 0.0760649
454 0.08233765
455 0.07962396
456 0.07996585
457 0.08764898
458 0.09257832
459 0.10491137
460 0.09930135
461 0.09718124
462 0.10119609
463 0.0875675
464 0.08501356
465 0.08265369
466 0.08022969
467 0.08389351
468 0.08858251
469 0.09322128
470 0.08960281
471 0.08893384
472 0.09284737
473 0.10306764
474 0.09652362
475 0.08946729
476 0.0791339
477 0.07892605
478 0.08826717
479 0.08469159
480 0.08635116
481 0.08583241
482 0.08725942
483 0.08844126
484 0.0829848
485 0.07508114
486 0.07427007
487 0.07232925
488 0.0828521
489 0.09376157
490 0.08873923
491 0.08869294
492 0.09301014
493 0.08615502
494 0.09409604
495 0.08912812
496 0.08828965
497 0.09481105
498 0.11037022
499 0.12561721
500 0.11968552
501 0.11057869
502 0.10642793
503 0.10971741
504 0.10880347
505 0.12068711
506 0.1090437
507 0.10618589
508 0.10707558
509 0.0955612
510 0.09247216
511 0.09588211
512 0.10730864
513 0.11110578
514 0.10610418
515 0.10818554
516 0.11336421
517 0.11366058
518 0.1152251
519 0.11582026
520 0.11289738
521 0.11524717
522 0.11970422
523 0.12312297
524 0.12295443
525 0.10938416
526 0.11345267
527 0.12496221
528 0.11672417
529 0.1131402
530 0.12610389
531 0.14833967
532 0.14902724
533 0.18402297
534 0.30337744
535 0.48569784
536 0.60430353
537 0.8491188
538 0.90065583
539 0.89859759
540 0.77969997
541 0.58771573
542 0.40349436
543 0.28429627
544 0.19599802
545 0.18479651
546 0.35193419
547 0.36043958
548 0.2405989
549 0.20610881
550 0.15321958
551 0.12441974
552 0.11600588
553 0.12028914
554 0.1209431
555 0.13141632
556 0.12591932
557 0.12231624
558 0.12060407
559 0.13543741
560 0.1375813
561 0.13072053
562 0.12613731
563 0.13963669
564 0.16378022
565 0.17121816
566 0.16935576
567 0.1932134
568 0.25597136
569 0.37767919
570 0.35893451
571 0.28526259
572 0.24519599
573 0.19846453
574 0.17634043
575 0.17445336
576 0.1878262
577 0.21447445
578 0.20684693
579 0.22009833
580 0.21708845
581 0.20783809
582 0.19885426
583 0.19862788
584 0.20885509
585 0.23798667
586 0.30510797
587 0.43172702
588 0.5506616
589 0.35637308
590 0.2541403
591 0.29533262
592 0.40129825
593 0.53220263
594 0.64025972
595 0.72198514
596 0.75610409
597 0.75051127
598 0.75269744
599 0.73921755
600 0.69960033
601 0.67095278
602 0.63022631
603 0.59508359
604 0.56739913
605 0.5261908
606 0.51061597
607 0.48208796
608 0.46870745
609 0.46621471
610 0.43940094
611 0.42766325
612 0.40492665
613 0.39085804
614 0.37421907
615 0.36738317
616 0.41421313
617 0.4173686
618 0.36810442
619 0.35106719
620 0.32770651
621 0.30389142
622 0.28767956
623 0.28582561
624 0.27795897
625 0.28125475
626 0.33712623
627 0.31224918
628 0.29616461
629 0.28361436
630 0.278777
631 0.27786943
632 0.25867451
633 0.25311714
634 0.25083427
635 0.24584087
636 0.24695927
637 0.25996511
638 0.26312032
639 0.26013876
640 0.25475579
641 0.25232611
642 0.24701362
643 0.23065905
644 0.23437913
645 0.22850279
646 0.2297779
647 0.23243173
648 0.2250226
649 0.21926532
650 0.20698866
651 0.19527074
652 0.18931339
653 0.18412105
654 0.19033086
655 0.21852435
656 0.2278278
657 0.219759
658 0.23896468
659 0.21863523
660 0.20738646
661 0.20963404
662 0.18433447
663 0.18611826
664 0.17575192
665 0.17206676
666 0.17999142
667 0.18973751
668 0.18016415
669 0.18676047
670 0.25654603
671 0.3793477
672 0.28678297
673 0.25305537
674 0.2351595
675 0.20247134
676 0.18467708
677 0.17634941
678 0.17180399
679 0.16747326
680 0.15856203
681 0.14734963
682 0.14628831
683 0.16635206
684 0.16906925
685 0.16834474
686 0.15805461
687 0.13768419
688 0.1255047
689 0.11878633
690 0.11648598
691 0.10994171
692 0.1071686
693 0.11212785
694 0.1033282
695 0.11284897
696 0.11897726
697 0.10482141
698 0.09756244
699 0.10809986
700 0.10433378
701 0.10390741
702 0.10055371
703 0.09664213
704 0.09292977
705 0.08462209
706 0.0911099
707 0.07902001
708 0.08519288
709 0.08468355
710 0.08286269
711 0.07345736
712 0.07831994
713 0.07804286
714 0.0752311
715 0.08257402
716 0.07788926
717 0.07400457
718 0.07161302
719 0.07599754
720 0.07445455
721 0.07831211
722 0.06885841
723 0.07016922
724 0.06830918
725 0.07180027
726 0.06634634
727 0.06755354
728 0.06267027
729 0.06207627
730 0.06206055
731 0.06231599
732 0.05688258
733 0.06352248
734 0.05971112
735 0.05950112
736 0.06443349
737 0.06249647
738 0.06373156
739 0.06257887
740 0.07042632
741 0.07292112
742 0.06294216
743 0.06332359
744 0.0604067
745 0.06260835
746 0.05577414
747 0.04684874
748 0.05905248
749 0.05868079
750 0.05745591
751 0.05116523
752 0.05816036
753 0.05828151
754 0.06498466
755 0.0761568
756 0.07198002
757 0.06609159
758 0.06717724
759 0.06921776
760 0.0643961
761 0.05623216
762 0.05864587
763 0.05314512
764 0.06500202
765 0.06123597
766 0.10534633
767 0.10582712
768 0.07168644
769 0.08513139
770 0.09055816
771 0.06960465
772 0.05950606
773 0.06138763
774 0.05307273
775 0.0524211
776 0.0551227
777 0.04697867
778 0.04652624
779 0.05380034
780 0.04931388
781 0.05987039
782 0.05468626
783 0.05315422
784 0.04807948
785 0.04038725
786 0.04441575
787 0.03679009
788 0.03442733
789 0.03758561
790 0.04659116
791 0.04878593
792 0.05789728
793 0.0411647
794 0.03516046
795 0.03606011
796 0.03984661
797 0.04699738
798 0.04516014
799 0.04072269
800 0.04457774
801 0.04363823
802 0.0447321
803 0.04856076
804 0.03534023
805 0.04123811
806 0.04802292
807 0.04132206
808 0.03420798
809 0.03754015
810 0.04698582
811 0.04570253
812 0.04300328
813 0.06145524
814 0.04789986
815 0.06062102
816 0.0758078
817 0.17202212
818 0.63576056
819 1.0
820 0.988381
821 0.71912266
822 0.51747211
823 0.35927869
824 0.24125669
825 0.15653342
826 0.12290411
827 0.10853333
828 0.08320103
829 0.06787648
830 0.0742964
831 0.06153905
832 0.08604299
833 0.07853936
834 0.05926018
835 0.05734064
836 0.05120062
837 0.03407881
838 0.04303313
839 0.03606079
840 0.04808215
841 0.03999926
842 0.03400586
843 0.03947702
844 0.03726683
845 0.02637924
846 0.02244593
847 0.05547962
848 0.04986916
849 0.02806347
850 0.04464031
851 0.04643662
852 0.03298276
853 0.02499694
854 0.0328001
855 0.02640456
856 0.03351012
857 0.04110519
858 0.02766893
859 0.03661012
860 0.03345424
861 0.0272681
862 0.02398493
863 0.0228336
864 0.01869955
865 0.02341203
866 0.027706
867 0.04735601
868 0.03015111
869 0.02296931
870 0.02704275
871 0.02402296
872 0.0344462
873 0.01742329
874 0.05016726
875 0.01585238
876 0.02203048
877 0.02635378
878 0.03195326
879 0.03468014
880 0.00238553
881 0.02786935
882 0.02072902
883 0.01078574
884 0.01166076
885 0.02651869
886 0.0151988
887 0.00714836
888 0.02495988
889 0.01045418
890 0.01152918
891 0.03280083
892 0.00429503
893 0.01629929
894 0.02044402
895 0.03569404
896 0.02318619
897 0.03374064
898 0.01224246
899 0.01228943
900 0.01869889
901 0.0
902 0.0
903 0.0
904 0.0
905 0.0
906 0.0
907 0.0
908 0.0
909 0.0
910 0.0
911 0.0
912 0.0
913 0.0
914 0.0
915 0.0
916 0.0
917 0.0
918 0.0
919 0.0
920 0.0
921 0.0
922 0.0
923 0.0
924 0.0
925 0.0
926 0.0
927 0.0
928 0.0
929 0.0
930 0.0
931 0.0
932 0.0
933 0.0
934 0.0
935 0.0
936 0.0
937 0.0
938 0.0
939 0.0
940 0.0
941 0.0
942 0.0
943 0.0
944 0.0
945 0.0
946 0.0
947 0.0
948 0.0
949 0.0
950 0.0
951 0.0
952 0.0
953 0.0
954 0.0
955 0.0
956 0.0
957 0.0
958 0.0
959 0.0
960 0.0
961 0.0
962 0.0
963 0.0
964 0.0
965 0.0
966 0.0
967 0.0
968 0.0
969 0.0
970 0.0
971 0.0
972 0.0
973 0.0
974 0.0
975 0.0
976 0.0
977 0.0
978 0.0
979 0.0
980 0.0
981 0.0
982 0.0
983 0.0
984 0.0
985 0.0
986 0.0
987 0.0
988 0.0
989 0.0
990 0.0
991 0.0
992 0.0
993 0.0
994 0.0
995 0.0
996 0.0
997 0.0
998 0.0
999 0.0
1000 0.0
1001 0.0
1002 0.0
1003 0.0
1004 0.0
1005 0.0
1006 0.0
1007 0.0
1008 0.0
1009 0.0
1010 0.0
1011 0.0
1012 0.0
1013 0.0
1014 0.0
1015 0.0
1016 0.0
1017 0.0
1018 0.0
1019 0.0
1020 0.0
1021 0.0
1022 0.0
1023 0.0
1024 0.0
1025 0.0
1026 0.0
1027 0.0
1028 0.0
1029 0.0
1030 0.0
1031 0.0
1032 0.0
1033 0.0
1034 0.0
1035 0.0
1036 0.0
1037 0.0
1038 0.0
1039 0.0
1040 0.0
1041 0.0
1042 0.0
1043 0.0
1044 0.0
1045 0.0
1046 0.0
1047 0.0
1048 0.0
1049 0.0
1050 0.0
1051 0.0
1052 0.0
1053 0.0
1054 0.0
1055 0.0
1056 0.0
1057 0.0
1058 0.0
1059 0.0
1060 0.0
1061 0.0
1062 0.0
1063 0.0
1064 0.0
1065 0.0
1066 0.0
1067 0.0
1068 0.0
1069 0.0
1070 0.0
1071 0.0
1072 0.0
1073 0.0
1074 0.0
1075 0.0
1076 0.0
1077 0.0
1078 0.0
1079 0.0
1080 0.0
1081 0.0
1082 0.0
1083 0.0
1084 0.0
1085 0.0
1086 0.0
1087 0.0
1088 0.0
1089 0.0
1090 0.0
1091 0.0
1092 0.0
1093 0.0
1094 0.0
1095 0.0
1096 0.0
1097 0.0
1098 0.0
1099 0.0
1100 0.0
