BIR-BM13E4G-1
380 0
381 0
382 0
383 0
384 0
385 0
386 0
387 0
388 0
389 0
390 0
391 0
392 0
393 0
394 0
395 0
396 0
397 0
398 0
399 0
400 0
401 0
402 0
403 0
404 0
405 0
406 0
407 0
408 0
409 0
410 0
411 0
412 0
413 0
414 0
415 0
416 0
417 0
418 0
419 0
420 0
421 0
422 0
423 0
424 0
425 0
426 0
427 0
428 0
429 0
430 0
431 0
432 0
433 0
434 0
435 0
436 0
437 0
438 0
439 0
440 0
441 0
442 0
443 0
444 0
445 0
446 0
447 0
448 0
449 0
450 0
451 0
452 0
453 0
454 0
455 0
456 0
457 0
458 0
459 0
460 0
461 0
462 0
463 0
464 0
465 0
466 0
467 0
468 0
469 0
470 0
471 0
472 0
473 0
474 0
475 0
476 0
477 0
478 0
479 0
480 0
481 0
482 0
483 0
484 0
485 0
486 0
487 0
488 0
489 0
490 0
491 0
492 0
493 0
494 0
495 0
496 0
497 0
498 0
499 0
500 0
501 0
502 0
503 0
504 0
505 0
506 0
507 0
508 0
509 0
510 0
511 0
512 0
513 0
514 0
515 0
516 0
517 0
518 0
519 0
520 0
521 0
522 0
523 0
524 0
525 0
526 0
527 0
528 0
529 0
530 0
531 0
532 0
533 0
534 0
535 0
536 0
537 0
538 0
539 0
540 0
541 0
542 0
543 0
544 0
545 0
546 0
547 0
548 0
549 0
550 0
551 0
552 0
553 0
554 0
555 0
556 0
557 0
558 0
559 0
560 0
561 0
562 0
563 0
564 0
565 0
566 0
567 0
568 0
569 0
570 0
571 0
572 0
573 0
574 0
575 0
576 0
577 0
578 0
579 0
580 0
581 0
582 0
583 0
584 0
585 0
586 0
587 0
588 0
589 0
590 0
591 0
592 0
593 0
594 0
595 0
596 0
597 0
598 0
599 0
600 0
601 0
602 0
603 0
604 0
605 0
606 0
607 0
608 0
609 0
610 0
611 0
612 0
613 0
614 0
615 0
616 0
617 0
618 0
619 0
620 0
621 0
622 0
623 0
624 0
625 0
626 0
627 0
628 0
629 0
630 0
631 0
632 0
633 0
634 0
635 0
636 0
637 0
638 0
639 0
640 0
641 0
642 0
643 0
644 0
645 0
646 0
647 0
648 0
649 0
650 0
651 0
652 0
653 0
654 0
655 0
656 0
657 0
658 0
659 0
660 0
661 0
662 0
663 0
664 0
665 0
666 0
667 0
668 0
669 0
670 0
671 0
672 0
673 0
674 0
675 0
676 0
677 0
678 0
679 0
680 0
681 0
682 0
683 0
684 0
685 0
686 0
687 0
688 0
689 0
690 0
691 0
692 0
693 0
694 0
695 0
696 0
697 0
698 0
699 0
700 0
701 0
702 0
703 0
704 0
705 0
706 0
707 0
708 0
709 0
710 0
711 0
712 0
713 0
714 0
715 0
716 0
717 0
718 0
719 0
720 0
721 0
722 0
723 0
724 0
725 0
726 0
727 0
728 0
729 0
730 0
731 0
732 0
733 0
734 0
735 0
736 0
737 0
738 0
739 0
740 0
741 0
742 0
743 0
744 0
745 0
746 0
747 0
748 0
749 0
750 0
751 0
752 0
753 0
754 0
755 0
756 0
757 0
758 0
759 0
760 0
761 0
762 0
763 0
764 0
765 0
766 0
767 0
768 0
769 0
770 0
771 0
772 0
773 0
774 0
775 0
776 0
777 0
778 0
779 0
780 0
781 0
782 0
783 0
784 0
785 0
786 0
787 0
788 0
789 0
790 0
791 0
792 0
793 0
794 0
795 0
796 0
797 0
798 0
799 0
800 0
801 0
802 0
803 0
804 0
805 0
806 0
807 0
808 0
809 0
810 0
811 0
812 0
813 0
814 0
815 0
816 0
817 0
818 0
819 0
820 0
821 0
822 0
823 0
824 0
825 0
826 0
827 0
828 0
829 0
830 0
831 0
832 0
833 0
834 0
835 0
836 0
837 0
838 0
839 0
840 0
841 0.01
842 0.02
843 0.03
844 0.03
845 0.04
846 0.05
847 0.06
848 0.07
849 0.08
850 0.09
851 0.1
852 0.1
853 0.11
854 0.12
855 0.13
856 0.14
857 0.15
858 0.16
859 0.17
860 0.17
861 0.18
862 0.19
863 0.2
864 0.21
865 0.22
866 0.23
867 0.24
868 0.24
869 0.25
870 0.26
871 0.27
872 0.28
873 0.29
874 0.3
875 0.31
876 0.32
877 0.32
878 0.33
879 0.34
880 0.35
881 0.36
882 0.37
883 0.38
884 0.39
885 0.39
886 0.4
887 0.41
888 0.42
889 0.43
890 0.44
891 0.45
892 0.45
893 0.46
894 0.47
895 0.48
896 0.49
897 0.5
898 0.51
899 0.52
900 0.52
901 0.53
902 0.54
903 0.55
904 0.56
905 0.57
906 0.58
907 0.59
908 0.59
909 0.6
910 0.61
911 0.62
912 0.63
913 0.64
914 0.65
915 0.66
916 0.66
917 0.67
918 0.68
919 0.69
920 0.7
921 0.71
922 0.73
923 0.74
924 0.76
925 0.77
926 0.79
927 0.8
928 0.82
929 0.83
930 0.85
931 0.86
932 0.88
933 0.9
934 0.91
935 0.93
936 0.94
937 0.95
938 0.97
939 0.98
940 1
941 0.98
942 0.97
943 0.95
944 0.94
945 0.93
946 0.91
947 0.9
948 0.88
949 0.86
950 0.85
951 0.83
952 0.82
953 0.8
954 0.79
955 0.77
956 0.76
957 0.74
958 0.73
959 0.71
960 0.7
961 0.69
962 0.68
963 0.66
964 0.65
965 0.64
966 0.63
967 0.62
968 0.61
969 0.59
970 0.58
971 0.57
972 0.56
973 0.55
974 0.54
975 0.52
976 0.51
977 0.5
978 0.49
979 0.48
980 0.47
981 0.45
982 0.44
983 0.43
984 0.42
985 0.41
986 0.4
987 0.38
988 0.37
989 0.36
990 0.35
991 0.34
992 0.33
993 0.31
994 0.3
995 0.29
996 0.28
997 0.27
998 0.26
999 0.24
1000 0.23
1001 0.22
1002 0.21
1003 0.2
1004 0.19
1005 0.18
1006 0.16
1007 0.15
1008 0.14
1009 0.13
1010 0.12
1011 0.1
1012 0.09
1013 0.08
1014 0.07
1015 0.06
1016 0.05
1017 0.04
1018 0.02
1019 0.01
1020 0
1021 0
1022 0
1023 0
1024 0
1025 0
1026 0
1027 0
1028 0
1029 0
1030 0
1031 0
1032 0
1033 0
1034 0
1035 0
1036 0
1037 0
1038 0
1039 0
1040 0
1041 0
1042 0
1043 0
1044 0
1045 0
1046 0
1047 0
1048 0
1049 0
1050 0
1051 0
1052 0
1053 0
1054 0
1055 0
1056 0
1057 0
1058 0
1059 0
1060 0
1061 0
1062 0
1063 0
1064 0
1065 0
1066 0
1067 0
1068 0
1069 0
1070 0
1071 0
1072 0
1073 0
1074 0
1075 0
1076 0
1077 0
1078 0
1079 0
1080 0
1081 0
1082 0
1083 0
1084 0
1085 0
1086 0
1087 0
1088 0
1089 0
1090 0
1091 0
1092 0
1093 0
1094 0
1095 0
1096 0
1097 0
1098 0
1099 0
1100 0
