CMH_Ceramic_Metal_Halide_2586K_SFH_Panos_H
380 0.00106085
381 0.00262325
382 0.00594643
383 0.01003928
384 0.01413542
385 0.01357534
386 0.01398779
387 0.01379086
388 0.01704694
389 0.01795765
390 0.01523357
391 0.01688705
392 0.01881418
393 0.01999234
394 0.02143202
395 0.02438033
396 0.02752279
397 0.02633672
398 0.02650149
399 0.0267352
400 0.03264472
401 0.02613992
402 0.03034982
403 0.03468468
404 0.04462865
405 0.05858046
406 0.05239966
407 0.04150979
408 0.03891211
409 0.04212457
410 0.05320993
411 0.06756482
412 0.06160086
413 0.07131257
414 0.06193606
415 0.05023474
416 0.05687543
417 0.07388468
418 0.06540503
419 0.07045934
420 0.06977799
421 0.07289949
422 0.09331509
423 0.09233373
424 0.07129438
425 0.06453545
426 0.06442657
427 0.05856688
428 0.05545776
429 0.05596841
430 0.06129228
431 0.06100835
432 0.058707
433 0.05500603
434 0.05397287
435 0.08349081
436 0.15154505
437 0.09367693
438 0.07442063
439 0.06773604
440 0.07249614
441 0.06988107
442 0.07071269
443 0.07482307
444 0.07466423
445 0.07680846
446 0.077491
447 0.07294154
448 0.06688096
449 0.06836361
450 0.06720483
451 0.0709518
452 0.07230066
453 0.07968031
454 0.08306254
455 0.07807006
456 0.077716
457 0.07876973
458 0.08076593
459 0.07996555
460 0.07401675
461 0.07974028
462 0.07937081
463 0.07483453
464 0.07886912
465 0.07867733
466 0.07718637
467 0.08000075
468 0.08969941
469 0.0946364
470 0.09752539
471 0.09813464
472 0.09929052
473 0.08342371
474 0.07329125
475 0.07143556
476 0.06900041
477 0.06153746
478 0.06470127
479 0.0607902
480 0.0553705
481 0.05220958
482 0.05567921
483 0.05677934
484 0.05718493
485 0.05140631
486 0.05384936
487 0.05695689
488 0.06516724
489 0.0632931
490 0.05949999
491 0.06147867
492 0.06497624
493 0.06964578
494 0.08312753
495 0.07428302
496 0.07559405
497 0.0936876
498 0.13468832
499 0.14124175
500 0.12169257
501 0.09469664
502 0.08487038
503 0.08231673
504 0.09061289
505 0.08136477
506 0.07054159
507 0.0717009
508 0.07162234
509 0.06839499
510 0.06580061
511 0.06592939
512 0.07356476
513 0.07909386
514 0.07431017
515 0.08865689
516 0.09731185
517 0.08784188
518 0.09551574
519 0.09184154
520 0.08506639
521 0.08743563
522 0.09913827
523 0.09735891
524 0.08876696
525 0.07939572
526 0.07727218
527 0.08104406
528 0.07421461
529 0.07548794
530 0.09048345
531 0.09301759
532 0.10566337
533 0.14217026
534 0.30186884
535 0.34599621
536 0.42740856
537 0.58591752
538 0.61132468
539 0.54853881
540 0.44193982
541 0.28903259
542 0.18021885
543 0.13396782
544 0.11418572
545 0.12918453
546 0.30781606
547 0.21540205
548 0.13108055
549 0.10548436
550 0.099527
551 0.09756849
552 0.09614753
553 0.10208974
554 0.10758312
555 0.11071609
556 0.11169178
557 0.10842344
558 0.10469044
559 0.11846482
560 0.11841803
561 0.11254028
562 0.11954162
563 0.12360678
564 0.13473208
565 0.14946858
566 0.18169003
567 0.24129706
568 0.33196716
569 0.52439838
570 0.4627477
571 0.30051537
572 0.21582412
573 0.18187563
574 0.16949519
575 0.16395976
576 0.17431078
577 0.19230705
578 0.19471399
579 0.20640873
580 0.20495138
581 0.21212553
582 0.2317865
583 0.26528498
584 0.3108656
585 0.3689213
586 0.46787187
587 0.48351314
588 0.29898816
589 0.10181187
590 0.0499947
591 0.07757839
592 0.11547184
593 0.16901446
594 0.22651364
595 0.28367234
596 0.33904311
597 0.37783408
598 0.41117729
599 0.44204725
600 0.46373802
601 0.4756554
602 0.47286501
603 0.4763664
604 0.47969011
605 0.47251768
606 0.47067741
607 0.45673339
608 0.44626848
609 0.43554575
610 0.42363286
611 0.41429694
612 0.41573056
613 0.40959511
614 0.39261329
615 0.40052217
616 0.45693638
617 0.42708403
618 0.38212874
619 0.35674517
620 0.34948007
621 0.33558666
622 0.33111933
623 0.3148953
624 0.31557876
625 0.3048729
626 0.31930055
627 0.30998046
628 0.29603907
629 0.28745701
630 0.2945812
631 0.28550931
632 0.27935356
633 0.27285615
634 0.26560515
635 0.27009239
636 0.26767135
637 0.26521142
638 0.27165506
639 0.26620241
640 0.25483721
641 0.24671004
642 0.24098137
643 0.24004337
644 0.24340531
645 0.23084073
646 0.24038556
647 0.24198382
648 0.2340313
649 0.22800579
650 0.21535513
651 0.20463542
652 0.19877217
653 0.20178664
654 0.20867304
655 0.23192121
656 0.23969789
657 0.22384176
658 0.2258315
659 0.20777248
660 0.21959244
661 0.22209666
662 0.19738482
663 0.20825058
664 0.18578143
665 0.18252113
666 0.18300106
667 0.19252191
668 0.19475828
669 0.205031
670 0.2162947
671 0.22564538
672 0.22344381
673 0.21564973
674 0.21074201
675 0.20458955
676 0.19398532
677 0.19593921
678 0.18412347
679 0.17317401
680 0.16379908
681 0.15359345
682 0.14162705
683 0.15344872
684 0.14083023
685 0.1262647
686 0.11797869
687 0.11309917
688 0.1049144
689 0.10263809
690 0.1040721
691 0.09877842
692 0.09784319
693 0.09726545
694 0.10052378
695 0.10381098
696 0.09789262
697 0.08519583
698 0.08638981
699 0.08191417
700 0.08178236
701 0.08423345
702 0.0812199
703 0.08671592
704 0.08121661
705 0.08383326
706 0.07660665
707 0.07474213
708 0.07399079
709 0.07684589
710 0.07134896
711 0.07745422
712 0.07441655
713 0.07586664
714 0.07434405
715 0.07584595
716 0.07488594
717 0.07178579
718 0.06903956
719 0.07191484
720 0.07070781
721 0.0725635
722 0.06693659
723 0.07046501
724 0.0671724
725 0.06951699
726 0.06898011
727 0.06373244
728 0.06467017
729 0.06788434
730 0.0664088
731 0.06833251
732 0.06231187
733 0.06175521
734 0.06496886
735 0.06337996
736 0.06323998
737 0.06651966
738 0.06547924
739 0.06315495
740 0.06311805
741 0.0685214
742 0.06480356
743 0.05647142
744 0.06526215
745 0.06897642
746 0.0650979
747 0.0551567
748 0.06557797
749 0.06771799
750 0.06418469
751 0.06478023
752 0.06368973
753 0.06642132
754 0.06229658
755 0.07358532
756 0.08434905
757 0.07270849
758 0.06279998
759 0.07342267
760 0.07035507
761 0.06733638
762 0.07073206
763 0.0716632
764 0.0655031
765 0.0653904
766 0.14036571
767 0.14590365
768 0.08453821
769 0.09163564
770 0.13997106
771 0.08836018
772 0.06904945
773 0.05843019
774 0.05820492
775 0.06060263
776 0.05201028
777 0.05287288
778 0.05223621
779 0.04670342
780 0.05900582
781 0.05813321
782 0.0559004
783 0.05572614
784 0.05724689
785 0.05365164
786 0.05590607
787 0.05024963
788 0.05618512
789 0.04961995
790 0.04901321
791 0.05000828
792 0.04505916
793 0.05313321
794 0.04841358
795 0.04917139
796 0.04749193
797 0.05590435
798 0.0519391
799 0.0477354
800 0.05119817
801 0.04770231
802 0.04907793
803 0.05527876
804 0.05184446
805 0.04203243
806 0.05007313
807 0.04979118
808 0.05419485
809 0.06301734
810 0.07315587
811 0.06524567
812 0.06041044
813 0.0689063
814 0.07274356
815 0.10012517
816 0.12607778
817 0.30425021
818 0.77968086
819 0.97520657
820 1.0
821 0.90592579
822 0.62803444
823 0.42161596
824 0.29618262
825 0.24254746
826 0.19858882
827 0.17232354
828 0.15343515
829 0.14219385
830 0.11649511
831 0.1041674
832 0.10031459
833 0.09480803
834 0.08966752
835 0.0898021
836 0.07623559
837 0.07239754
838 0.06197469
839 0.0565281
840 0.05977799
841 0.06474939
842 0.06023223
843 0.05729249
844 0.05321704
845 0.05434432
846 0.05289766
847 0.05107268
848 0.04423268
849 0.04418694
850 0.05749549
851 0.05459042
852 0.05081933
853 0.03871175
854 0.04773421
855 0.05177815
856 0.05479355
857 0.04447918
858 0.04385082
859 0.03588288
860 0.03549785
861 0.03929372
862 0.0321516
863 0.04154683
864 0.04736987
865 0.04344127
866 0.03154248
867 0.04818989
868 0.03518624
869 0.022568
870 0.04288039
871 0.02985512
872 0.04427249
873 0.04663646
874 0.03484352
875 0.03320058
876 0.03068819
877 0.04255943
878 0.03181283
879 0.04339579
880 0.03428607
881 0.04040808
882 0.02708108
883 0.03411577
884 0.0276148
885 0.02871176
886 0.05261136
887 0.0417489
888 0.03299758
889 0.02876778
890 0.04490995
891 0.03429688
892 0.03996241
893 0.0452756
894 0.05112396
895 0.04199776
896 0.03670118
897 0.04349571
898 0.02242828
899 0.03063718
900 0.03934209
901 0.0
902 0.0
903 0.0
904 0.0
905 0.0
906 0.0
907 0.0
908 0.0
909 0.0
910 0.0
911 0.0
912 0.0
913 0.0
914 0.0
915 0.0
916 0.0
917 0.0
918 0.0
919 0.0
920 0.0
921 0.0
922 0.0
923 0.0
924 0.0
925 0.0
926 0.0
927 0.0
928 0.0
929 0.0
930 0.0
931 0.0
932 0.0
933 0.0
934 0.0
935 0.0
936 0.0
937 0.0
938 0.0
939 0.0
940 0.0
941 0.0
942 0.0
943 0.0
944 0.0
945 0.0
946 0.0
947 0.0
948 0.0
949 0.0
950 0.0
951 0.0
952 0.0
953 0.0
954 0.0
955 0.0
956 0.0
957 0.0
958 0.0
959 0.0
960 0.0
961 0.0
962 0.0
963 0.0
964 0.0
965 0.0
966 0.0
967 0.0
968 0.0
969 0.0
970 0.0
971 0.0
972 0.0
973 0.0
974 0.0
975 0.0
976 0.0
977 0.0
978 0.0
979 0.0
980 0.0
981 0.0
982 0.0
983 0.0
984 0.0
985 0.0
986 0.0
987 0.0
988 0.0
989 0.0
990 0.0
991 0.0
992 0.0
993 0.0
994 0.0
995 0.0
996 0.0
997 0.0
998 0.0
999 0.0
1000 0.0
1001 0.0
1002 0.0
1003 0.0
1004 0.0
1005 0.0
1006 0.0
1007 0.0
1008 0.0
1009 0.0
1010 0.0
1011 0.0
1012 0.0
1013 0.0
1014 0.0
1015 0.0
1016 0.0
1017 0.0
1018 0.0
1019 0.0
1020 0.0
1021 0.0
1022 0.0
1023 0.0
1024 0.0
1025 0.0
1026 0.0
1027 0.0
1028 0.0
1029 0.0
1030 0.0
1031 0.0
1032 0.0
1033 0.0
1034 0.0
1035 0.0
1036 0.0
1037 0.0
1038 0.0
1039 0.0
1040 0.0
1041 0.0
1042 0.0
1043 0.0
1044 0.0
1045 0.0
1046 0.0
1047 0.0
1048 0.0
1049 0.0
1050 0.0
1051 0.0
1052 0.0
1053 0.0
1054 0.0
1055 0.0
1056 0.0
1057 0.0
1058 0.0
1059 0.0
1060 0.0
1061 0.0
1062 0.0
1063 0.0
1064 0.0
1065 0.0
1066 0.0
1067 0.0
1068 0.0
1069 0.0
1070 0.0
1071 0.0
1072 0.0
1073 0.0
1074 0.0
1075 0.0
1076 0.0
1077 0.0
1078 0.0
1079 0.0
1080 0.0
1081 0.0
1082 0.0
1083 0.0
1084 0.0
1085 0.0
1086 0.0
1087 0.0
1088 0.0
1089 0.0
1090 0.0
1091 0.0
1092 0.0
1093 0.0
1094 0.0
1095 0.0
1096 0.0
1097 0.0
1098 0.0
1099 0.0
1100 0.0
