MH_Metal_Halide_4884K_SFH_Eugenia
380 0.21382535
381 0.13516718
382 0.08706932
383 0.09550204
384 0.11670761
385 0.09072259
386 0.04444399
387 0.01698065
388 0.02146644
389 0.00772398
390 0.01811893
391 0.01978013
392 0.01564708
393 0.01482668
394 0.03205815
395 0.04571936
396 0.05856844
397 0.05595094
398 0.03786716
399 0.01951779
400 0.01016304
401 0.01598446
402 0.01938426
403 0.04061967
404 0.14004264
405 0.27970387
406 0.2486233
407 0.17559186
408 0.09124432
409 0.06665255
410 0.04558435
411 0.03067081
412 0.01905633
413 0.02276012
414 0.01985044
415 0.01657473
416 0.01772956
417 0.04993128
418 0.05413612
419 0.04992035
420 0.03430902
421 0.0265936
422 0.03326556
423 0.02802613
424 0.02667455
425 0.01724063
426 0.02244637
427 0.02585651
428 0.02527008
429 0.02239438
430 0.02526151
431 0.02852748
432 0.03316659
433 0.03753244
434 0.05434144
435 0.17695467
436 0.52424228
437 0.55264125
438 0.46264098
439 0.22840535
440 0.10559477
441 0.06318392
442 0.05222499
443 0.03646565
444 0.03930678
445 0.03873867
446 0.03012959
447 0.03106048
448 0.02040467
449 0.01731389
450 0.02392322
451 0.01675849
452 0.01266828
453 0.01138464
454 0.01757328
455 0.01674135
456 0.01420451
457 0.00722914
458 0.01306445
459 0.01498355
460 0.01363462
461 0.01472121
462 0.0106697
463 0.00735942
464 0.01211553
465 0.0077875
466 0.00764156
467 0.00788706
468 0.01185348
469 0.01021799
470 0.00947144
471 0.00992433
472 0.01458531
473 0.00944899
474 0.0078519
475 0.01124579
476 0.01122954
477 0.011148
478 0.0107929
479 0.01127976
480 0.01063336
481 0.00892313
482 0.00772191
483 0.00916183
484 0.01334481
485 0.01113323
486 0.01372768
487 0.01215039
488 0.01269693
489 0.01247743
490 0.01161064
491 0.0158078
492 0.01902797
493 0.01958426
494 0.01481309
495 0.01620338
496 0.01303845
497 0.01240062
498 0.01581341
499 0.01589111
500 0.01544737
501 0.01208746
502 0.01132024
503 0.00956775
504 0.01165968
505 0.01268128
506 0.01257994
507 0.01163841
508 0.01180622
509 0.01565122
510 0.01288158
511 0.01543674
512 0.01422223
513 0.01471796
514 0.01600928
515 0.01656705
516 0.02155359
517 0.05141345
518 0.09893522
519 0.10650823
520 0.10050276
521 0.0796195
522 0.04627151
523 0.0293854
524 0.02506712
525 0.02314093
526 0.02009033
527 0.01924156
528 0.01926372
529 0.01988176
530 0.02035947
531 0.02319351
532 0.02841669
533 0.03702814
534 0.08862476
535 0.58563354
536 0.86475128
537 0.95124955
538 1.0
539 0.6984864
540 0.44146436
541 0.30657311
542 0.19855908
543 0.11740276
544 0.07683449
545 0.10753987
546 0.65712314
547 0.7817509
548 0.82129018
549 0.80524664
550 0.43095507
551 0.19169184
552 0.10087559
553 0.0691563
554 0.05112009
555 0.04169503
556 0.03373234
557 0.0328109
558 0.02689317
559 0.02540982
560 0.02537053
561 0.02511232
562 0.02503197
563 0.02305614
564 0.02265967
565 0.02074884
566 0.02089035
567 0.02047527
568 0.02751859
569 0.03597967
570 0.03470046
571 0.03186228
572 0.03730348
573 0.03640745
574 0.04222266
575 0.06521942
576 0.16262461
577 0.33759785
578 0.42946464
579 0.6141365
580 0.62096681
581 0.48105446
582 0.37930735
583 0.21204539
584 0.10656968
585 0.07205091
586 0.05006245
587 0.04641007
588 0.09572863
589 0.25801705
590 0.40563182
591 0.47411395
592 0.49700849
593 0.41575379
594 0.2786229
595 0.17731007
596 0.13701361
597 0.11028736
598 0.09637651
599 0.08012321
600 0.07132357
601 0.06835303
602 0.06146098
603 0.05712793
604 0.05075789
605 0.04879477
606 0.0423367
607 0.04248619
608 0.03869584
609 0.04228884
610 0.03684852
611 0.03942348
612 0.03625382
613 0.03496044
614 0.03485142
615 0.03464049
616 0.0355705
617 0.03506236
618 0.03577552
619 0.03533563
620 0.0332629
621 0.03282242
622 0.03269007
623 0.02975794
624 0.03046401
625 0.03365878
626 0.035047
627 0.03321948
628 0.03041202
629 0.02468129
630 0.03452232
631 0.02987936
632 0.02656022
633 0.0272527
634 0.02732626
635 0.02907402
636 0.02556905
637 0.02579151
638 0.03147704
639 0.02561455
640 0.02506683
641 0.02885658
642 0.03105694
643 0.02791801
644 0.02808168
645 0.02810058
646 0.02578974
647 0.02910977
648 0.02302216
649 0.02579181
650 0.02801964
651 0.03155976
652 0.03109682
653 0.02886899
654 0.03078692
655 0.03543549
656 0.03649932
657 0.03749492
658 0.0419553
659 0.03868638
660 0.03801665
661 0.03336364
662 0.03360649
663 0.02991747
664 0.03096063
665 0.02487421
666 0.02630349
667 0.02835583
668 0.02708017
669 0.0305231
670 0.03544642
671 0.03856319
672 0.03988139
673 0.03359999
674 0.03733184
675 0.03506709
676 0.02933872
677 0.02838922
678 0.03588897
679 0.0351569
680 0.02479946
681 0.02774075
682 0.03029355
683 0.03522425
684 0.02425026
685 0.02578767
686 0.03219995
687 0.03223186
688 0.02789851
689 0.02240413
690 0.03078721
691 0.03419971
692 0.03651823
693 0.03508127
694 0.03493355
695 0.03068824
696 0.03199729
697 0.02773159
698 0.02610467
699 0.03489456
700 0.02493861
701 0.03056889
702 0.03038366
703 0.04604403
704 0.02946546
705 0.03326172
706 0.03686625
707 0.03021851
708 0.03007286
709 0.03787957
710 0.04061494
711 0.03541274
712 0.03615633
713 0.03542455
714 0.0392861
715 0.03369955
716 0.03941343
717 0.03656727
718 0.0371537
719 0.03239139
720 0.03037095
721 0.03705709
722 0.03081085
723 0.03387385
724 0.0348204
725 0.03655221
726 0.04280495
727 0.03414771
728 0.03446353
729 0.0451412
730 0.03509367
731 0.04525465
732 0.03344459
733 0.03539856
734 0.0403009
735 0.0358547
736 0.0350662
737 0.03806953
738 0.04298487
739 0.03826067
740 0.04796786
741 0.0421494
742 0.04247023
743 0.03635279
744 0.03198252
745 0.03699564
746 0.04188558
747 0.03824649
748 0.03884326
749 0.04752295
750 0.03614215
751 0.03602043
752 0.03245786
753 0.03138486
754 0.04694184
755 0.03476486
756 0.03802521
757 0.05454115
758 0.04280052
759 0.03713627
760 0.05163354
761 0.04064567
762 0.04212458
763 0.0356089
764 0.04878532
765 0.05674653
766 0.0415287
767 0.04697818
768 0.05729721
769 0.04659885
770 0.05308321
771 0.03845299
772 0.0436939
773 0.05604607
774 0.05325811
775 0.04376864
776 0.05276563
777 0.04194673
778 0.03047465
779 0.045335
780 0.04808899
781 0.03950324
782 0.05068994
783 0.04167376
784 0.04476512
785 0.04573176
786 0.05386226
787 0.05203799
788 0.06447524
789 0.05249206
790 0.05037649
791 0.05521
792 0.07076609
793 0.0431701
794 0.05825764
795 0.03835196
796 0.06110853
797 0.03537285
798 0.05124624
799 0.05809486
800 0.05888159
801 0.06276618
802 0.0411668
803 0.07080036
804 0.06314876
805 0.05514708
806 0.04780804
807 0.05800033
808 0.03853542
809 0.04826152
810 0.05417718
811 0.05755364
812 0.06612107
813 0.06974362
814 0.04701599
815 0.06126984
816 0.07606342
817 0.06670365
818 0.12722871
819 0.23134457
820 0.25049927
821 0.24934592
822 0.25255339
823 0.20964858
824 0.10265614
825 0.07661292
826 0.07031911
827 0.07929394
828 0.039435
829 0.06026301
830 0.04998121
831 0.07515528
832 0.0693117
833 0.06030172
834 0.07880412
835 0.07237766
836 0.05142615
837 0.06740737
838 0.06877609
839 0.06772761
840 0.05840477
841 0.06916517
842 0.06337742
843 0.07668176
844 0.07005854
845 0.06231004
846 0.03850115
847 0.06868864
848 0.08200981
849 0.07112799
850 0.05358987
851 0.02906043
852 0.07269199
853 0.05237714
854 0.06983461
855 0.06762864
856 0.05147874
857 0.06941923
858 0.08576264
859 0.1138393
860 0.0358869
861 0.06908245
862 0.07449706
863 0.07684513
864 0.07802005
865 0.07024939
866 0.07467964
867 0.06377625
868 0.07234398
869 0.0884153
870 0.08681644
871 0.08923954
872 0.06316796
873 0.07903337
874 0.07201044
875 0.08659103
876 0.05213252
877 0.07591985
878 0.07782418
879 0.09017073
880 0.07928419
881 0.07558808
882 0.09872605
883 0.11265049
884 0.06155788
885 0.06849277
886 0.07627347
887 0.05208821
888 0.10722406
889 0.06489711
890 0.06380166
891 0.07728
892 0.03501745
893 0.03538083
894 0.0688399
895 0.05247433
896 0.05283239
897 0.07561556
898 0.0987039
899 0.07678457
900 0.03758118
901 0.0
902 0.0
903 0.0
904 0.0
905 0.0
906 0.0
907 0.0
908 0.0
909 0.0
910 0.0
911 0.0
912 0.0
913 0.0
914 0.0
915 0.0
916 0.0
917 0.0
918 0.0
919 0.0
920 0.0
921 0.0
922 0.0
923 0.0
924 0.0
925 0.0
926 0.0
927 0.0
928 0.0
929 0.0
930 0.0
931 0.0
932 0.0
933 0.0
934 0.0
935 0.0
936 0.0
937 0.0
938 0.0
939 0.0
940 0.0
941 0.0
942 0.0
943 0.0
944 0.0
945 0.0
946 0.0
947 0.0
948 0.0
949 0.0
950 0.0
951 0.0
952 0.0
953 0.0
954 0.0
955 0.0
956 0.0
957 0.0
958 0.0
959 0.0
960 0.0
961 0.0
962 0.0
963 0.0
964 0.0
965 0.0
966 0.0
967 0.0
968 0.0
969 0.0
970 0.0
971 0.0
972 0.0
973 0.0
974 0.0
975 0.0
976 0.0
977 0.0
978 0.0
979 0.0
980 0.0
981 0.0
982 0.0
983 0.0
984 0.0
985 0.0
986 0.0
987 0.0
988 0.0
989 0.0
990 0.0
991 0.0
992 0.0
993 0.0
994 0.0
995 0.0
996 0.0
997 0.0
998 0.0
999 0.0
1000 0.0
1001 0.0
1002 0.0
1003 0.0
1004 0.0
1005 0.0
1006 0.0
1007 0.0
1008 0.0
1009 0.0
1010 0.0
1011 0.0
1012 0.0
1013 0.0
1014 0.0
1015 0.0
1016 0.0
1017 0.0
1018 0.0
1019 0.0
1020 0.0
1021 0.0
1022 0.0
1023 0.0
1024 0.0
1025 0.0
1026 0.0
1027 0.0
1028 0.0
1029 0.0
1030 0.0
1031 0.0
1032 0.0
1033 0.0
1034 0.0
1035 0.0
1036 0.0
1037 0.0
1038 0.0
1039 0.0
1040 0.0
1041 0.0
1042 0.0
1043 0.0
1044 0.0
1045 0.0
1046 0.0
1047 0.0
1048 0.0
1049 0.0
1050 0.0
1051 0.0
1052 0.0
1053 0.0
1054 0.0
1055 0.0
1056 0.0
1057 0.0
1058 0.0
1059 0.0
1060 0.0
1061 0.0
1062 0.0
1063 0.0
1064 0.0
1065 0.0
1066 0.0
1067 0.0
1068 0.0
1069 0.0
1070 0.0
1071 0.0
1072 0.0
1073 0.0
1074 0.0
1075 0.0
1076 0.0
1077 0.0
1078 0.0
1079 0.0
1080 0.0
1081 0.0
1082 0.0
1083 0.0
1084 0.0
1085 0.0
1086 0.0
1087 0.0
1088 0.0
1089 0.0
1090 0.0
1091 0.0
1092 0.0
1093 0.0
1094 0.0
1095 0.0
1096 0.0
1097 0.0
1098 0.0
1099 0.0
1100 0.0
