CMH_Ceramic_Metal_Halide_2691K_SFH_Police
380 0.0
381 0.00394622
382 0.00818513
383 0.0166601
384 0.02481276
385 0.02440904
386 0.01940255
387 0.02292317
388 0.02357939
389 0.0274669
390 0.02753402
391 0.02692726
392 0.02839832
393 0.03193274
394 0.03405295
395 0.03665343
396 0.04137344
397 0.04170382
398 0.03712242
399 0.03782944
400 0.04307446
401 0.04165235
402 0.04095525
403 0.05087437
404 0.05825727
405 0.0766993
406 0.07301382
407 0.06308764
408 0.06108467
409 0.0565978
410 0.06436222
411 0.08268094
412 0.08433705
413 0.09646637
414 0.08871709
415 0.07418259
416 0.0723544
417 0.0920944
418 0.09156182
419 0.08934185
420 0.08552416
421 0.09615029
422 0.11954346
423 0.13044817
424 0.11145136
425 0.09698869
426 0.09236977
427 0.08415369
428 0.0821408
429 0.09088138
430 0.08947946
431 0.09316392
432 0.0846247
433 0.08318795
434 0.08177492
435 0.11019646
436 0.18639716
437 0.15024519
438 0.12623987
439 0.10834371
440 0.10278193
441 0.10424542
442 0.09939588
443 0.10786513
444 0.10683177
445 0.11022169
446 0.11069421
447 0.10246972
448 0.09934138
449 0.10176825
450 0.10026859
451 0.10347297
452 0.10672058
453 0.11056199
454 0.10990712
455 0.11345584
456 0.11595522
457 0.11026929
458 0.11260096
459 0.11218731
460 0.11170537
461 0.11444647
462 0.11433394
463 0.11174053
464 0.11925178
465 0.11647148
466 0.11106732
467 0.12102243
468 0.12732454
469 0.13514396
470 0.141241
471 0.14334625
472 0.14081222
473 0.13063051
474 0.1155594
475 0.1123525
476 0.11159569
477 0.10132332
478 0.10251648
479 0.09765802
480 0.09371551
481 0.08923133
482 0.09185233
483 0.09218204
484 0.08934387
485 0.08583822
486 0.09158066
487 0.09189388
488 0.09578677
489 0.09410224
490 0.09578408
491 0.09484341
492 0.10205775
493 0.10659643
494 0.11975777
495 0.1136328
496 0.11977914
497 0.13466218
498 0.17027586
499 0.19432844
500 0.18278805
501 0.1586855
502 0.14604547
503 0.1339841
504 0.13675649
505 0.1282213
506 0.1186689
507 0.1154509
508 0.1141531
509 0.11095058
510 0.10553515
511 0.10648036
512 0.1103963
513 0.11648897
514 0.11324203
515 0.13123812
516 0.1400327
517 0.13589572
518 0.1423472
519 0.14366872
520 0.13832563
521 0.13627842
522 0.14792076
523 0.14948282
524 0.14651765
525 0.13081387
526 0.1269886
527 0.12458965
528 0.12319227
529 0.12391241
530 0.13865718
531 0.14693853
532 0.16843859
533 0.22031822
534 0.39437174
535 0.451073
536 0.49763831
537 0.70870171
538 0.7609738
539 0.78843414
540 0.71997481
541 0.5595427
542 0.39449808
543 0.29180681
544 0.22326254
545 0.20817006
546 0.40035659
547 0.34860665
548 0.27439007
549 0.22857956
550 0.18467158
551 0.16627144
552 0.16591213
553 0.17054046
554 0.17351909
555 0.17823423
556 0.17833735
557 0.17491917
558 0.17573956
559 0.18746736
560 0.18876112
561 0.18463979
562 0.18905365
563 0.19005925
564 0.20333986
565 0.2221523
566 0.26164995
567 0.32749938
568 0.40918364
569 0.60916032
570 0.60656792
571 0.50733151
572 0.41840078
573 0.33849004
574 0.28966355
575 0.26465162
576 0.26978764
577 0.29055376
578 0.29032414
579 0.31167347
580 0.31155471
581 0.32310537
582 0.34433005
583 0.36937916
584 0.42533874
585 0.49878404
586 0.59158243
587 0.61165785
588 0.46574897
589 0.26119845
590 0.15795695
591 0.12411865
592 0.13639466
593 0.19129212
594 0.2587376
595 0.3199195
596 0.38999405
597 0.4535998
598 0.50849255
599 0.54382883
600 0.58448129
601 0.60556972
602 0.62780236
603 0.64598819
604 0.64999446
605 0.64827527
606 0.64490049
607 0.63382253
608 0.62577349
609 0.61151587
610 0.60579059
611 0.58673844
612 0.57901002
613 0.57644285
614 0.57427755
615 0.57495984
616 0.62635434
617 0.60858535
618 0.57387736
619 0.54984328
620 0.52981362
621 0.49932351
622 0.48778614
623 0.47695041
624 0.46762174
625 0.46577303
626 0.467506
627 0.45084086
628 0.4506242
629 0.4395829
630 0.43871221
631 0.43411634
632 0.42052772
633 0.40410767
634 0.40242129
635 0.39726542
636 0.3956221
637 0.39227525
638 0.39322046
639 0.38160756
640 0.37886881
641 0.373484
642 0.36142163
643 0.35812305
644 0.35416018
645 0.34557133
646 0.34930727
647 0.35496039
648 0.34291669
649 0.33789876
650 0.31723845
651 0.30643787
652 0.3048001
653 0.29909097
654 0.30544118
655 0.31721002
656 0.335015
657 0.32487098
658 0.32674526
659 0.30702108
660 0.31501192
661 0.31552751
662 0.28411036
663 0.2944591
664 0.27470985
665 0.25892079
666 0.26262443
667 0.27114011
668 0.27698331
669 0.28213683
670 0.30304509
671 0.30620876
672 0.30737938
673 0.3021426
674 0.29409003
675 0.29340942
676 0.27347615
677 0.26612437
678 0.2540884
679 0.24588325
680 0.22987752
681 0.22274745
682 0.20526309
683 0.21042316
684 0.19260186
685 0.18437871
686 0.17071272
687 0.16655943
688 0.1517938
689 0.15124171
690 0.15252605
691 0.1456039
692 0.14128575
693 0.1371878
694 0.13776412
695 0.13475235
696 0.13363488
697 0.12619832
698 0.12330161
699 0.12338606
700 0.12083924
701 0.12137367
702 0.12404362
703 0.11805541
704 0.11274848
705 0.11286826
706 0.1115067
707 0.11309451
708 0.10644773
709 0.10980451
710 0.10598395
711 0.10627514
712 0.1091234
713 0.10568823
714 0.10332275
715 0.10941374
716 0.10536727
717 0.10390663
718 0.09875514
719 0.09506091
720 0.10191847
721 0.10572961
722 0.10221924
723 0.10083835
724 0.10185791
725 0.09710863
726 0.10118992
727 0.09303675
728 0.0959057
729 0.09319959
730 0.09686101
731 0.0999769
732 0.09708524
733 0.09846362
734 0.09555278
735 0.0926184
736 0.09486359
737 0.09784761
738 0.09834519
739 0.095613
740 0.09499094
741 0.09834906
742 0.0972829
743 0.09472801
744 0.095143
745 0.09412293
746 0.09139108
747 0.08998798
748 0.09225942
749 0.09026486
750 0.08542861
751 0.09657554
752 0.09423244
753 0.07562203
754 0.09556456
755 0.10416821
756 0.11062541
757 0.09983812
758 0.1006348
759 0.0972935
760 0.10613282
761 0.093317
762 0.09408189
763 0.10104122
764 0.09566061
765 0.08749449
766 0.14852684
767 0.17103486
768 0.12697229
769 0.13858653
770 0.17354853
771 0.12841862
772 0.11112418
773 0.09832753
774 0.09688136
775 0.09134364
776 0.07962224
777 0.06727911
778 0.077137
779 0.07322476
780 0.06425523
781 0.0783448
782 0.08278827
783 0.07961518
784 0.08018947
785 0.07827701
786 0.07045018
787 0.0702675
788 0.0647397
789 0.07111262
790 0.07397754
791 0.06289721
792 0.07263028
793 0.07330382
794 0.06454003
795 0.06646948
796 0.06832088
797 0.0691899
798 0.06986748
799 0.07444148
800 0.07146706
801 0.07435889
802 0.06670028
803 0.06260485
804 0.07297849
805 0.07122297
806 0.06706665
807 0.0693164
808 0.07006883
809 0.07561261
810 0.0955691
811 0.07773703
812 0.08519596
813 0.08418885
814 0.11298533
815 0.13510443
816 0.15414632
817 0.30356421
818 0.63606318
819 0.83182804
820 0.96888177
821 1.0
822 0.80382537
823 0.65175351
824 0.50885438
825 0.40640704
826 0.29467038
827 0.26238102
828 0.22120843
829 0.18095532
830 0.15243168
831 0.14134967
832 0.13785781
833 0.11544383
834 0.11653287
835 0.10217517
836 0.09842341
837 0.09781766
838 0.10016699
839 0.08626162
840 0.07365103
841 0.0699785
842 0.07260656
843 0.06004408
844 0.07004696
845 0.05036265
846 0.06373056
847 0.07230764
848 0.07407056
849 0.05866284
850 0.05430769
851 0.06070063
852 0.05236932
853 0.04121179
854 0.05851094
855 0.06663013
856 0.04903828
857 0.06060592
858 0.06960623
859 0.05081852
860 0.0597613
861 0.05912527
862 0.05026677
863 0.04692176
864 0.06068095
865 0.07205666
866 0.0600609
867 0.06311354
868 0.06199557
869 0.06332768
870 0.06800396
871 0.05451964
872 0.05696334
873 0.06911134
874 0.0553572
875 0.03602278
876 0.05730634
877 0.04428243
878 0.04194555
879 0.05542987
880 0.04200947
881 0.0559172
882 0.02884611
883 0.0446589
884 0.01695818
885 0.06551973
886 0.03059373
887 0.04224901
888 0.05148399
889 0.06089408
890 0.06092015
891 0.05649822
892 0.03328167
893 0.0441058
894 0.04247459
895 0.03734766
896 0.02299248
897 0.06257373
898 0.05380724
899 0.01651829
900 0.06145559
901 0.0
902 0.0
903 0.0
904 0.0
905 0.0
906 0.0
907 0.0
908 0.0
909 0.0
910 0.0
911 0.0
912 0.0
913 0.0
914 0.0
915 0.0
916 0.0
917 0.0
918 0.0
919 0.0
920 0.0
921 0.0
922 0.0
923 0.0
924 0.0
925 0.0
926 0.0
927 0.0
928 0.0
929 0.0
930 0.0
931 0.0
932 0.0
933 0.0
934 0.0
935 0.0
936 0.0
937 0.0
938 0.0
939 0.0
940 0.0
941 0.0
942 0.0
943 0.0
944 0.0
945 0.0
946 0.0
947 0.0
948 0.0
949 0.0
950 0.0
951 0.0
952 0.0
953 0.0
954 0.0
955 0.0
956 0.0
957 0.0
958 0.0
959 0.0
960 0.0
961 0.0
962 0.0
963 0.0
964 0.0
965 0.0
966 0.0
967 0.0
968 0.0
969 0.0
970 0.0
971 0.0
972 0.0
973 0.0
974 0.0
975 0.0
976 0.0
977 0.0
978 0.0
979 0.0
980 0.0
981 0.0
982 0.0
983 0.0
984 0.0
985 0.0
986 0.0
987 0.0
988 0.0
989 0.0
990 0.0
991 0.0
992 0.0
993 0.0
994 0.0
995 0.0
996 0.0
997 0.0
998 0.0
999 0.0
1000 0.0
1001 0.0
1002 0.0
1003 0.0
1004 0.0
1005 0.0
1006 0.0
1007 0.0
1008 0.0
1009 0.0
1010 0.0
1011 0.0
1012 0.0
1013 0.0
1014 0.0
1015 0.0
1016 0.0
1017 0.0
1018 0.0
1019 0.0
1020 0.0
1021 0.0
1022 0.0
1023 0.0
1024 0.0
1025 0.0
1026 0.0
1027 0.0
1028 0.0
1029 0.0
1030 0.0
1031 0.0
1032 0.0
1033 0.0
1034 0.0
1035 0.0
1036 0.0
1037 0.0
1038 0.0
1039 0.0
1040 0.0
1041 0.0
1042 0.0
1043 0.0
1044 0.0
1045 0.0
1046 0.0
1047 0.0
1048 0.0
1049 0.0
1050 0.0
1051 0.0
1052 0.0
1053 0.0
1054 0.0
1055 0.0
1056 0.0
1057 0.0
1058 0.0
1059 0.0
1060 0.0
1061 0.0
1062 0.0
1063 0.0
1064 0.0
1065 0.0
1066 0.0
1067 0.0
1068 0.0
1069 0.0
1070 0.0
1071 0.0
1072 0.0
1073 0.0
1074 0.0
1075 0.0
1076 0.0
1077 0.0
1078 0.0
1079 0.0
1080 0.0
1081 0.0
1082 0.0
1083 0.0
1084 0.0
1085 0.0
1086 0.0
1087 0.0
1088 0.0
1089 0.0
1090 0.0
1091 0.0
1092 0.0
1093 0.0
1094 0.0
1095 0.0
1096 0.0
1097 0.0
1098 0.0
1099 0.0
1100 0.0
