MH_Metal_Halide_5106K_Madrid_Paraninfo_UCM
380 0.31789099
381 0.20805134
382 0.12871649
383 0.09983498
384 0.09681233
385 0.10585595
386 0.1025965
387 0.09606114
388 0.11282534
389 0.15554284
390 0.1326482
391 0.10094889
392 0.10290914
393 0.0822614
394 0.09304039
395 0.1189417
396 0.1200363
397 0.10992312
398 0.09102315
399 0.08185313
400 0.10752956
401 0.09197466
402 0.0816664
403 0.0872462
404 0.14793244
405 0.22875131
406 0.18391974
407 0.11969051
408 0.10997057
409 0.12404217
410 0.1924547
411 0.24241893
412 0.17503041
413 0.1590887
414 0.16591738
415 0.12695942
416 0.11881937
417 0.15674737
418 0.15563203
419 0.20426247
420 0.23114987
421 0.22475688
422 0.24703172
423 0.20302265
424 0.13344995
425 0.11178464
426 0.10606414
427 0.09242132
428 0.0726192
429 0.06868534
430 0.06365952
431 0.0670797
432 0.06215475
433 0.05497932
434 0.05231009
435 0.10159253
436 0.23298898
437 0.17665036
438 0.10416398
439 0.07843914
440 0.07260632
441 0.06885132
442 0.06160435
443 0.05437098
444 0.05544268
445 0.06266389
446 0.05685206
447 0.04982925
448 0.0501221
449 0.05114133
450 0.0469628
451 0.04751296
452 0.05190898
453 0.05399872
454 0.05143966
455 0.05580134
456 0.05509021
457 0.06099792
458 0.05994482
459 0.06551627
460 0.0694208
461 0.07266737
462 0.0707479
463 0.05644689
464 0.06250793
465 0.05362885
466 0.05139555
467 0.05335794
468 0.06406611
469 0.06326532
470 0.05359308
471 0.0494744
472 0.04994563
473 0.06114172
474 0.05959879
475 0.05079006
476 0.05007059
477 0.04516304
478 0.0485322
479 0.04697997
480 0.04321162
481 0.04161575
482 0.04193292
483 0.04662727
484 0.04232426
485 0.03965002
486 0.04131194
487 0.03922625
488 0.04505716
489 0.05016836
490 0.04367378
491 0.04253936
492 0.04454921
493 0.04725636
494 0.05334626
495 0.04910882
496 0.05196621
497 0.05122122
498 0.06834194
499 0.06469425
500 0.05707145
501 0.04648419
502 0.04492266
503 0.04738538
504 0.05727034
505 0.05738075
506 0.05981246
507 0.06422136
508 0.05833131
509 0.04655525
510 0.03968984
511 0.04253912
512 0.04929364
513 0.05371852
514 0.04750128
515 0.04380947
516 0.04348777
517 0.04376821
518 0.05081057
519 0.04960986
520 0.04446694
521 0.04409492
522 0.04825986
523 0.04760096
524 0.04272227
525 0.03561552
526 0.03550296
527 0.03544883
528 0.036397
529 0.03716369
530 0.05710555
531 0.07774733
532 0.06643678
533 0.07552834
534 0.15169912
535 0.73076402
536 1.0
537 0.7213045
538 0.53293675
539 0.3797703
540 0.24987218
541 0.16085817
542 0.09578117
543 0.06489862
544 0.0466752
545 0.06092566
546 0.22461093
547 0.20635222
548 0.11613082
549 0.07357262
550 0.04596741
551 0.03631902
552 0.03093906
553 0.0359978
554 0.03706663
555 0.03765256
556 0.0372307
557 0.03728293
558 0.03352316
559 0.02933056
560 0.02706244
561 0.02782722
562 0.03132849
563 0.05289817
564 0.06663543
565 0.05732352
566 0.05236685
567 0.05743059
568 0.10792113
569 0.14094183
570 0.10084014
571 0.0674274
572 0.04761002
573 0.03434541
574 0.03300734
575 0.0331478
576 0.05849609
577 0.11639576
578 0.0918559
579 0.11666786
580 0.0940074
581 0.05755484
582 0.04425303
583 0.0350823
584 0.03171601
585 0.03465233
586 0.05333004
587 0.06209728
588 0.1780025
589 0.56462677
590 0.78289693
591 0.65397273
592 0.47391864
593 0.32112135
594 0.2169867
595 0.16520673
596 0.1364249
597 0.1368377
598 0.14702981
599 0.13656608
600 0.10227408
601 0.09051997
602 0.07269241
603 0.06564218
604 0.0553139
605 0.04898625
606 0.04694086
607 0.04554961
608 0.05325063
609 0.06020022
610 0.0604065
611 0.06137351
612 0.04936757
613 0.04947631
614 0.04640907
615 0.04372672
616 0.05966867
617 0.05833226
618 0.04642099
619 0.0423233
620 0.03237634
621 0.03170861
622 0.03087443
623 0.02976482
624 0.02837523
625 0.03311871
626 0.05632575
627 0.04385049
628 0.03688754
629 0.03168095
630 0.03534986
631 0.03331449
632 0.02802778
633 0.02887794
634 0.02583478
635 0.02837523
636 0.02589296
637 0.02695966
638 0.03411386
639 0.0281153
640 0.02997563
641 0.02732738
642 0.03027324
643 0.03143771
644 0.02582166
645 0.02535688
646 0.03734756
647 0.03299804
648 0.02635608
649 0.02749193
650 0.02086451
651 0.02523597
652 0.02278446
653 0.02534805
654 0.02643811
655 0.06402939
656 0.05816414
657 0.04058459
658 0.04635923
659 0.0378443
660 0.05324443
661 0.05932717
662 0.0453636
663 0.04384596
664 0.03617212
665 0.0293525
666 0.0330288
667 0.03348143
668 0.02888366
669 0.03079145
670 0.07756776
671 0.18515455
672 0.12478263
673 0.08178826
674 0.06008265
675 0.04298769
676 0.02828127
677 0.0317544
678 0.03701989
679 0.03656226
680 0.02783914
681 0.02791307
682 0.0250967
683 0.03518866
684 0.04700406
685 0.05137146
686 0.03823205
687 0.02563231
688 0.02117381
689 0.01736206
690 0.01776174
691 0.02262373
692 0.02570242
693 0.02104552
694 0.02291133
695 0.02288486
696 0.02192548
697 0.02305608
698 0.01924957
699 0.02450648
700 0.02375338
701 0.02162381
702 0.02185346
703 0.02115879
704 0.01620379
705 0.01814258
706 0.01984647
707 0.01296413
708 0.01918113
709 0.01625506
710 0.02013645
711 0.01534648
712 0.01447843
713 0.01243424
714 0.00818178
715 0.01863479
716 0.01513257
717 0.01226421
718 0.0187018
719 0.01396142
720 0.00835635
721 0.01132534
722 0.01520864
723 0.01628726
724 0.01034068
725 0.0158456
726 0.0194475
727 0.01266985
728 0.01908884
729 0.01761746
730 0.01304831
731 0.01703225
732 0.00803417
733 0.01741142
734 0.01155976
735 0.01507986
736 0.02092676
737 0.01617589
738 0.02327786
739 0.01837509
740 0.0154991
741 0.01775029
742 0.02224647
743 0.02399448
744 0.01608217
745 0.01172812
746 0.01225324
747 0.01687915
748 0.02355998
749 0.03006243
750 0.01750538
751 0.01940625
752 0.01135038
753 0.00885309
754 0.01795275
755 0.02615242
756 0.04262664
757 0.03202388
758 0.02305465
759 0.02157302
760 0.01194799
761 0.00810428
762 0.00315047
763 0.01040746
764 0.01281628
765 0.01887135
766 0.0319924
767 0.04310263
768 0.03504867
769 0.03883849
770 0.04391845
771 0.03062857
772 0.03991687
773 0.02504829
774 0.01614131
775 0.02650441
776 0.02304225
777 0.00916382
778 0.01045873
779 0.01647064
780 0.01578646
781 0.02362556
782 0.01534886
783 0.02870933
784 0.01242208
785 0.02384162
786 0.01306119
787 0.01300515
788 0.01758741
789 0.0
790 0.0
791 0.01493964
792 0.02144973
793 0.02503017
794 0.03445559
795 0.02484368
796 0.0202514
797 0.01085197
798 0.0
799 0.00576748
800 0.02033463
801 0.00405858
802 0.02608183
803 0.0230661
804 0.01532907
805 0.01947421
806 0.0081608
807 0.01713622
808 0.01879242
809 0.01567152
810 0.02791713
811 0.024056
812 0.02672834
813 0.02869693
814 0.00017146
815 0.00320866
816 0.00381152
817 0.01367406
818 0.18960638
819 0.40459347
820 0.39673196
821 0.2257277
822 0.12420481
823 0.06157407
824 0.00859291
825 0.01809274
826 0.02471991
827 0.01629632
828 0.01115316
829 0.0
830 0.02334297
831 0.0
832 0.03329804
833 0.00340278
834 0.00150524
835 0.02370425
836 0.00868568
837 0.01765705
838 0.01440809
839 9.324e-05
840 0.00423886
841 0.01368432
842 0.0
843 0.00165191
844 0.02087119
845 0.00128084
846 0.0197227
847 0.01289903
848 0.0
849 0.0
850 0.01197136
851 0.01709616
852 0.00363958
853 0.0158673
854 0.01306071
855 0.0
856 0.01254752
857 0.0
858 0.00373735
859 0.01058726
860 0.0
861 0.00606152
862 0.0
863 0.0
864 0.01800403
865 0.04126019
866 0.02613263
867 0.0
868 0.01043846
869 0.02865687
870 0.0
871 0.01379998
872 0.01266246
873 0.00736406
874 0.0
875 0.0104852
876 0.0
877 0.01898391
878 0.02221713
879 0.01747032
880 0.01121636
881 0.00076788
882 0.0
883 0.03793969
884 0.01123854
885 0.0
886 0.0
887 0.00680651
888 0.01836555
889 0.00678266
890 0.0
891 0.0
892 0.01886706
893 0.0
894 0.0
895 0.02899264
896 0.0
897 0.01680808
898 0.00544912
899 0.01897247
900 0.01859353
901 0.0
902 0.0
903 0.0
904 0.0
905 0.0
906 0.0
907 0.0
908 0.0
909 0.0
910 0.0
911 0.0
912 0.0
913 0.0
914 0.0
915 0.0
916 0.0
917 0.0
918 0.0
919 0.0
920 0.0
921 0.0
922 0.0
923 0.0
924 0.0
925 0.0
926 0.0
927 0.0
928 0.0
929 0.0
930 0.0
931 0.0
932 0.0
933 0.0
934 0.0
935 0.0
936 0.0
937 0.0
938 0.0
939 0.0
940 0.0
941 0.0
942 0.0
943 0.0
944 0.0
945 0.0
946 0.0
947 0.0
948 0.0
949 0.0
950 0.0
951 0.0
952 0.0
953 0.0
954 0.0
955 0.0
956 0.0
957 0.0
958 0.0
959 0.0
960 0.0
961 0.0
962 0.0
963 0.0
964 0.0
965 0.0
966 0.0
967 0.0
968 0.0
969 0.0
970 0.0
971 0.0
972 0.0
973 0.0
974 0.0
975 0.0
976 0.0
977 0.0
978 0.0
979 0.0
980 0.0
981 0.0
982 0.0
983 0.0
984 0.0
985 0.0
986 0.0
987 0.0
988 0.0
989 0.0
990 0.0
991 0.0
992 0.0
993 0.0
994 0.0
995 0.0
996 0.0
997 0.0
998 0.0
999 0.0
1000 0.0
1001 0.0
1002 0.0
1003 0.0
1004 0.0
1005 0.0
1006 0.0
1007 0.0
1008 0.0
1009 0.0
1010 0.0
1011 0.0
1012 0.0
1013 0.0
1014 0.0
1015 0.0
1016 0.0
1017 0.0
1018 0.0
1019 0.0
1020 0.0
1021 0.0
1022 0.0
1023 0.0
1024 0.0
1025 0.0
1026 0.0
1027 0.0
1028 0.0
1029 0.0
1030 0.0
1031 0.0
1032 0.0
1033 0.0
1034 0.0
1035 0.0
1036 0.0
1037 0.0
1038 0.0
1039 0.0
1040 0.0
1041 0.0
1042 0.0
1043 0.0
1044 0.0
1045 0.0
1046 0.0
1047 0.0
1048 0.0
1049 0.0
1050 0.0
1051 0.0
1052 0.0
1053 0.0
1054 0.0
1055 0.0
1056 0.0
1057 0.0
1058 0.0
1059 0.0
1060 0.0
1061 0.0
1062 0.0
1063 0.0
1064 0.0
1065 0.0
1066 0.0
1067 0.0
1068 0.0
1069 0.0
1070 0.0
1071 0.0
1072 0.0
1073 0.0
1074 0.0
1075 0.0
1076 0.0
1077 0.0
1078 0.0
1079 0.0
1080 0.0
1081 0.0
1082 0.0
1083 0.0
1084 0.0
1085 0.0
1086 0.0
1087 0.0
1088 0.0
1089 0.0
1090 0.0
1091 0.0
1092 0.0
1093 0.0
1094 0.0
1095 0.0
1096 0.0
1097 0.0
1098 0.0
1099 0.0
1100 0.0
