MH_Metal_Halide_6075K_Madrid_Picasso_Tower
380 0.27484287
381 0.27487054
382 0.27884573
383 0.27880133
384 0.31299458
385 0.35365159
386 0.35368248
387 0.34954645
388 0.3609769
389 0.42363998
390 0.41688043
391 0.39200236
392 0.379152
393 0.36563066
394 0.41976027
395 0.44819495
396 0.4486148
397 0.46903981
398 0.43969176
399 0.44196405
400 0.46015263
401 0.44960786
402 0.4262826
403 0.4730728
404 0.56125567
405 0.69532487
406 0.64445127
407 0.57075315
408 0.57830232
409 0.58778976
410 0.60178363
411 0.63460793
412 0.61368013
413 0.69095634
414 0.71686687
415 0.64898816
416 0.60298716
417 0.65330442
418 0.65078471
419 0.65518837
420 0.70483972
421 0.71151788
422 0.76642068
423 0.74059744
424 0.64451096
425 0.58270524
426 0.53186642
427 0.49786533
428 0.45615813
429 0.43912178
430 0.47183178
431 0.47490489
432 0.45610029
433 0.43101302
434 0.4531101
435 0.63973926
436 0.99870913
437 0.86163621
438 0.60100138
439 0.51766199
440 0.47569133
441 0.44304163
442 0.40594836
443 0.37570591
444 0.37175198
445 0.39997989
446 0.3959995
447 0.39750954
448 0.41997913
449 0.42056361
450 0.38728008
451 0.38114774
452 0.41660701
453 0.45155544
454 0.43570441
455 0.43493756
456 0.52076274
457 0.49543566
458 0.44035349
459 0.45929935
460 0.49806973
461 0.513982
462 0.51811749
463 0.47768943
464 0.50390952
465 0.50353547
466 0.46089306
467 0.4605392
468 0.48946945
469 0.48354927
470 0.44433818
471 0.42655616
472 0.45111192
473 0.46861594
474 0.44887677
475 0.42942253
476 0.43367213
477 0.41611316
478 0.44738123
479 0.44863056
480 0.41914366
481 0.40229686
482 0.39455493
483 0.41569196
484 0.40479607
485 0.38408369
486 0.36791088
487 0.37094973
488 0.40790207
489 0.43115849
490 0.40075474
491 0.39196228
492 0.41384987
493 0.41629966
494 0.41880781
495 0.4172464
496 0.44508725
497 0.43477787
498 0.4385883
499 0.43341456
500 0.44373974
501 0.43604573
502 0.44267988
503 0.46365245
504 0.50866385
505 0.51369838
506 0.48689277
507 0.53408907
508 0.5056188
509 0.45193212
510 0.39701706
511 0.41206407
512 0.4420754
513 0.44226777
514 0.4294203
515 0.41941252
516 0.41670792
517 0.42890788
518 0.43323539
519 0.44296411
520 0.39992908
521 0.39864424
522 0.4242999
523 0.41636782
524 0.40425211
525 0.38339619
526 0.39099892
527 0.39296011
528 0.39780027
529 0.40888622
530 0.45141556
531 0.48717164
532 0.44982919
533 0.43343569
534 0.42812799
535 0.43440628
536 0.44434899
537 0.42021977
538 0.42290252
539 0.42322359
540 0.4344305
541 0.45088481
542 0.45046909
543 0.44895509
544 0.43130336
545 0.49262163
546 0.95899674
547 1.0
548 0.69702616
549 0.57426682
550 0.48064624
551 0.44134101
552 0.41545639
553 0.41892703
554 0.41478129
555 0.43325378
556 0.44101337
557 0.44236318
558 0.42955567
559 0.41383224
560 0.41551711
561 0.41910013
562 0.42688877
563 0.47306217
564 0.49476443
565 0.48937056
566 0.48128976
567 0.48547945
568 0.53376735
569 0.49819476
570 0.46837834
571 0.454862
572 0.44288906
573 0.43397843
574 0.43734791
575 0.45834203
576 0.58789025
577 0.88516029
578 0.76447669
579 0.89208846
580 0.78937105
581 0.60795292
582 0.51788551
583 0.4592004
584 0.44095192
585 0.43431142
586 0.47061998
587 0.46301568
588 0.45967875
589 0.55791078
590 0.59630126
591 0.49112959
592 0.4821395
593 0.47917645
594 0.45920977
595 0.46387673
596 0.444262
597 0.48069745
598 0.5394977
599 0.52737436
600 0.46130118
601 0.4788051
602 0.45176244
603 0.42399863
604 0.40010598
605 0.38949913
606 0.37987377
607 0.36998685
608 0.38203629
609 0.40535392
610 0.42712903
611 0.44759893
612 0.40344014
613 0.39686999
614 0.38534216
615 0.35275291
616 0.38686882
617 0.38474247
618 0.36919974
619 0.36578229
620 0.36802892
621 0.39086361
622 0.39489652
623 0.3691027
624 0.35005258
625 0.33266724
626 0.39333697
627 0.34943801
628 0.32185202
629 0.30772896
630 0.30677114
631 0.3210317
632 0.28083815
633 0.28805101
634 0.28133597
635 0.29752616
636 0.30228013
637 0.30095906
638 0.30307568
639 0.27954794
640 0.27754537
641 0.27203019
642 0.28030536
643 0.28144067
644 0.27500953
645 0.26419783
646 0.31455668
647 0.31426121
648 0.27776388
649 0.27223398
650 0.24074385
651 0.23530429
652 0.23161702
653 0.22051621
654 0.22912068
655 0.25493578
656 0.26328702
657 0.23529771
658 0.26682172
659 0.25777411
660 0.2936659
661 0.35171406
662 0.26511095
663 0.28613641
664 0.25610637
665 0.23755283
666 0.25354936
667 0.26614805
668 0.25711788
669 0.26196446
670 0.33789992
671 0.52579619
672 0.51094621
673 0.47063454
674 0.33705004
675 0.29172025
676 0.23649339
677 0.2356596
678 0.27744233
679 0.2731411
680 0.22451045
681 0.20606685
682 0.21529468
683 0.23412876
684 0.28921489
685 0.3412052
686 0.28401521
687 0.23165027
688 0.20261656
689 0.19709226
690 0.20004045
691 0.19126541
692 0.18427557
693 0.17490211
694 0.20268981
695 0.22510981
696 0.23300808
697 0.3564073
698 0.42433342
699 0.32901601
700 0.26656604
701 0.21645154
702 0.18312004
703 0.15807515
704 0.14292951
705 0.13565368
706 0.13145393
707 0.12492717
708 0.12384402
709 0.11567717
710 0.12380058
711 0.11962805
712 0.11970931
713 0.11821162
714 0.11852804
715 0.11306926
716 0.11301406
717 0.11029914
718 0.11358093
719 0.11676146
720 0.12882707
721 0.12135873
722 0.14055437
723 0.15890119
724 0.1629032
725 0.16412189
726 0.15177137
727 0.16502882
728 0.17366043
729 0.17143511
730 0.16713663
731 0.14671172
732 0.14097956
733 0.12320626
734 0.11189011
735 0.11467193
736 0.11027323
737 0.10491777
738 0.1092874
739 0.10578926
740 0.09939268
741 0.10360786
742 0.10426102
743 0.09967089
744 0.09751795
745 0.09762446
746 0.09253055
747 0.0902272
748 0.11568123
749 0.15635181
750 0.12707136
751 0.11291375
752 0.1026464
753 0.0957129
754 0.11428583
755 0.16246554
756 0.24485671
757 0.19272009
758 0.15601155
759 0.154514
760 0.13879333
761 0.15427941
762 0.15663236
763 0.15844762
764 0.1390568
765 0.13925536
766 0.1871337
767 0.25111017
768 0.17681407
769 0.17181956
770 0.21544001
771 0.17098293
772 0.16621346
773 0.16335376
774 0.14980907
775 0.11041274
776 0.11349551
777 0.09669801
778 0.10648252
779 0.09207126
780 0.09150346
781 0.09774594
782 0.1330221
783 0.11706493
784 0.09982263
785 0.08380045
786 0.10763787
787 0.08176676
788 0.08734533
789 0.08048084
790 0.08647151
791 0.08023069
792 0.0995284
793 0.14903265
794 0.17500244
795 0.19815451
796 0.15327825
797 0.11948644
798 0.1277657
799 0.13338601
800 0.1228779
801 0.13735081
802 0.22549796
803 0.23481045
804 0.19664484
805 0.1794262
806 0.15522412
807 0.13573467
808 0.1838996
809 0.23180219
810 0.23913662
811 0.20276991
812 0.15160774
813 0.12637691
814 0.10861701
815 0.0960686
816 0.08428157
817 0.05686836
818 0.0760247
819 0.09496654
820 0.11067585
821 0.08803241
822 0.06553042
823 0.07528984
824 0.0652123
825 0.05478858
826 0.06005362
827 0.06945303
828 0.04538905
829 0.05562963
830 0.05573956
831 0.05027186
832 0.07884094
833 0.09007244
834 0.06751319
835 0.06921911
836 0.07258855
837 0.07729416
838 0.06975722
839 0.07444434
840 0.06039863
841 0.08541608
842 0.09057306
843 0.07508187
844 0.07580065
845 0.08388854
846 0.10855414
847 0.12993313
848 0.13527723
849 0.15497666
850 0.20100659
851 0.42543547
852 0.58261213
853 0.72671685
854 0.81860474
855 0.80031648
856 0.70028879
857 0.57550545
858 0.4982352
859 0.43705268
860 0.36777416
861 0.2911615
862 0.25736706
863 0.23114498
864 0.21977013
865 0.16356627
866 0.16313025
867 0.17175896
868 0.16219146
869 0.1620644
870 0.13306562
871 0.14187639
872 0.13365143
873 0.11425131
874 0.11913794
875 0.16218347
876 0.37205371
877 0.40471295
878 0.32610431
879 0.18565834
880 0.13724509
881 0.10835054
882 0.10650989
883 0.09867809
884 0.07612741
885 0.06865351
886 0.09601196
887 0.07773837
888 0.06604306
889 0.0698022
890 0.06975023
891 0.09909446
892 0.13486994
893 0.21946942
894 0.42056585
895 0.60415057
896 0.73499746
897 0.63932315
898 0.5485726
899 0.42178523
900 0.36051595
901 0.0
902 0.0
903 0.0
904 0.0
905 0.0
906 0.0
907 0.0
908 0.0
909 0.0
910 0.0
911 0.0
912 0.0
913 0.0
914 0.0
915 0.0
916 0.0
917 0.0
918 0.0
919 0.0
920 0.0
921 0.0
922 0.0
923 0.0
924 0.0
925 0.0
926 0.0
927 0.0
928 0.0
929 0.0
930 0.0
931 0.0
932 0.0
933 0.0
934 0.0
935 0.0
936 0.0
937 0.0
938 0.0
939 0.0
940 0.0
941 0.0
942 0.0
943 0.0
944 0.0
945 0.0
946 0.0
947 0.0
948 0.0
949 0.0
950 0.0
951 0.0
952 0.0
953 0.0
954 0.0
955 0.0
956 0.0
957 0.0
958 0.0
959 0.0
960 0.0
961 0.0
962 0.0
963 0.0
964 0.0
965 0.0
966 0.0
967 0.0
968 0.0
969 0.0
970 0.0
971 0.0
972 0.0
973 0.0
974 0.0
975 0.0
976 0.0
977 0.0
978 0.0
979 0.0
980 0.0
981 0.0
982 0.0
983 0.0
984 0.0
985 0.0
986 0.0
987 0.0
988 0.0
989 0.0
990 0.0
991 0.0
992 0.0
993 0.0
994 0.0
995 0.0
996 0.0
997 0.0
998 0.0
999 0.0
1000 0.0
1001 0.0
1002 0.0
1003 0.0
1004 0.0
1005 0.0
1006 0.0
1007 0.0
1008 0.0
1009 0.0
1010 0.0
1011 0.0
1012 0.0
1013 0.0
1014 0.0
1015 0.0
1016 0.0
1017 0.0
1018 0.0
1019 0.0
1020 0.0
1021 0.0
1022 0.0
1023 0.0
1024 0.0
1025 0.0
1026 0.0
1027 0.0
1028 0.0
1029 0.0
1030 0.0
1031 0.0
1032 0.0
1033 0.0
1034 0.0
1035 0.0
1036 0.0
1037 0.0
1038 0.0
1039 0.0
1040 0.0
1041 0.0
1042 0.0
1043 0.0
1044 0.0
1045 0.0
1046 0.0
1047 0.0
1048 0.0
1049 0.0
1050 0.0
1051 0.0
1052 0.0
1053 0.0
1054 0.0
1055 0.0
1056 0.0
1057 0.0
1058 0.0
1059 0.0
1060 0.0
1061 0.0
1062 0.0
1063 0.0
1064 0.0
1065 0.0
1066 0.0
1067 0.0
1068 0.0
1069 0.0
1070 0.0
1071 0.0
1072 0.0
1073 0.0
1074 0.0
1075 0.0
1076 0.0
1077 0.0
1078 0.0
1079 0.0
1080 0.0
1081 0.0
1082 0.0
1083 0.0
1084 0.0
1085 0.0
1086 0.0
1087 0.0
1088 0.0
1089 0.0
1090 0.0
1091 0.0
1092 0.0
1093 0.0
1094 0.0
1095 0.0
1096 0.0
1097 0.0
1098 0.0
1099 0.0
1100 0.0
