A_Animal_Firefly_Lampirydae_Ager
380 0.10830161
381 0.0004721
382 0.0
383 0.00606009
384 0.03125177
385 0.0110019
386 0.0
387 0.00306254
388 0.00772443
389 0.00037835
390 0.00473495
391 0.01106724
392 0.0
393 0.00045651
394 0.02008805
395 0.00891638
396 0.0
397 0.02385014
398 0.0
399 0.0
400 0.0
401 0.00130711
402 0.02124012
403 0.0
404 0.01538013
405 0.0
406 0.0
407 0.01166883
408 0.01826294
409 0.01058805
410 0.01066648
411 0.00126148
412 2.953e-05
413 0.0
414 0.00028501
415 0.00090208
416 0.01006696
417 0.00545654
418 0.0
419 0.00258334
420 5.275e-05
421 0.00088685
422 0.06029394
423 0.00911451
424 1.701e-05
425 0.00452612
426 0.0
427 0.01964771
428 0.0
429 0.0118368
430 0.0075077
431 0.0
432 0.0
433 0.00610263
434 0.0
435 0.00544484
436 0.0
437 0.01268187
438 0.00562514
439 0.01555266
440 0.0
441 0.00758586
442 0.0
443 0.00041252
444 0.0
445 0.00488202
446 0.0
447 0.0
448 0.0
449 0.00282393
450 0.0
451 0.00265992
452 0.00416294
453 0.00124295
454 0.00544972
455 0.01217023
456 0.01620342
457 0.00044642
458 0.00637753
459 0.00118666
460 0.00246768
461 0.0
462 0.00412318
463 0.0
464 0.00214949
465 0.0
466 0.00200047
467 0.00168664
468 0.004566
469 0.00284095
470 0.0
471 0.00010956
472 0.0
473 0.00387543
474 0.00604815
475 0.0
476 0.00171937
477 0.0189715
478 0.01131871
479 0.0
480 0.0
481 0.0
482 5.67e-05
483 0.00616315
484 0.01887672
485 0.00678255
486 0.02332557
487 0.00533686
488 1.064e-05
489 0.00553147
490 0.0063345
491 0.01354008
492 0.0182377
493 0.0198064
494 0.01093822
495 0.0307476
496 0.01617292
497 0.02176224
498 0.02986559
499 0.02704774
500 0.03654877
501 0.03628205
502 0.04078873
503 0.04699043
504 0.0497857
505 0.06646165
506 0.07960713
507 0.08492018
508 0.09554426
509 0.1095787
510 0.12661995
511 0.13574272
512 0.15354156
513 0.17000044
514 0.19940288
515 0.21070602
516 0.23099853
517 0.27853782
518 0.29607756
519 0.29470162
520 0.33065522
521 0.35772014
522 0.38622627
523 0.42300778
524 0.44991441
525 0.48739506
526 0.51132737
527 0.54537434
528 0.58700006
529 0.61367173
530 0.64095811
531 0.6706745
532 0.70491296
533 0.74773613
534 0.76235151
535 0.82094854
536 0.81666584
537 0.83213142
538 0.85267785
539 0.90185142
540 0.9105052
541 0.94006625
542 0.93941883
543 0.94376123
544 0.95771615
545 0.97973515
546 0.99585532
547 0.97683189
548 1.0
549 0.98454715
550 0.99634283
551 0.99945377
552 0.9816367
553 0.9774978
554 0.9938578
555 0.98067527
556 0.97293935
557 0.97745276
558 0.961601
559 0.94986829
560 0.94591271
561 0.94354352
562 0.92460973
563 0.91685986
564 0.89961673
565 0.88590616
566 0.88231708
567 0.86347649
568 0.8497608
569 0.85902913
570 0.82674117
571 0.80671396
572 0.7892984
573 0.77741583
574 0.76459141
575 0.75505498
576 0.74685903
577 0.72066194
578 0.72037333
579 0.67860802
580 0.66650933
581 0.64574917
582 0.63289682
583 0.61699582
584 0.60206682
585 0.60802663
586 0.57413148
587 0.56539412
588 0.54815564
589 0.52323381
590 0.53168075
591 0.50515113
592 0.48152258
593 0.49253899
594 0.46542892
595 0.44654021
596 0.43362665
597 0.4329616
598 0.41854652
599 0.41879568
600 0.38647388
601 0.38323908
602 0.36215368
603 0.3642988
604 0.345185
605 0.33149202
606 0.32205029
607 0.31782399
608 0.29930717
609 0.31141217
610 0.28064398
611 0.28648426
612 0.26232857
613 0.26087411
614 0.25846881
615 0.25210535
616 0.24745887
617 0.23472157
618 0.23415365
619 0.22760802
620 0.20117582
621 0.20264332
622 0.19470864
623 0.20103454
624 0.17764417
625 0.18462979
626 0.17862698
627 0.19044273
628 0.15937764
629 0.16269112
630 0.15032388
631 0.14547033
632 0.13748405
633 0.12566455
634 0.13559905
635 0.13084617
636 0.12574991
637 0.11501887
638 0.11618573
639 0.11793861
640 0.10698772
641 0.11232865
642 0.10814914
643 0.10612541
644 0.09406584
645 0.07904277
646 0.08312543
647 0.07552457
648 0.07799644
649 0.07739038
650 0.07704336
651 0.08198731
652 0.0789299
653 0.08903195
654 0.06394731
655 0.07227067
656 0.05326205
657 0.04787095
658 0.0484255
659 0.06481676
660 0.1298656
661 0.08455127
662 0.06089341
663 0.06658193
664 0.03420717
665 0.04301873
666 0.03362135
667 0.05721209
668 0.02966035
669 0.03152654
670 0.06133045
671 0.0459523
672 0.05148018
673 0.01580482
674 0.05355287
675 0.03002707
676 0.03429163
677 0.05861538
678 0.05215966
679 0.04108637
680 0.03103045
681 0.01795047
682 0.06962319
683 0.05417471
684 0.02284776
685 0.03208221
686 0.0466078
687 0.01749863
688 0.02742489
689 0.00735398
690 0.01547412
691 0.01569954
692 0.04338824
693 0.0420909
694 0.00787198
695 0.00530768
696 0.00647607
697 0.0115831
698 0.01338427
699 0.05130289
700 0.02356227
701 0.00609307
702 0.06257037
703 0.08858875
704 0.00086701
705 0.00872077
706 0.03409156
707 0.00984108
708 0.02014742
709 0.06736446
710 0.03665184
711 0.0141891
712 5.207e-05
713 0.05218543
714 0.00038401
715 0.01752487
716 0.03464615
717 0.02644772
718 0.0288144
719 0.04895176
720 0.02578122
721 0.00621784
722 0.03592879
723 0.0167772
724 0.0
725 0.01898735
726 0.02649989
727 0.0165239
728 0.04710823
729 0.09078347
730 0.04772402
731 0.04716992
732 0.00186115
733 0.00647178
734 0.00465949
735 0.0092642
736 0.00323529
737 0.00748903
738 0.04504964
739 0.00927091
740 0.04998916
741 0.04043368
742 0.03548668
743 0.00243637
744 0.00926925
745 0.01713046
746 0.01187592
747 0.00341598
748 0.0
749 0.02975023
750 0.0
751 1.877e-05
752 0.0
753 0.0061756
754 0.03385819
755 0.0
756 0.00016839
757 0.02406044
758 0.0
759 0.00875531
760 0.02190429
761 0.0
762 0.00217429
763 0.00530579
764 0.00557666
765 0.07777513
766 0.01617771
767 0.04251112
768 0.05089496
769 0.05205527
770 0.04282532
771 0.01096289
772 0.03083386
773 0.01191495
774 0.03885537
775 0.01617218
776 0.110749
777 0.0
778 0.0
779 0.00341134
780 0.0
781 0.04599257
782 0.0014201
783 0.00093625
784 0.0
785 0.02280702
786 0.18845805
787 0.0
788 0.06899335
789 0.0
790 0.0
791 0.02275815
792 0.06359719
793 0.0
794 0.03390039
795 0.0522769
796 0.03787244
797 0.01914141
798 0.0
799 0.01702914
800 0.12019928
801 0.01148058
802 0.00056283
803 0.07387034
804 0.11369072
805 0.02240937
806 0.03096536
807 0.00012486
808 0.0
809 0.03531222
810 0.04729575
811 0.00024651
812 0.12598111
813 0.08854545
814 0.0
815 0.00134068
816 0.05262498
817 0.0
818 0.16004402
819 0.11126661
820 0.01261569
821 0.0427083
822 0.00537568
823 0.04452242
824 1.685e-05
825 0.00557725
826 0.0048202
827 0.07399765
828 0.00317984
829 0.01467895
830 0.07983109
831 0.00191049
832 0.21789146
833 0.00028972
834 0.0
835 0.11599879
836 0.0
837 0.0
838 0.0
839 0.05544241
840 0.07997098
841 0.01281911
842 0.06599858
843 0.01201148
844 0.0002103
845 0.0
846 0.0
847 0.06680746
848 0.02118972
849 0.0034953
850 0.05749264
851 0.1355703
852 0.0
853 1.9e-07
854 0.0521578
855 0.04543989
856 0.0
857 0.00070913
858 0.07757172
859 0.20859893
860 1.6e-05
861 0.10670798
862 0.00043253
863 0.02559546
864 0.05553202
865 0.0
866 0.15085425
867 0.01083519
868 0.04148492
869 0.03477361
870 0.08837571
871 0.13567514
872 0.02186072
873 0.24965029
874 0.03760827
875 0.02410206
876 0.03926649
877 0.04149582
878 0.05348523
879 0.0982329
880 0.0
881 0.02867959
882 0.00855186
883 0.10471764
884 0.07878631
885 0.0
886 0.0
887 0.00021241
888 0.14223799
889 0.126355
890 0.00991662
891 0.07523713
892 0.07356198
893 0.0
894 0.0
895 0.17684951
896 0.00503625
897 0.29936708
898 0.23616426
899 0.01978755
900 0.01147905
901 0.0
902 0.0
903 0.0
904 0.0
905 0.0
906 0.0
907 0.0
908 0.0
909 0.0
910 0.0
911 0.0
912 0.0
913 0.0
914 0.0
915 0.0
916 0.0
917 0.0
918 0.0
919 0.0
920 0.0
921 0.0
922 0.0
923 0.0
924 0.0
925 0.0
926 0.0
927 0.0
928 0.0
929 0.0
930 0.0
931 0.0
932 0.0
933 0.0
934 0.0
935 0.0
936 0.0
937 0.0
938 0.0
939 0.0
940 0.0
941 0.0
942 0.0
943 0.0
944 0.0
945 0.0
946 0.0
947 0.0
948 0.0
949 0.0
950 0.0
951 0.0
952 0.0
953 0.0
954 0.0
955 0.0
956 0.0
957 0.0
958 0.0
959 0.0
960 0.0
961 0.0
962 0.0
963 0.0
964 0.0
965 0.0
966 0.0
967 0.0
968 0.0
969 0.0
970 0.0
971 0.0
972 0.0
973 0.0
974 0.0
975 0.0
976 0.0
977 0.0
978 0.0
979 0.0
980 0.0
981 0.0
982 0.0
983 0.0
984 0.0
985 0.0
986 0.0
987 0.0
988 0.0
989 0.0
990 0.0
991 0.0
992 0.0
993 0.0
994 0.0
995 0.0
996 0.0
997 0.0
998 0.0
999 0.0
1000 0.0
1001 0.0
1002 0.0
1003 0.0
1004 0.0
1005 0.0
1006 0.0
1007 0.0
1008 0.0
1009 0.0
1010 0.0
1011 0.0
1012 0.0
1013 0.0
1014 0.0
1015 0.0
1016 0.0
1017 0.0
1018 0.0
1019 0.0
1020 0.0
1021 0.0
1022 0.0
1023 0.0
1024 0.0
1025 0.0
1026 0.0
1027 0.0
1028 0.0
1029 0.0
1030 0.0
1031 0.0
1032 0.0
1033 0.0
1034 0.0
1035 0.0
1036 0.0
1037 0.0
1038 0.0
1039 0.0
1040 0.0
1041 0.0
1042 0.0
1043 0.0
1044 0.0
1045 0.0
1046 0.0
1047 0.0
1048 0.0
1049 0.0
1050 0.0
1051 0.0
1052 0.0
1053 0.0
1054 0.0
1055 0.0
1056 0.0
1057 0.0
1058 0.0
1059 0.0
1060 0.0
1061 0.0
1062 0.0
1063 0.0
1064 0.0
1065 0.0
1066 0.0
1067 0.0
1068 0.0
1069 0.0
1070 0.0
1071 0.0
1072 0.0
1073 0.0
1074 0.0
1075 0.0
1076 0.0
1077 0.0
1078 0.0
1079 0.0
1080 0.0
1081 0.0
1082 0.0
1083 0.0
1084 0.0
1085 0.0
1086 0.0
1087 0.0
1088 0.0
1089 0.0
1090 0.0
1091 0.0
1092 0.0
1093 0.0
1094 0.0
1095 0.0
1096 0.0
1097 0.0
1098 0.0
1099 0.0
1100 0.0
