CMH_Ceramic_Metal_Halide_2832K_SFH_Eugenia
380 0.0
381 0.0
382 0.00070168
383 0.00171714
384 0.00361608
385 0.00457938
386 0.00326677
387 0.00428142
388 0.00586086
389 0.00716693
390 0.0065508
391 0.00815586
392 0.00965782
393 0.01094838
394 0.01331555
395 0.0142371
396 0.01557104
397 0.0196431
398 0.01725082
399 0.0176574
400 0.01917283
401 0.01976304
402 0.02080862
403 0.02372762
404 0.0270243
405 0.03205843
406 0.03269519
407 0.03144536
408 0.03489791
409 0.03716617
410 0.03969982
411 0.04432545
412 0.04333265
413 0.04823643
414 0.05555403
415 0.05540735
416 0.05534508
417 0.06485621
418 0.06596896
419 0.0698582
420 0.07476014
421 0.07625792
422 0.07162301
423 0.07409827
424 0.08603109
425 0.0882187
426 0.08494754
427 0.07935627
428 0.08155695
429 0.08513883
430 0.09002322
431 0.09210243
432 0.08567953
433 0.07927205
434 0.07554634
435 0.08406896
436 0.11685612
437 0.11488348
438 0.09079972
439 0.08555745
440 0.0821541
441 0.08517721
442 0.08684505
443 0.09326896
444 0.10196655
445 0.10596409
446 0.11340347
447 0.10004862
448 0.09324743
449 0.09603648
450 0.08977415
451 0.0920078
452 0.09567023
453 0.09967012
454 0.10028462
455 0.09742136
456 0.10417866
457 0.10862299
458 0.11525984
459 0.12494614
460 0.1177444
461 0.11369275
462 0.11818966
463 0.10857257
464 0.11179157
465 0.10741971
466 0.10342125
467 0.11155587
468 0.12168049
469 0.12472831
470 0.12477057
471 0.12038534
472 0.1240102
473 0.13125563
474 0.12956186
475 0.11367448
476 0.10554486
477 0.107886
478 0.12024365
479 0.11925463
480 0.11927923
481 0.11566713
482 0.12118429
483 0.1223198
484 0.11311285
485 0.10541471
486 0.10396746
487 0.10119933
488 0.11525178
489 0.13052996
490 0.12565333
491 0.1204623
492 0.12468309
493 0.11746644
494 0.12080753
495 0.1202902
496 0.12318205
497 0.12651068
498 0.14095387
499 0.15360153
500 0.15211335
501 0.14355
502 0.1385323
503 0.14262038
504 0.14783969
505 0.16227339
506 0.14591768
507 0.13925572
508 0.13693009
509 0.1256862
510 0.1209783
511 0.13117468
512 0.14440653
513 0.14643286
514 0.14039684
515 0.13841205
516 0.14944903
517 0.1509905
518 0.14742709
519 0.14968381
520 0.14518088
521 0.13882914
522 0.1445427
523 0.15188704
524 0.14917863
525 0.13753807
526 0.15388143
527 0.19241236
528 0.17950206
529 0.15772299
530 0.16180036
531 0.1831161
532 0.18476056
533 0.20981447
534 0.31219463
535 0.39875192
536 0.35299505
537 0.49928653
538 0.56425187
539 0.55822238
540 0.50535389
541 0.40859552
542 0.30353053
543 0.24868573
544 0.1918097
545 0.19033765
546 0.28643006
547 0.31918732
548 0.2168389
549 0.17589558
550 0.16782036
551 0.16432718
552 0.16016233
553 0.16306806
554 0.16869955
555 0.18387709
556 0.17376543
557 0.1683483
558 0.17287695
559 0.2112562
560 0.23929699
561 0.21184488
562 0.19134872
563 0.1978099
564 0.22349841
565 0.24438482
566 0.24630223
567 0.27373525
568 0.32147476
569 0.40324607
570 0.4426217
571 0.3693181
572 0.30168038
573 0.26198719
574 0.24742385
575 0.24753971
576 0.25442481
577 0.26950711
578 0.26420951
579 0.26589644
580 0.27170218
581 0.27714166
582 0.28263392
583 0.30059204
584 0.32245838
585 0.36318969
586 0.41390731
587 0.44552579
588 0.367613
589 0.18849373
590 0.089811
591 0.10036567
592 0.15313259
593 0.21061485
594 0.27037477
595 0.32251432
596 0.3668318
597 0.40715654
598 0.43197036
599 0.45482165
600 0.47241321
601 0.48161495
602 0.48827231
603 0.48643482
604 0.47661368
605 0.47513672
606 0.47513785
607 0.46892758
608 0.45892168
609 0.46728159
610 0.45807556
611 0.45398472
612 0.45116116
613 0.45836719
614 0.43647278
615 0.43029334
616 0.47160302
617 0.51393123
618 0.4658032
619 0.42453813
620 0.40222928
621 0.38497682
622 0.38159736
623 0.37858414
624 0.37303789
625 0.3747341
626 0.40246396
627 0.41858652
628 0.39465731
629 0.39357917
630 0.39500151
631 0.39723955
632 0.37834008
633 0.36632622
634 0.37202947
635 0.38185418
636 0.38708288
637 0.39515411
638 0.40151005
639 0.40115757
640 0.38924834
641 0.3827495
642 0.3606544
643 0.35176625
644 0.37311271
645 0.37081832
646 0.38211152
647 0.38754131
648 0.37752377
649 0.36240758
650 0.35217272
651 0.32197719
652 0.30247546
653 0.2923684
654 0.29845771
655 0.31850626
656 0.33910358
657 0.33119077
658 0.33386396
659 0.31842776
660 0.29487715
661 0.29424284
662 0.28626572
663 0.28320024
664 0.27717351
665 0.27597472
666 0.27910083
667 0.29981737
668 0.29074405
669 0.28614445
670 0.2851147
671 0.28721677
672 0.29653682
673 0.28839821
674 0.28157906
675 0.28280153
676 0.28053603
677 0.28293301
678 0.27242509
679 0.25971006
680 0.24760902
681 0.24019669
682 0.23599571
683 0.25010665
684 0.27033833
685 0.25413787
686 0.25843348
687 0.22287523
688 0.20861976
689 0.20044073
690 0.20425688
691 0.19744191
692 0.18914692
693 0.18905964
694 0.18548888
695 0.19350336
696 0.2026064
697 0.18878955
698 0.17937416
699 0.18271718
700 0.18874147
701 0.18117837
702 0.180467
703 0.17302057
704 0.16740919
705 0.16578004
706 0.15773096
707 0.15213264
708 0.15044316
709 0.15031077
710 0.14888475
711 0.14680901
712 0.1437416
713 0.146012
714 0.14717915
715 0.16380699
716 0.15705898
717 0.14522692
718 0.13926388
719 0.137063
720 0.13826445
721 0.15203454
722 0.14109831
723 0.13993443
724 0.13552255
725 0.1314605
726 0.12978664
727 0.13118826
728 0.12484815
729 0.12886294
730 0.12304159
731 0.12518674
732 0.11956801
733 0.12470361
734 0.12148522
735 0.118565
736 0.11413934
737 0.11383362
738 0.12786647
739 0.11860042
740 0.11895932
741 0.12533444
742 0.13058161
743 0.12182554
744 0.11569867
745 0.11081826
746 0.11320421
747 0.11225234
748 0.10966459
749 0.11234442
750 0.10929925
751 0.10717666
752 0.11561926
753 0.11188466
754 0.12095135
755 0.13704136
756 0.14448554
757 0.13332412
758 0.1174838
759 0.11287644
760 0.1163486
761 0.10973308
762 0.11410157
763 0.11261196
764 0.11396101
765 0.12229887
766 0.14934828
767 0.19347897
768 0.16488432
769 0.12911058
770 0.13780224
771 0.13244432
772 0.12335486
773 0.10989661
774 0.10533693
775 0.10265475
776 0.09691342
777 0.09610201
778 0.09389429
779 0.09770595
780 0.09882696
781 0.10562591
782 0.10870445
783 0.10548463
784 0.09284688
785 0.09102511
786 0.08730286
787 0.09042836
788 0.08883943
789 0.0866364
790 0.08409377
791 0.09159531
792 0.09811569
793 0.08941106
794 0.09072439
795 0.08950273
796 0.08977517
797 0.09076859
798 0.08733635
799 0.08762206
800 0.08987847
801 0.08739351
802 0.08907258
803 0.08991492
804 0.09010335
805 0.08948099
806 0.08983111
807 0.08535135
808 0.08623371
809 0.08841214
810 0.09180804
811 0.0938062
812 0.09957161
813 0.09635588
814 0.10292015
815 0.1150709
816 0.14434661
817 0.22708305
818 0.48731411
819 0.82273435
820 1.0
821 0.95937301
822 0.76643821
823 0.56215112
824 0.39756875
825 0.30971293
826 0.25794484
827 0.22065944
828 0.19268716
829 0.17062727
830 0.15875305
831 0.14564891
832 0.14531134
833 0.14656342
834 0.12583595
835 0.12426467
836 0.10827685
837 0.10060525
838 0.09777863
839 0.10279756
840 0.09816795
841 0.07946263
842 0.08658108
843 0.09108421
844 0.08000599
845 0.08491559
846 0.08303196
847 0.08448727
848 0.07995913
849 0.07672308
850 0.0815795
851 0.0780065
852 0.07321133
853 0.07935627
854 0.08229598
855 0.08088987
856 0.07715946
857 0.07218576
858 0.07343498
859 0.08682106
860 0.06991413
861 0.07512129
862 0.07279271
863 0.0726546
864 0.07493622
865 0.05544379
866 0.08247186
867 0.07216708
868 0.07467654
869 0.07358432
870 0.06864123
871 0.06666869
872 0.06450915
873 0.06648455
874 0.06539008
875 0.06968783
876 0.06052927
877 0.06342938
878 0.07106852
879 0.0664084
880 0.05420947
881 0.061887
882 0.06288235
883 0.06295554
884 0.05258951
885 0.06457754
886 0.05112317
887 0.05507662
888 0.06055887
889 0.07348806
890 0.05958087
891 0.06507425
892 0.05796611
893 0.05431992
894 0.05083858
895 0.05580208
896 0.05659552
897 0.0758931
898 0.05802695
899 0.05447048
900 0.05236341
901 0.0
902 0.0
903 0.0
904 0.0
905 0.0
906 0.0
907 0.0
908 0.0
909 0.0
910 0.0
911 0.0
912 0.0
913 0.0
914 0.0
915 0.0
916 0.0
917 0.0
918 0.0
919 0.0
920 0.0
921 0.0
922 0.0
923 0.0
924 0.0
925 0.0
926 0.0
927 0.0
928 0.0
929 0.0
930 0.0
931 0.0
932 0.0
933 0.0
934 0.0
935 0.0
936 0.0
937 0.0
938 0.0
939 0.0
940 0.0
941 0.0
942 0.0
943 0.0
944 0.0
945 0.0
946 0.0
947 0.0
948 0.0
949 0.0
950 0.0
951 0.0
952 0.0
953 0.0
954 0.0
955 0.0
956 0.0
957 0.0
958 0.0
959 0.0
960 0.0
961 0.0
962 0.0
963 0.0
964 0.0
965 0.0
966 0.0
967 0.0
968 0.0
969 0.0
970 0.0
971 0.0
972 0.0
973 0.0
974 0.0
975 0.0
976 0.0
977 0.0
978 0.0
979 0.0
980 0.0
981 0.0
982 0.0
983 0.0
984 0.0
985 0.0
986 0.0
987 0.0
988 0.0
989 0.0
990 0.0
991 0.0
992 0.0
993 0.0
994 0.0
995 0.0
996 0.0
997 0.0
998 0.0
999 0.0
1000 0.0
1001 0.0
1002 0.0
1003 0.0
1004 0.0
1005 0.0
1006 0.0
1007 0.0
1008 0.0
1009 0.0
1010 0.0
1011 0.0
1012 0.0
1013 0.0
1014 0.0
1015 0.0
1016 0.0
1017 0.0
1018 0.0
1019 0.0
1020 0.0
1021 0.0
1022 0.0
1023 0.0
1024 0.0
1025 0.0
1026 0.0
1027 0.0
1028 0.0
1029 0.0
1030 0.0
1031 0.0
1032 0.0
1033 0.0
1034 0.0
1035 0.0
1036 0.0
1037 0.0
1038 0.0
1039 0.0
1040 0.0
1041 0.0
1042 0.0
1043 0.0
1044 0.0
1045 0.0
1046 0.0
1047 0.0
1048 0.0
1049 0.0
1050 0.0
1051 0.0
1052 0.0
1053 0.0
1054 0.0
1055 0.0
1056 0.0
1057 0.0
1058 0.0
1059 0.0
1060 0.0
1061 0.0
1062 0.0
1063 0.0
1064 0.0
1065 0.0
1066 0.0
1067 0.0
1068 0.0
1069 0.0
1070 0.0
1071 0.0
1072 0.0
1073 0.0
1074 0.0
1075 0.0
1076 0.0
1077 0.0
1078 0.0
1079 0.0
1080 0.0
1081 0.0
1082 0.0
1083 0.0
1084 0.0
1085 0.0
1086 0.0
1087 0.0
1088 0.0
1089 0.0
1090 0.0
1091 0.0
1092 0.0
1093 0.0
1094 0.0
1095 0.0
1096 0.0
1097 0.0
1098 0.0
1099 0.0
1100 0.0
