CMH_Ceramic_Metal_Halide_5381K_SFH_Saramago
380 0.02063905
381 0.02231448
382 0.02035331
383 0.02353269
384 0.03235692
385 0.0419419
386 0.03911982
387 0.04344839
388 0.05016027
389 0.06280369
390 0.06183106
391 0.05810744
392 0.060993
393 0.06404682
394 0.06019648
395 0.07030286
396 0.07568506
397 0.07708422
398 0.08194918
399 0.08297304
400 0.10436683
401 0.09040528
402 0.09553844
403 0.11148079
404 0.1195152
405 0.15539702
406 0.15685019
407 0.13505894
408 0.14092169
409 0.14808111
410 0.17910812
411 0.21516051
412 0.20016217
413 0.20960843
414 0.22768044
415 0.20317005
416 0.18309463
417 0.22050809
418 0.23277898
419 0.24604903
420 0.28250418
421 0.29060391
422 0.32536401
423 0.31222436
424 0.24834003
425 0.21549564
426 0.19299974
427 0.18272511
428 0.16995337
429 0.16244519
430 0.16294951
431 0.16870816
432 0.16541569
433 0.14488489
434 0.13238873
435 0.16591308
436 0.24015351
437 0.22084922
438 0.18485408
439 0.18135088
440 0.17490558
441 0.16916447
442 0.15814848
443 0.14820321
444 0.14192501
445 0.1620122
446 0.1620339
447 0.15666046
448 0.1572384
449 0.15879636
450 0.15555005
451 0.16019182
452 0.17658447
453 0.17645153
454 0.18320588
455 0.17836908
456 0.19794595
457 0.19927979
458 0.18794759
459 0.19514418
460 0.20095453
461 0.21684402
462 0.22661503
463 0.2129556
464 0.21041279
465 0.21142766
466 0.18991985
467 0.18576485
468 0.20875698
469 0.19575351
470 0.18498933
471 0.17020656
472 0.19215845
473 0.20255079
474 0.20201555
475 0.19279294
476 0.19078468
477 0.17637236
478 0.19862891
479 0.19644178
480 0.18952332
481 0.18562636
482 0.18106099
483 0.18369289
484 0.18035287
485 0.17210796
486 0.15857132
487 0.15643058
488 0.17134375
489 0.19337965
490 0.18158261
491 0.17218528
492 0.17367745
493 0.17879538
494 0.18964057
495 0.17893294
496 0.19047171
497 0.17605061
498 0.18718777
499 0.17825298
500 0.18781211
501 0.17463946
502 0.18413073
503 0.20619709
504 0.23043674
505 0.24807483
506 0.23107262
507 0.24068968
508 0.22722829
509 0.20131366
510 0.17582327
511 0.18407418
512 0.20583819
513 0.21723362
514 0.20148562
515 0.19148818
516 0.18855531
517 0.19381703
518 0.20718657
519 0.21878627
520 0.18835589
521 0.18328043
522 0.19388304
523 0.20034912
524 0.1950724
525 0.17300326
526 0.177919
527 0.17543436
528 0.1844257
529 0.18740473
530 0.21646157
531 0.25265429
532 0.23250893
533 0.24669622
534 0.30999522
535 0.67409798
536 1.0
537 0.9428331
538 0.85983882
539 0.67452359
540 0.51105499
541 0.40552489
542 0.30846173
543 0.25944765
544 0.21243305
545 0.22349636
546 0.30776146
547 0.30743071
548 0.26441186
549 0.22577281
550 0.19716259
551 0.18433984
552 0.17712479
553 0.18234866
554 0.17854103
555 0.19840203
556 0.19683069
557 0.20160864
558 0.18845606
559 0.18517606
560 0.17494897
561 0.18227157
562 0.186671
563 0.22366369
564 0.2554309
565 0.25951643
566 0.25195863
567 0.24014128
568 0.28420893
569 0.26035218
570 0.2528664
571 0.23601352
572 0.2239709
573 0.20633119
574 0.21009428
575 0.21300546
576 0.23814549
577 0.26526423
578 0.222713
579 0.23379569
580 0.21392638
581 0.20664509
582 0.19385858
583 0.18953763
584 0.18916487
585 0.19293627
586 0.22437827
587 0.21720823
588 0.2214694
589 0.24066845
590 0.25710149
591 0.22409161
592 0.2353481
593 0.22812359
594 0.22475911
595 0.25506115
596 0.23543973
597 0.27570205
598 0.33067581
599 0.32893576
600 0.28022195
601 0.27737194
602 0.23632719
603 0.22327663
604 0.21139534
605 0.20016147
606 0.20530248
607 0.20385278
608 0.21525814
609 0.25670104
610 0.23614369
611 0.22968916
612 0.21650496
613 0.22187863
614 0.2295996
615 0.20725673
616 0.22727122
617 0.2364539
618 0.21815131
619 0.21437368
620 0.20345556
621 0.1916996
622 0.19443698
623 0.18739873
624 0.18292383
625 0.18342076
626 0.24665883
627 0.21560643
628 0.20402381
629 0.18328528
630 0.17997873
631 0.1965004
632 0.16903752
633 0.17115426
634 0.16437382
635 0.18014168
636 0.17049161
637 0.17204956
638 0.18244306
639 0.16918547
640 0.16415156
641 0.15968935
642 0.16672598
643 0.17598345
644 0.1692164
645 0.1586191
646 0.18913118
647 0.18119993
648 0.1718483
649 0.16930526
650 0.1462882
651 0.1355351
652 0.13673138
653 0.13652434
654 0.13363948
655 0.18241883
656 0.19648609
657 0.17580573
658 0.20124027
659 0.16543646
660 0.1721255
661 0.22279355
662 0.17457483
663 0.19107227
664 0.17022064
665 0.14951974
666 0.15719986
667 0.17159372
668 0.15832874
669 0.1673427
670 0.16812006
671 0.13945883
672 0.15551796
673 0.15801115
674 0.14689499
675 0.16116629
676 0.13400854
677 0.1440519
678 0.16923463
679 0.16448023
680 0.14200856
681 0.14058032
682 0.12687797
683 0.13798005
684 0.1739955
685 0.21130394
686 0.19171207
687 0.16070975
688 0.13376688
689 0.11749217
690 0.11648678
691 0.10852507
692 0.1023902
693 0.10559727
694 0.12531355
695 0.12858202
696 0.14066226
697 0.14670711
698 0.15170571
699 0.13438983
700 0.13144842
701 0.10653435
702 0.10360332
703 0.08893596
704 0.08303421
705 0.07610928
706 0.08257836
707 0.07336983
708 0.07261324
709 0.07332805
710 0.06064517
711 0.06639159
712 0.06960743
713 0.06961782
714 0.06904495
715 0.06986017
716 0.06089675
717 0.05652087
718 0.06278661
719 0.05378834
720 0.06358174
721 0.06623603
722 0.06604076
723 0.07642641
724 0.07421112
725 0.07135165
726 0.07200783
727 0.07112061
728 0.07139019
729 0.06148831
730 0.06786322
731 0.06078666
732 0.05763382
733 0.05142279
734 0.04731926
735 0.04870572
736 0.04515867
737 0.04880058
738 0.06430855
739 0.05728831
740 0.05731462
741 0.06335393
742 0.05879132
743 0.04851785
744 0.05787086
745 0.04839667
746 0.0523391
747 0.04562121
748 0.06112941
749 0.0712981
750 0.07330913
751 0.06380516
752 0.05332926
753 0.05591362
754 0.06437664
755 0.09781074
756 0.14942857
757 0.1264242
758 0.09042721
759 0.09772511
760 0.07212831
761 0.07248399
762 0.07114323
763 0.07535801
764 0.06966514
765 0.07338391
766 0.09424938
767 0.1438788
768 0.10733987
769 0.10428097
770 0.10668668
771 0.08722198
772 0.10133541
773 0.08167083
774 0.09235722
775 0.06636551
776 0.06423123
777 0.05334473
778 0.0578674
779 0.04266433
780 0.05016397
781 0.04659106
782 0.08032914
783 0.06868882
784 0.06353696
785 0.05290273
786 0.04011645
787 0.04855247
788 0.04133511
789 0.0392036
790 0.03260758
791 0.04078187
792 0.04662845
793 0.07375366
794 0.06824936
795 0.05885849
796 0.05578898
797 0.04834012
798 0.04875627
799 0.03898434
800 0.02574613
801 0.03989833
802 0.07387714
803 0.08713958
804 0.06436233
805 0.05784801
806 0.03795932
807 0.03850887
808 0.05677545
809 0.05959546
810 0.06927207
811 0.05565973
812 0.04729387
813 0.05282887
814 0.02228148
815 0.02591093
816 0.02625345
817 0.03546937
818 0.02597394
819 0.02848005
820 0.03372423
821 0.02320656
822 0.04674847
823 0.03043984
824 0.03855596
825 0.03002461
826 0.03118465
827 0.05071698
828 0.01723371
829 0.02224524
830 0.03351489
831 0.01997709
832 0.02563281
833 0.03863212
834 0.04016422
835 0.0412901
836 0.02115744
837 0.01232767
838 0.02356361
839 0.01723233
840 0.03763734
841 0.02594693
842 0.01240637
843 0.02691009
844 0.02278787
845 0.01469183
846 0.00954782
847 0.0230863
848 0.01620385
849 0.0321402
850 0.04570799
851 0.10040064
852 0.35551002
853 0.5872079
854 0.57310255
855 0.43508535
856 0.30982096
857 0.21219394
858 0.14878138
859 0.09778374
860 0.08260744
861 0.0640452
862 0.07919449
863 0.07274411
864 0.0453604
865 0.04250138
866 0.02588392
867 0.03744577
868 0.0575385
869 0.03597991
870 0.04739243
871 0.03925461
872 0.04878881
873 0.01531755
874 0.03614102
875 0.04009244
876 0.08322901
877 0.13950153
878 0.0848412
879 0.06120696
880 0.03305996
881 0.02777055
882 0.0236871
883 0.01050244
884 0.0186488
885 0.00754072
886 0.01333837
887 0.0
888 0.01460112
889 0.06113287
890 0.01878382
891 0.03167835
892 0.03332309
893 0.04030871
894 0.24764415
895 0.46614029
896 0.48070263
897 0.36199018
898 0.18893383
899 0.13621875
900 0.10509942
901 0.0
902 0.0
903 0.0
904 0.0
905 0.0
906 0.0
907 0.0
908 0.0
909 0.0
910 0.0
911 0.0
912 0.0
913 0.0
914 0.0
915 0.0
916 0.0
917 0.0
918 0.0
919 0.0
920 0.0
921 0.0
922 0.0
923 0.0
924 0.0
925 0.0
926 0.0
927 0.0
928 0.0
929 0.0
930 0.0
931 0.0
932 0.0
933 0.0
934 0.0
935 0.0
936 0.0
937 0.0
938 0.0
939 0.0
940 0.0
941 0.0
942 0.0
943 0.0
944 0.0
945 0.0
946 0.0
947 0.0
948 0.0
949 0.0
950 0.0
951 0.0
952 0.0
953 0.0
954 0.0
955 0.0
956 0.0
957 0.0
958 0.0
959 0.0
960 0.0
961 0.0
962 0.0
963 0.0
964 0.0
965 0.0
966 0.0
967 0.0
968 0.0
969 0.0
970 0.0
971 0.0
972 0.0
973 0.0
974 0.0
975 0.0
976 0.0
977 0.0
978 0.0
979 0.0
980 0.0
981 0.0
982 0.0
983 0.0
984 0.0
985 0.0
986 0.0
987 0.0
988 0.0
989 0.0
990 0.0
991 0.0
992 0.0
993 0.0
994 0.0
995 0.0
996 0.0
997 0.0
998 0.0
999 0.0
1000 0.0
1001 0.0
1002 0.0
1003 0.0
1004 0.0
1005 0.0
1006 0.0
1007 0.0
1008 0.0
1009 0.0
1010 0.0
1011 0.0
1012 0.0
1013 0.0
1014 0.0
1015 0.0
1016 0.0
1017 0.0
1018 0.0
1019 0.0
1020 0.0
1021 0.0
1022 0.0
1023 0.0
1024 0.0
1025 0.0
1026 0.0
1027 0.0
1028 0.0
1029 0.0
1030 0.0
1031 0.0
1032 0.0
1033 0.0
1034 0.0
1035 0.0
1036 0.0
1037 0.0
1038 0.0
1039 0.0
1040 0.0
1041 0.0
1042 0.0
1043 0.0
1044 0.0
1045 0.0
1046 0.0
1047 0.0
1048 0.0
1049 0.0
1050 0.0
1051 0.0
1052 0.0
1053 0.0
1054 0.0
1055 0.0
1056 0.0
1057 0.0
1058 0.0
1059 0.0
1060 0.0
1061 0.0
1062 0.0
1063 0.0
1064 0.0
1065 0.0
1066 0.0
1067 0.0
1068 0.0
1069 0.0
1070 0.0
1071 0.0
1072 0.0
1073 0.0
1074 0.0
1075 0.0
1076 0.0
1077 0.0
1078 0.0
1079 0.0
1080 0.0
1081 0.0
1082 0.0
1083 0.0
1084 0.0
1085 0.0
1086 0.0
1087 0.0
1088 0.0
1089 0.0
1090 0.0
1091 0.0
1092 0.0
1093 0.0
1094 0.0
1095 0.0
1096 0.0
1097 0.0
1098 0.0
1099 0.0
1100 0.0
