CMH_Ceramic_Metal_Halide_6545K_SFH_P_General
380 0.05724572
381 0.04883603
382 0.05032915
383 0.07286187
384 0.09692705
385 0.08696535
386 0.07538871
387 0.10431351
388 0.11685735
389 0.10791936
390 0.10440982
391 0.10106097
392 0.12179159
393 0.12419542
394 0.12975261
395 0.13657405
396 0.14629305
397 0.1464473
398 0.15436587
399 0.15552285
400 0.149306
401 0.17027812
402 0.16176211
403 0.17504357
404 0.18246293
405 0.20447999
406 0.18646215
407 0.17159054
408 0.19925299
409 0.20588204
410 0.2033192
411 0.20924782
412 0.18101272
413 0.22021319
414 0.25789337
415 0.24618322
416 0.25218646
417 0.29584603
418 0.32985574
419 0.36023742
420 0.37605455
421 0.38082405
422 0.40544328
423 0.40168175
424 0.32171306
425 0.28961821
426 0.27095335
427 0.25235644
428 0.23997709
429 0.24063342
430 0.23889498
431 0.26206448
432 0.25503038
433 0.22965088
434 0.20764432
435 0.21689366
436 0.24682524
437 0.23763239
438 0.20293132
439 0.19098372
440 0.18925315
441 0.20792015
442 0.19477553
443 0.17652382
444 0.18011227
445 0.20719683
446 0.21560533
447 0.20774111
448 0.22613991
449 0.24583014
450 0.22964182
451 0.21233801
452 0.2142245
453 0.22370056
454 0.21063724
455 0.2144598
456 0.24827569
457 0.26395072
458 0.24561415
459 0.27749849
460 0.27099364
461 0.2520315
462 0.25696073
463 0.22981824
464 0.24175344
465 0.21770876
466 0.21300721
467 0.25740106
468 0.27557123
469 0.24501385
470 0.23590278
471 0.22946397
472 0.23507146
473 0.28451232
474 0.2825629
475 0.22509999
476 0.19464345
477 0.22512026
478 0.2679664
479 0.27827568
480 0.2648352
481 0.26541548
482 0.30296381
483 0.30803203
484 0.25761324
485 0.22747759
486 0.21223669
487 0.21181114
488 0.24268751
489 0.25657642
490 0.25308047
491 0.23882751
492 0.24586304
493 0.21890031
494 0.21547325
495 0.21699856
496 0.20906115
497 0.19074269
498 0.18299886
499 0.18891557
500 0.21106112
501 0.21689652
502 0.21996788
503 0.23999593
504 0.26572469
505 0.29134402
506 0.2726043
507 0.24758908
508 0.20696153
509 0.17841293
510 0.19307261
511 0.23089487
512 0.27525177
513 0.26436984
514 0.23576045
515 0.2276707
516 0.25606171
517 0.25209539
518 0.22578803
519 0.2151414
520 0.20752297
521 0.19284946
522 0.18240262
523 0.19989691
524 0.18949846
525 0.16042037
526 0.19441482
527 0.22588696
528 0.22691496
529 0.19625411
530 0.20296994
531 0.22233046
532 0.23695223
533 0.23109179
534 0.31061251
535 0.7156331
536 1.0
537 0.81790755
538 0.59709453
539 0.48214416
540 0.37920624
541 0.29053154
542 0.26708645
543 0.2374667
544 0.17047075
545 0.16606005
546 0.24179516
547 0.22982491
548 0.17913363
549 0.15451035
550 0.17734536
551 0.18175058
552 0.15477354
553 0.15991019
554 0.17540762
555 0.19147507
556 0.18572286
557 0.17700802
558 0.18359821
559 0.17495989
560 0.16123881
561 0.17926666
562 0.17362579
563 0.16077202
564 0.19289929
565 0.21456303
566 0.1944718
567 0.18107352
568 0.17142294
569 0.16492668
570 0.17045049
571 0.18549948
572 0.21202308
573 0.20435196
574 0.19525424
575 0.21030085
576 0.23510508
577 0.22286496
578 0.18039264
579 0.17824533
580 0.1883279
581 0.20064002
582 0.17981737
583 0.16241653
584 0.16256601
585 0.16843407
586 0.16973957
587 0.16745256
588 0.16334821
589 0.17376478
590 0.17418198
591 0.16970929
592 0.17656221
593 0.1848937
594 0.20625419
595 0.21461524
596 0.20017537
597 0.23057064
598 0.26376477
599 0.28476765
600 0.25999561
601 0.26794446
602 0.25256504
603 0.23453529
604 0.21150026
605 0.19777012
606 0.19552936
607 0.19155803
608 0.21127663
609 0.26313515
610 0.24757979
611 0.23684924
612 0.22313865
613 0.21938617
614 0.19644531
615 0.2008367
616 0.22530359
617 0.26024355
618 0.23958111
619 0.22074174
620 0.21482146
621 0.21162637
622 0.19733479
623 0.18121251
624 0.17002446
625 0.16956458
626 0.24961408
627 0.24216898
628 0.19162955
629 0.15431891
630 0.15353456
631 0.15266486
632 0.15444979
633 0.17675364
634 0.18579701
635 0.1817935
636 0.16797038
637 0.15965343
638 0.18093548
639 0.17972082
640 0.17075064
641 0.16455739
642 0.18083631
643 0.18678233
644 0.18146855
645 0.15893989
646 0.17536423
647 0.16234214
648 0.15446743
649 0.16451662
650 0.15227293
651 0.14157099
652 0.13589269
653 0.14146228
654 0.14326747
655 0.17853809
656 0.18677208
657 0.16845505
658 0.1961988
659 0.22910565
660 0.19946874
661 0.15962935
662 0.13155708
663 0.1270298
664 0.13743969
665 0.14243425
666 0.19670469
667 0.25523278
668 0.21361323
669 0.16860072
670 0.13287164
671 0.13635758
672 0.15721313
673 0.17228691
674 0.15570809
675 0.16920149
676 0.17932578
677 0.19685655
678 0.16994293
679 0.16388652
680 0.14424469
681 0.14082836
682 0.14240469
683 0.17283548
684 0.19098777
685 0.22266661
686 0.22709877
687 0.17820195
688 0.13460913
689 0.14513632
690 0.13883507
691 0.15388048
692 0.13704704
693 0.12633771
694 0.13491762
695 0.13941367
696 0.14559214
697 0.15838202
698 0.16838043
699 0.16474978
700 0.19241104
701 0.15746274
702 0.14878032
703 0.11874527
704 0.11358407
705 0.10074914
706 0.10283564
707 0.09849908
708 0.09477546
709 0.09054427
710 0.08695749
711 0.07867534
712 0.08186065
713 0.09484912
714 0.09421831
715 0.08051415
716 0.08871619
717 0.09797936
718 0.08473223
719 0.07508498
720 0.07822285
721 0.10466277
722 0.11489529
723 0.11805819
724 0.09868671
725 0.09493638
726 0.08678798
727 0.08330204
728 0.07581974
729 0.07701939
730 0.07265875
731 0.0617382
732 0.05141007
733 0.05560455
734 0.05438464
735 0.0641096
736 0.05779095
737 0.05970485
738 0.097663
739 0.08505955
740 0.07998966
741 0.10038438
742 0.09316599
743 0.08217058
744 0.0636037
745 0.05849495
746 0.05412048
747 0.05032415
748 0.05175481
749 0.05213792
750 0.05574068
751 0.04782901
752 0.05132091
753 0.05044359
754 0.09139418
755 0.12132289
756 0.12913466
757 0.10628439
758 0.07640073
759 0.08077687
760 0.08393095
761 0.08052846
762 0.08009885
763 0.06253351
764 0.10113177
765 0.12072831
766 0.16522778
767 0.16140712
768 0.10676716
769 0.05519259
770 0.05976898
771 0.06042864
772 0.07284256
773 0.06698022
774 0.05142629
775 0.04713836
776 0.06137296
777 0.03990448
778 0.04133394
779 0.06542559
780 0.07150512
781 0.0810229
782 0.09611791
783 0.07100638
784 0.04585551
785 0.06157179
786 0.05098881
787 0.04298942
788 0.02662539
789 0.03634964
790 0.03911608
791 0.04783593
792 0.05594833
793 0.03185454
794 0.04382502
795 0.04121284
796 0.0503127
797 0.06351454
798 0.05721997
799 0.06278503
800 0.04480224
801 0.05913507
802 0.06611767
803 0.07266161
804 0.04501275
805 0.04248186
806 0.03436016
807 0.03253995
808 0.04915048
809 0.06477665
810 0.04557443
811 0.03570142
812 0.029635
813 0.03064798
814 0.03756764
815 0.05949935
816 0.05124581
817 0.05144488
818 0.03844211
819 0.03396227
820 0.03874774
821 0.03876991
822 0.02541263
823 0.02273918
824 0.02638222
825 0.0408321
826 0.03299673
827 0.02607707
828 0.04240438
829 0.04137137
830 0.04301588
831 0.02841342
832 0.05920826
833 0.09162376
834 0.06518098
835 0.03408314
836 0.02383631
837 0.03718358
838 0.02750343
839 0.03370431
840 0.02498542
841 0.04350032
842 0.05894077
843 0.0570631
844 0.03632771
845 0.03604925
846 0.03530424
847 0.04863434
848 0.04911472
849 0.02755064
850 0.04344119
851 0.08302287
852 0.3326546
853 0.45180921
854 0.37088787
855 0.22215666
856 0.1432875
857 0.12547374
858 0.08299975
859 0.08779571
860 0.04851633
861 0.05359647
862 0.02984909
863 0.05318857
864 0.03719907
865 0.02806607
866 0.04398261
867 0.04319635
868 0.04901054
869 0.024146
870 0.02553851
871 0.03180734
872 0.01823263
873 0.02016203
874 0.01590462
875 0.06608
876 0.1232387
877 0.11973775
878 0.09681118
879 0.03315956
880 0.01737891
881 0.02613738
882 0.0
883 0.02877794
884 0.0
885 0.0
886 0.02656603
887 0.0199849
888 0.0175837
889 0.0
890 0.00387406
891 0.01374063
892 0.03138751
893 0.02997497
894 0.18282769
895 0.35773871
896 0.28908467
897 0.21924885
898 0.12361228
899 0.07297297
900 0.03495403
901 0.0
902 0.0
903 0.0
904 0.0
905 0.0
906 0.0
907 0.0
908 0.0
909 0.0
910 0.0
911 0.0
912 0.0
913 0.0
914 0.0
915 0.0
916 0.0
917 0.0
918 0.0
919 0.0
920 0.0
921 0.0
922 0.0
923 0.0
924 0.0
925 0.0
926 0.0
927 0.0
928 0.0
929 0.0
930 0.0
931 0.0
932 0.0
933 0.0
934 0.0
935 0.0
936 0.0
937 0.0
938 0.0
939 0.0
940 0.0
941 0.0
942 0.0
943 0.0
944 0.0
945 0.0
946 0.0
947 0.0
948 0.0
949 0.0
950 0.0
951 0.0
952 0.0
953 0.0
954 0.0
955 0.0
956 0.0
957 0.0
958 0.0
959 0.0
960 0.0
961 0.0
962 0.0
963 0.0
964 0.0
965 0.0
966 0.0
967 0.0
968 0.0
969 0.0
970 0.0
971 0.0
972 0.0
973 0.0
974 0.0
975 0.0
976 0.0
977 0.0
978 0.0
979 0.0
980 0.0
981 0.0
982 0.0
983 0.0
984 0.0
985 0.0
986 0.0
987 0.0
988 0.0
989 0.0
990 0.0
991 0.0
992 0.0
993 0.0
994 0.0
995 0.0
996 0.0
997 0.0
998 0.0
999 0.0
1000 0.0
1001 0.0
1002 0.0
1003 0.0
1004 0.0
1005 0.0
1006 0.0
1007 0.0
1008 0.0
1009 0.0
1010 0.0
1011 0.0
1012 0.0
1013 0.0
1014 0.0
1015 0.0
1016 0.0
1017 0.0
1018 0.0
1019 0.0
1020 0.0
1021 0.0
1022 0.0
1023 0.0
1024 0.0
1025 0.0
1026 0.0
1027 0.0
1028 0.0
1029 0.0
1030 0.0
1031 0.0
1032 0.0
1033 0.0
1034 0.0
1035 0.0
1036 0.0
1037 0.0
1038 0.0
1039 0.0
1040 0.0
1041 0.0
1042 0.0
1043 0.0
1044 0.0
1045 0.0
1046 0.0
1047 0.0
1048 0.0
1049 0.0
1050 0.0
1051 0.0
1052 0.0
1053 0.0
1054 0.0
1055 0.0
1056 0.0
1057 0.0
1058 0.0
1059 0.0
1060 0.0
1061 0.0
1062 0.0
1063 0.0
1064 0.0
1065 0.0
1066 0.0
1067 0.0
1068 0.0
1069 0.0
1070 0.0
1071 0.0
1072 0.0
1073 0.0
1074 0.0
1075 0.0
1076 0.0
1077 0.0
1078 0.0
1079 0.0
1080 0.0
1081 0.0
1082 0.0
1083 0.0
1084 0.0
1085 0.0
1086 0.0
1087 0.0
1088 0.0
1089 0.0
1090 0.0
1091 0.0
1092 0.0
1093 0.0
1094 0.0
1095 0.0
1096 0.0
1097 0.0
1098 0.0
1099 0.0
1100 0.0
