FL_Fluorescent_Lamp_3952K_SFH_Huerta
380 0.0
381 0.0
382 0.0
383 0.0
384 0.0
385 0.00239275
386 0.0
387 0.0
388 0.00114403
389 0.00019154
390 0.0
391 0.00036239
392 0.0
393 0.0
394 0.0
395 0.0
396 0.0
397 0.0
398 0.0
399 0.0
400 0.00061865
401 0.00136888
402 0.00555452
403 0.01435457
404 0.15992252
405 0.34131478
406 0.15183844
407 0.07062072
408 0.05402522
409 0.0308944
410 0.01655934
411 0.00649772
412 0.01206557
413 0.01174054
414 0.01046136
415 0.01334236
416 0.00887833
417 0.01745067
418 0.0162976
419 0.01692672
420 0.02194873
421 0.01764507
422 0.02050632
423 0.02387701
424 0.0234894
425 0.02391936
426 0.02434623
427 0.02832867
428 0.02963878
429 0.03167318
430 0.03509193
431 0.03422273
432 0.03248123
433 0.04074472
434 0.05391862
435 0.25405715
436 0.85774706
437 0.50506983
438 0.2463395
439 0.08594467
440 0.04913146
441 0.04525943
442 0.0422359
443 0.04457297
444 0.04271417
445 0.04395694
446 0.04185805
447 0.0411516
448 0.04202985
449 0.04013559
450 0.042239
451 0.04246813
452 0.04252048
453 0.03968279
454 0.04144356
455 0.04225994
456 0.03734429
457 0.03538198
458 0.03581099
459 0.04008967
460 0.03706019
461 0.04140525
462 0.03867344
463 0.03621478
464 0.03503887
465 0.03698547
466 0.0325588
467 0.03526872
468 0.0331596
469 0.03086989
470 0.02912601
471 0.02848999
472 0.02580458
473 0.03066835
474 0.02611438
475 0.02764244
476 0.0278554
477 0.0239146
478 0.0252654
479 0.02665427
480 0.02738427
481 0.0341285
482 0.03593924
483 0.05073305
484 0.0725383
485 0.09562629
486 0.12562174
487 0.1459596
488 0.14860647
489 0.13722189
490 0.12687475
491 0.1111394
492 0.10518276
493 0.09444967
494 0.08277885
495 0.07514519
496 0.06875145
497 0.06027738
498 0.05333971
499 0.04630757
500 0.0407195
501 0.03366452
502 0.02722795
503 0.02217334
504 0.02018177
505 0.01675754
506 0.01401241
507 0.01094867
508 0.00908534
509 0.01177528
510 0.01185237
511 0.00875222
512 0.0087872
513 0.00762795
514 0.00977085
515 0.00961881
516 0.00724177
517 0.00796749
518 0.00642039
519 0.00587979
520 0.00575701
521 0.00617222
522 0.0040957
523 0.00386251
524 0.00488804
525 0.00521379
526 0.00551692
527 0.00624526
528 0.00567468
529 0.00827325
530 0.00655578
531 0.008288
532 0.00920526
533 0.01659693
534 0.0254134
535 0.02382109
536 0.02755464
537 0.04218451
538 0.06945576
539 0.10068042
540 0.1655972
541 0.31189325
542 0.51843694
543 0.54876741
544 0.55764075
545 0.57649956
546 1.0
547 0.91519436
548 0.60690927
549 0.47403957
550 0.3117857
551 0.22468535
552 0.17171707
553 0.12936314
554 0.09712866
555 0.07268225
556 0.05371685
557 0.03865892
558 0.03128938
559 0.02262615
560 0.02140646
561 0.01837888
562 0.01617221
563 0.0141478
564 0.01151663
565 0.01158706
566 0.0110367
567 0.01022841
568 0.01000332
569 0.01124538
570 0.0091848
571 0.00858995
572 0.00861636
573 0.00579413
574 0.0090882
575 0.00941846
576 0.01999641
577 0.10741656
578 0.09504833
579 0.14122646
580 0.15128522
581 0.1094393
582 0.10934722
583 0.11836356
584 0.12950638
585 0.12680312
586 0.12279523
587 0.14595841
588 0.15926913
589 0.12020618
590 0.10349527
591 0.09190369
592 0.09011246
593 0.11617925
594 0.11651237
595 0.08897343
596 0.07510331
597 0.05965088
598 0.05836052
599 0.06847591
600 0.07866055
601 0.06661878
602 0.05423508
603 0.04454727
604 0.0366407
605 0.03598897
606 0.03984863
607 0.05040683
608 0.06329282
609 0.10186632
610 0.2073477
611 0.59991734
612 0.89078032
613 0.64851082
614 0.55158655
615 0.44570139
616 0.3023375
617 0.20808175
618 0.15245899
619 0.1201072
620 0.10539572
621 0.10323449
622 0.10473257
623 0.10775777
624 0.11209379
625 0.11335559
626 0.11382743
627 0.11290136
628 0.10552159
629 0.09490533
630 0.10216113
631 0.14034393
632 0.1268638
633 0.08850659
634 0.06154728
635 0.04113233
636 0.0303338
637 0.02392983
638 0.02022008
639 0.01656481
640 0.01483331
641 0.01510028
642 0.01360148
643 0.01698763
644 0.01672257
645 0.0169065
646 0.01419396
647 0.01579578
648 0.01526374
649 0.02097221
650 0.02695883
651 0.03966875
652 0.03265874
653 0.03171791
654 0.02798008
655 0.02390413
656 0.02093271
657 0.02111664
658 0.02105311
659 0.01833129
660 0.01307396
661 0.014716
662 0.01965211
663 0.02633186
664 0.02274226
665 0.0179375
666 0.01554356
667 0.01258785
668 0.0124634
669 0.01067598
670 0.01365549
671 0.01329002
672 0.01069811
673 0.01140313
674 0.01193446
675 0.0067754
676 0.00848977
677 0.00771123
678 0.01063791
679 0.01176148
680 0.00692768
681 0.01208912
682 0.00446927
683 0.01013181
684 0.00695576
685 0.00710043
686 0.01290955
687 0.01412376
688 0.02361599
689 0.02209625
690 0.01519926
691 0.01211101
692 0.00805886
693 0.01004734
694 0.01954123
695 0.01312227
696 0.00056821
697 0.00932733
698 0.00200728
699 0.00376972
700 0.0
701 0.00563946
702 0.00203203
703 0.00209294
704 0.00924381
705 0.00786993
706 0.02027695
707 0.04498984
708 0.05402474
709 0.06550402
710 0.07074779
711 0.04362501
712 0.05381868
713 0.0602612
714 0.0347136
715 0.021677
716 0.0101656
717 0.00862564
718 0.00554857
719 0.00263973
720 0.00210388
721 0.00390082
722 0.00073524
723 0.00429295
724 0.00064102
725 0.00066124
726 0.0
727 0.0
728 0.0
729 0.00028815
730 0.0
731 0.00369952
732 0.00071145
733 0.0
734 0.0
735 0.00309158
736 0.00079044
737 0.0
738 0.0
739 0.0
740 0.0
741 0.0
742 0.0
743 0.00172103
744 0.0
745 0.00386394
746 0.0
747 0.00159612
748 0.0
749 0.0
750 0.00034335
751 0.00478216
752 0.0
753 0.0
754 0.0
755 0.00140457
756 0.0
757 0.00387346
758 0.0
759 0.0
760 0.0
761 0.0
762 0.0
763 0.0
764 0.00113332
765 0.00498893
766 0.00047136
767 0.0
768 0.00152021
769 0.00195803
770 0.00014205
771 0.0
772 0.0
773 0.0
774 0.0
775 0.0
776 0.0
777 0.0
778 0.0
779 0.0
780 0.0
781 0.00136246
782 0.0
783 0.0
784 0.00346015
785 0.00109858
786 0.0
787 0.0
788 0.00709876
789 0.0
790 0.0
791 0.0
792 0.0
793 0.0
794 0.0
795 0.0
796 0.0
797 0.00182454
798 0.0
799 0.0
800 0.0
801 0.0
802 0.0
803 0.00262307
804 0.0
805 0.0
806 0.0
807 0.0
808 0.0
809 0.01824944
810 0.00579484
811 0.00681038
812 0.00015323
813 0.0
814 0.0
815 0.0
816 0.0
817 0.0
818 0.0
819 0.0
820 0.0
821 0.0
822 0.0
823 0.00042901
824 0.0
825 0.0
826 0.0
827 0.00072882
828 0.0
829 0.00940133
830 0.0
831 0.0
832 0.00055226
833 0.0090368
834 0.0
835 0.0
836 0.0
837 0.0
838 0.0
839 0.0
840 0.0
841 0.0
842 0.0
843 0.0
844 0.00561329
845 0.0
846 0.0
847 0.0
848 0.0
849 0.00012064
850 0.00240678
851 0.0
852 0.0
853 0.0
854 0.0
855 0.0
856 0.00109501
857 0.0
858 0.0
859 0.0
860 0.0
861 0.0
862 0.0
863 0.0
864 0.0
865 0.0
866 0.0
867 0.0
868 0.0
869 0.00132296
870 0.01846073
871 0.0
872 0.0
873 0.0
874 0.0
875 0.0
876 0.0
877 0.0
878 0.01632354
879 0.0
880 0.00236419
881 0.0
882 0.0
883 0.0
884 0.0
885 0.0
886 0.0
887 0.0
888 0.00518952
889 0.0
890 0.00445975
891 0.0
892 0.0
893 0.0
894 0.0
895 0.0
896 0.0
897 0.0
898 0.02758867
899 0.0
900 0.02067931
901 0.0
902 0.0
903 0.0
904 0.0
905 0.0
906 0.0
907 0.0
908 0.0
909 0.0
910 0.0
911 0.0
912 0.0
913 0.0
914 0.0
915 0.0
916 0.0
917 0.0
918 0.0
919 0.0
920 0.0
921 0.0
922 0.0
923 0.0
924 0.0
925 0.0
926 0.0
927 0.0
928 0.0
929 0.0
930 0.0
931 0.0
932 0.0
933 0.0
934 0.0
935 0.0
936 0.0
937 0.0
938 0.0
939 0.0
940 0.0
941 0.0
942 0.0
943 0.0
944 0.0
945 0.0
946 0.0
947 0.0
948 0.0
949 0.0
950 0.0
951 0.0
952 0.0
953 0.0
954 0.0
955 0.0
956 0.0
957 0.0
958 0.0
959 0.0
960 0.0
961 0.0
962 0.0
963 0.0
964 0.0
965 0.0
966 0.0
967 0.0
968 0.0
969 0.0
970 0.0
971 0.0
972 0.0
973 0.0
974 0.0
975 0.0
976 0.0
977 0.0
978 0.0
979 0.0
980 0.0
981 0.0
982 0.0
983 0.0
984 0.0
985 0.0
986 0.0
987 0.0
988 0.0
989 0.0
990 0.0
991 0.0
992 0.0
993 0.0
994 0.0
995 0.0
996 0.0
997 0.0
998 0.0
999 0.0
1000 0.0
1001 0.0
1002 0.0
1003 0.0
1004 0.0
1005 0.0
1006 0.0
1007 0.0
1008 0.0
1009 0.0
1010 0.0
1011 0.0
1012 0.0
1013 0.0
1014 0.0
1015 0.0
1016 0.0
1017 0.0
1018 0.0
1019 0.0
1020 0.0
1021 0.0
1022 0.0
1023 0.0
1024 0.0
1025 0.0
1026 0.0
1027 0.0
1028 0.0
1029 0.0
1030 0.0
1031 0.0
1032 0.0
1033 0.0
1034 0.0
1035 0.0
1036 0.0
1037 0.0
1038 0.0
1039 0.0
1040 0.0
1041 0.0
1042 0.0
1043 0.0
1044 0.0
1045 0.0
1046 0.0
1047 0.0
1048 0.0
1049 0.0
1050 0.0
1051 0.0
1052 0.0
1053 0.0
1054 0.0
1055 0.0
1056 0.0
1057 0.0
1058 0.0
1059 0.0
1060 0.0
1061 0.0
1062 0.0
1063 0.0
1064 0.0
1065 0.0
1066 0.0
1067 0.0
1068 0.0
1069 0.0
1070 0.0
1071 0.0
1072 0.0
1073 0.0
1074 0.0
1075 0.0
1076 0.0
1077 0.0
1078 0.0
1079 0.0
1080 0.0
1081 0.0
1082 0.0
1083 0.0
1084 0.0
1085 0.0
1086 0.0
1087 0.0
1088 0.0
1089 0.0
1090 0.0
1091 0.0
1092 0.0
1093 0.0
1094 0.0
1095 0.0
1096 0.0
1097 0.0
1098 0.0
1099 0.0
1100 0.0
