FL_Fluorescent_Lamp_5576K_F_Farmacia
380 0.0
381 0.0
382 0.0
383 0.0
384 0.0
385 0.0
386 0.00072005
387 0.0
388 0.00062468
389 0.0
390 0.00145768
391 0.00022493
392 0.00035878
393 0.00158364
394 0.00495855
395 0.00701239
396 0.00505308
397 0.00907191
398 0.01045817
399 0.01078151
400 0.00965479
401 0.01562448
402 0.01702527
403 0.02852655
404 0.14161205
405 0.24992477
406 0.15672411
407 0.07227575
408 0.05292589
409 0.04269888
410 0.03841596
411 0.03338142
412 0.03511912
413 0.03528757
414 0.03803434
415 0.04002451
416 0.04189634
417 0.0400724
418 0.04387668
419 0.04250205
420 0.04601053
421 0.04499593
422 0.04972775
423 0.0517946
424 0.05132841
425 0.05584859
426 0.05694832
427 0.05903912
428 0.05950545
429 0.06208099
430 0.06482084
431 0.06382866
432 0.0685386
433 0.06929852
434 0.08977205
435 0.40571774
436 1.0
437 0.69781624
438 0.37436179
439 0.12525009
440 0.08569024
441 0.08316592
442 0.08201331
443 0.08534282
444 0.0836674
445 0.08354255
446 0.08505892
447 0.08699234
448 0.09021928
449 0.08986382
450 0.09347764
451 0.09629749
452 0.09512024
453 0.09530918
454 0.09721395
455 0.09636559
456 0.09593483
457 0.09727347
458 0.09895788
459 0.10261184
460 0.10215796
461 0.10340539
462 0.10474804
463 0.10088673
464 0.10446082
465 0.10636393
466 0.10753591
467 0.10700107
468 0.10732054
469 0.10991726
470 0.10954048
471 0.11313589
472 0.11354934
473 0.11197719
474 0.11651841
475 0.11491843
476 0.11466845
477 0.11764513
478 0.11561537
479 0.11616558
480 0.11480535
481 0.11550685
482 0.11848283
483 0.11895415
484 0.11698418
485 0.11775254
486 0.11982466
487 0.11876673
488 0.11877933
489 0.11799948
490 0.11819534
491 0.1200536
492 0.12085767
493 0.12118337
494 0.11885546
495 0.11569676
496 0.11614717
497 0.11699733
498 0.11601429
499 0.11569122
500 0.11667205
501 0.11520621
502 0.11514419
503 0.11495027
504 0.11608433
505 0.11414689
506 0.11284867
507 0.11112564
508 0.11266001
509 0.11266997
510 0.11158132
511 0.11353412
512 0.11358616
513 0.10883081
514 0.1121599
515 0.10965205
516 0.11058097
517 0.10729977
518 0.10715416
519 0.10815381
520 0.10874209
521 0.1095146
522 0.10711291
523 0.10893864
524 0.10933175
525 0.10815367
526 0.10964097
527 0.10763793
528 0.10821582
529 0.10921935
530 0.11091567
531 0.10766921
532 0.10866194
533 0.10917118
534 0.11040089
535 0.10973953
536 0.110687
537 0.11280839
538 0.1125083
539 0.11438303
540 0.11594591
541 0.11600266
542 0.12193913
543 0.12338311
544 0.1275398
545 0.18634097
546 0.65732539
547 0.57035617
548 0.3876034
549 0.28535824
550 0.16350686
551 0.14006648
552 0.13448713
553 0.13688176
554 0.13676798
555 0.13730269
556 0.13977234
557 0.13873947
558 0.14142464
559 0.14557219
560 0.14807465
561 0.14902157
562 0.15037861
563 0.15276868
564 0.15198634
565 0.15288578
566 0.15681256
567 0.15541301
568 0.15948112
569 0.16237031
570 0.15724525
571 0.15964043
572 0.16251939
573 0.16195797
574 0.16214732
575 0.16543613
576 0.17492869
577 0.24452176
578 0.22054986
579 0.26682892
580 0.24629324
581 0.20397639
582 0.19018124
583 0.17273076
584 0.16613583
585 0.16567698
586 0.16398205
587 0.16418677
588 0.16657268
589 0.15848631
590 0.16245364
591 0.15920525
592 0.15941315
593 0.15821404
594 0.15292412
595 0.15135294
596 0.15237114
597 0.14791616
598 0.14633404
599 0.14723058
600 0.14330823
601 0.13983214
602 0.13922891
603 0.14041585
604 0.13470015
605 0.13196779
606 0.12962894
607 0.12907513
608 0.12568029
609 0.12286515
610 0.12031715
611 0.1198731
612 0.11684494
613 0.11691691
614 0.11233929
615 0.11115596
616 0.11255412
617 0.10854858
618 0.10540829
619 0.10343542
620 0.1016162
621 0.09966146
622 0.09946587
623 0.09796874
624 0.0931799
625 0.08967917
626 0.08973094
627 0.08660353
628 0.08483884
629 0.0822053
630 0.08173551
631 0.07892839
632 0.07568554
633 0.07618827
634 0.07239673
635 0.06923305
636 0.06937382
637 0.0671212
638 0.06424945
639 0.06418328
640 0.06192499
641 0.0587746
642 0.05929409
643 0.05837568
644 0.05607393
645 0.0525494
646 0.05201427
647 0.05210798
648 0.0494217
649 0.04678858
650 0.04748593
651 0.04776678
652 0.04493087
653 0.04440198
654 0.04208279
655 0.0399099
656 0.04086208
657 0.04087024
658 0.03866026
659 0.03844364
660 0.03407766
661 0.03646759
662 0.03489142
663 0.03337574
664 0.03214908
665 0.03009081
666 0.03025207
667 0.02884339
668 0.02960026
669 0.02839118
670 0.02655562
671 0.02615988
672 0.02497392
673 0.02530847
674 0.02243644
675 0.02402907
676 0.02224321
677 0.02104492
678 0.02103163
679 0.02105876
680 0.02093917
681 0.02162296
682 0.01996471
683 0.01972455
684 0.01910707
685 0.01803115
686 0.0193601
687 0.02044114
688 0.01705267
689 0.01514389
690 0.01843948
691 0.02121781
692 0.0154163
693 0.01629483
694 0.01584802
695 0.01650509
696 0.01348869
697 0.01517476
698 0.01616306
699 0.01598256
700 0.01280919
701 0.01251464
702 0.01326071
703 0.01418064
704 0.01398242
705 0.01194048
706 0.01054302
707 0.01014576
708 0.01257153
709 0.01351928
710 0.0121441
711 0.01027393
712 0.00764704
713 0.01262288
714 0.01117365
715 0.01123095
716 0.01089737
717 0.01215628
718 0.00937574
719 0.00979376
720 0.00864198
721 0.00828874
722 0.00857942
723 0.00755001
724 0.00854011
725 0.00904506
726 0.00969964
727 0.00515108
728 0.00662565
729 0.00851201
730 0.00956911
731 0.00795349
732 0.00633539
733 0.00982698
734 0.00965465
735 0.00452682
736 0.00598076
737 0.0056062
738 0.00835463
739 0.00351152
740 0.00484643
741 0.00502236
742 0.0053803
743 0.00665292
744 0.0057258
745 0.00920368
746 0.00729684
747 0.00704326
748 0.00366544
749 0.00436625
750 0.00167306
751 0.0023549
752 0.00419683
753 0.00494581
754 0.0062068
755 0.00583708
756 0.00631296
757 0.00494775
758 0.00383279
759 0.01174628
760 0.02186809
761 0.02581342
762 0.01387861
763 0.01115994
764 0.00547346
765 0.00238826
766 0.0017532
767 0.00059741
768 0.00283092
769 0.00161105
770 0.00954904
771 0.00249097
772 0.00641802
773 0.00587653
774 0.00501696
775 0.00092989
776 0.00406021
777 0.00398159
778 0.00135317
779 0.00167873
780 0.00490373
781 0.00258925
782 0.0
783 0.00666759
784 0.0
785 0.00698222
786 0.00598436
787 0.0
788 0.0
789 0.0
790 0.003697
791 0.00309226
792 0.00247948
793 0.00241235
794 0.00137574
795 0.00339207
796 0.0
797 0.00292103
798 0.0
799 0.00167763
800 0.00165922
801 0.0
802 0.0
803 0.00481362
804 0.00641096
805 0.00439989
806 0.0
807 0.0
808 0.0
809 0.0
810 0.0113637
811 0.02990381
812 0.03483508
813 0.02666815
814 0.01682331
815 0.00578836
816 0.00023254
817 0.00154613
818 0.0
819 0.00171195
820 0.00679203
821 0.0
822 0.00127428
823 0.0019636
824 0.00137394
825 0.00090138
826 0.01101779
827 0.00434065
828 0.00289293
829 0.00435324
830 0.00182283
831 0.00905101
832 0.0074855
833 0.00782573
834 0.0
835 0.00235836
836 0.0
837 0.0
838 0.0
839 0.0
840 0.0
841 0.0
842 0.0
843 0.0
844 0.0
845 0.0
846 0.00660863
847 0.0
848 0.01180262
849 0.0
850 0.0
851 0.0015327
852 0.0
853 0.0
854 0.0
855 0.0
856 0.0
857 0.0
858 0.0
859 0.0
860 0.0
861 0.0
862 0.00283494
863 0.0
864 0.00501765
865 0.0029901
866 0.0
867 7.101e-05
868 0.0
869 0.0
870 0.00103301
871 0.0
872 0.0
873 0.0
874 0.0
875 0.0
876 0.0
877 0.0
878 0.01127774
879 0.0255651
880 0.0
881 0.00212333
882 0.0
883 0.0
884 0.0
885 0.0
886 0.0
887 0.00750806
888 0.0
889 0.0
890 0.0
891 0.0
892 0.0
893 0.00970531
894 0.01323538
895 0.01796194
896 0.0
897 0.00580359
898 0.0
899 0.01144979
900 0.0
901 0.0
902 0.0
903 0.0
904 0.0
905 0.0
906 0.0
907 0.0
908 0.0
909 0.0
910 0.0
911 0.0
912 0.0
913 0.0
914 0.0
915 0.0
916 0.0
917 0.0
918 0.0
919 0.0
920 0.0
921 0.0
922 0.0
923 0.0
924 0.0
925 0.0
926 0.0
927 0.0
928 0.0
929 0.0
930 0.0
931 0.0
932 0.0
933 0.0
934 0.0
935 0.0
936 0.0
937 0.0
938 0.0
939 0.0
940 0.0
941 0.0
942 0.0
943 0.0
944 0.0
945 0.0
946 0.0
947 0.0
948 0.0
949 0.0
950 0.0
951 0.0
952 0.0
953 0.0
954 0.0
955 0.0
956 0.0
957 0.0
958 0.0
959 0.0
960 0.0
961 0.0
962 0.0
963 0.0
964 0.0
965 0.0
966 0.0
967 0.0
968 0.0
969 0.0
970 0.0
971 0.0
972 0.0
973 0.0
974 0.0
975 0.0
976 0.0
977 0.0
978 0.0
979 0.0
980 0.0
981 0.0
982 0.0
983 0.0
984 0.0
985 0.0
986 0.0
987 0.0
988 0.0
989 0.0
990 0.0
991 0.0
992 0.0
993 0.0
994 0.0
995 0.0
996 0.0
997 0.0
998 0.0
999 0.0
1000 0.0
1001 0.0
1002 0.0
1003 0.0
1004 0.0
1005 0.0
1006 0.0
1007 0.0
1008 0.0
1009 0.0
1010 0.0
1011 0.0
1012 0.0
1013 0.0
1014 0.0
1015 0.0
1016 0.0
1017 0.0
1018 0.0
1019 0.0
1020 0.0
1021 0.0
1022 0.0
1023 0.0
1024 0.0
1025 0.0
1026 0.0
1027 0.0
1028 0.0
1029 0.0
1030 0.0
1031 0.0
1032 0.0
1033 0.0
1034 0.0
1035 0.0
1036 0.0
1037 0.0
1038 0.0
1039 0.0
1040 0.0
1041 0.0
1042 0.0
1043 0.0
1044 0.0
1045 0.0
1046 0.0
1047 0.0
1048 0.0
1049 0.0
1050 0.0
1051 0.0
1052 0.0
1053 0.0
1054 0.0
1055 0.0
1056 0.0
1057 0.0
1058 0.0
1059 0.0
1060 0.0
1061 0.0
1062 0.0
1063 0.0
1064 0.0
1065 0.0
1066 0.0
1067 0.0
1068 0.0
1069 0.0
1070 0.0
1071 0.0
1072 0.0
1073 0.0
1074 0.0
1075 0.0
1076 0.0
1077 0.0
1078 0.0
1079 0.0
1080 0.0
1081 0.0
1082 0.0
1083 0.0
1084 0.0
1085 0.0
1086 0.0
1087 0.0
1088 0.0
1089 0.0
1090 0.0
1091 0.0
1092 0.0
1093 0.0
1094 0.0
1095 0.0
1096 0.0
1097 0.0
1098 0.0
1099 0.0
1100 0.0
