F_Flame_lighter_2165K_
380 0.00450205
381 0.00474616
382 0.0049302
383 0.00492493
384 0.00507904
385 0.00520474
386 0.0054722
387 0.00468313
388 0.00574623
389 0.00540616
390 0.00537629
391 0.00568323
392 0.00586848
393 0.00558725
394 0.00556436
395 0.00587384
396 0.00555847
397 0.0066008
398 0.00618507
399 0.00654601
400 0.00663004
401 0.00681801
402 0.0068269
403 0.00705679
404 0.00708025
405 0.00687336
406 0.00719488
407 0.00734621
408 0.00781367
409 0.00797124
410 0.00798499
411 0.00868022
412 0.00816752
413 0.00873421
414 0.00873864
415 0.00927298
416 0.00941505
417 0.00956376
418 0.00966084
419 0.00966259
420 0.00978757
421 0.00986632
422 0.01068459
423 0.01090812
424 0.01145081
425 0.0116657
426 0.01227848
427 0.01252058
428 0.0122367
429 0.01340203
430 0.01440736
431 0.01550341
432 0.01519407
433 0.01427561
434 0.01419454
435 0.01417839
436 0.01463203
437 0.01470287
438 0.01543894
439 0.01563599
440 0.01598859
441 0.01660899
442 0.01592065
443 0.01648886
444 0.01693622
445 0.01752359
446 0.01735134
447 0.0177835
448 0.01899822
449 0.01941632
450 0.01959055
451 0.01952971
452 0.01980164
453 0.02109502
454 0.02112992
455 0.02172154
456 0.0217003
457 0.02201968
458 0.02233314
459 0.02330188
460 0.02317875
461 0.02390953
462 0.02496532
463 0.02458879
464 0.02536919
465 0.02664143
466 0.02654349
467 0.02702969
468 0.02772327
469 0.02843609
470 0.02930109
471 0.02995301
472 0.03113263
473 0.03085474
474 0.03172677
475 0.03234586
476 0.03234046
477 0.03347722
478 0.03362606
479 0.03397121
480 0.03539485
481 0.03560209
482 0.03633444
483 0.03643545
484 0.03765969
485 0.03811074
486 0.03900743
487 0.03914038
488 0.03968792
489 0.0410855
490 0.04159833
491 0.04239085
492 0.04253904
493 0.04271547
494 0.04396908
495 0.04464449
496 0.04574328
497 0.04671255
498 0.04693345
499 0.04813289
500 0.0486239
501 0.04977564
502 0.05021461
503 0.05145897
504 0.05168041
505 0.05387969
506 0.05400634
507 0.05491035
508 0.05609064
509 0.05682702
510 0.05830053
511 0.0592637
512 0.06087853
513 0.06107619
514 0.06309129
515 0.06363827
516 0.0646455
517 0.06507528
518 0.06561344
519 0.06640161
520 0.06691858
521 0.06732611
522 0.06909076
523 0.07076573
524 0.07098033
525 0.07199766
526 0.07331708
527 0.07412245
528 0.07621516
529 0.07718685
530 0.07751777
531 0.07875359
532 0.07957046
533 0.08079275
534 0.08050476
535 0.08355364
536 0.08433223
537 0.08508243
538 0.08618079
539 0.08729865
540 0.08792435
541 0.08996386
542 0.0917951
543 0.09318836
544 0.09353391
545 0.09471122
546 0.0965978
547 0.09745871
548 0.0990451
549 0.10031375
550 0.10117957
551 0.10293551
552 0.10430663
553 0.10576406
554 0.10707824
555 0.10880946
556 0.11042659
557 0.11257459
558 0.11339225
559 0.11561917
560 0.11660523
561 0.11814983
562 0.1193593
563 0.12100566
564 0.12159554
565 0.12283687
566 0.12423868
567 0.12725932
568 0.12696345
569 0.12913552
570 0.12853265
571 0.13114624
572 0.1330222
573 0.13512257
574 0.13578044
575 0.13665702
576 0.13860915
577 0.14030567
578 0.14198374
579 0.14335654
580 0.14412482
581 0.14497889
582 0.14825386
583 0.15036446
584 0.15109109
585 0.15419838
586 0.15650419
587 0.15902727
588 0.15931205
589 0.16113849
590 0.1624893
591 0.16296122
592 0.16715897
593 0.16710123
594 0.16915094
595 0.17058335
596 0.17285154
597 0.17444805
598 0.17637227
599 0.17801238
600 0.17999666
601 0.18261649
602 0.18530467
603 0.18728249
604 0.18845744
605 0.1904173
606 0.19072519
607 0.19127986
608 0.1939801
609 0.19470987
610 0.19740809
611 0.19862965
612 0.20101269
613 0.2030536
614 0.20472083
615 0.20851353
616 0.21116512
617 0.21391082
618 0.21739185
619 0.21816303
620 0.22134539
621 0.221447
622 0.22349399
623 0.2256013
624 0.22711599
625 0.23098671
626 0.23253221
627 0.2347375
628 0.23694818
629 0.23945137
630 0.24117578
631 0.24348616
632 0.24370573
633 0.24712463
634 0.24959439
635 0.25043361
636 0.25262305
637 0.25680009
638 0.25821315
639 0.25991117
640 0.26230095
641 0.26300725
642 0.26668842
643 0.26862783
644 0.26844196
645 0.26969171
646 0.27432933
647 0.27816514
648 0.28023942
649 0.28214431
650 0.28471401
651 0.28717033
652 0.28985233
653 0.28984679
654 0.29392703
655 0.29470874
656 0.2974261
657 0.2983957
658 0.30155111
659 0.30643849
660 0.30536713
661 0.30899895
662 0.31161536
663 0.31275061
664 0.31579947
665 0.31644061
666 0.32055462
667 0.32244609
668 0.32356037
669 0.32751912
670 0.331431
671 0.33503637
672 0.33402569
673 0.3373088
674 0.33982064
675 0.34255242
676 0.34533542
677 0.34724382
678 0.34975592
679 0.35320496
680 0.35435458
681 0.35838415
682 0.36133675
683 0.36414758
684 0.36336172
685 0.36867475
686 0.36909633
687 0.37274608
688 0.37337781
689 0.3764651
690 0.37828541
691 0.3815193
692 0.38626787
693 0.38955729
694 0.39128185
695 0.39690116
696 0.39753297
697 0.39769174
698 0.40204645
699 0.4057212
700 0.4082739
701 0.41255516
702 0.42039043
703 0.42295029
704 0.42411572
705 0.42437656
706 0.42724151
707 0.42841493
708 0.42849506
709 0.43709818
710 0.44089683
711 0.44603214
712 0.44390664
713 0.44842136
714 0.45038824
715 0.45243174
716 0.45631289
717 0.4592054
718 0.46049799
719 0.46436371
720 0.47225587
721 0.4740852
722 0.47611749
723 0.4801874
724 0.48215455
725 0.48700577
726 0.48409994
727 0.48872989
728 0.49625348
729 0.4989794
730 0.49879753
731 0.50629338
732 0.50808946
733 0.513519
734 0.51062541
735 0.51333637
736 0.51884838
737 0.52084887
738 0.52890592
739 0.53040349
740 0.53130722
741 0.53554387
742 0.53916544
743 0.53126286
744 0.53328128
745 0.52815772
746 0.53270894
747 0.5318242
748 0.53451457
749 0.53973767
750 0.5410046
751 0.54345108
752 0.54809608
753 0.55080985
754 0.55614483
755 0.55473017
756 0.56498908
757 0.57032458
758 0.57407555
759 0.57641432
760 0.58727258
761 0.59207811
762 0.5975691
763 0.59583417
764 0.60259706
765 0.60010045
766 0.60319559
767 0.60626647
768 0.61311654
769 0.61194041
770 0.61699386
771 0.61914854
772 0.62119941
773 0.62674044
774 0.6271975
775 0.63407189
776 0.63193836
777 0.64165787
778 0.64548736
779 0.64875252
780 0.65015087
781 0.65684906
782 0.6656386
783 0.66965275
784 0.6708626
785 0.67605253
786 0.67631572
787 0.68545535
788 0.68299165
789 0.69422759
790 0.69639532
791 0.69803421
792 0.71332608
793 0.70492768
794 0.70125514
795 0.70339463
796 0.7064715
797 0.70738783
798 0.71378179
799 0.71799134
800 0.71965386
801 0.72605762
802 0.72229526
803 0.72352804
804 0.7307946
805 0.72877048
806 0.72848873
807 0.73432813
808 0.73154537
809 0.73578074
810 0.74087248
811 0.75013756
812 0.75523557
813 0.75985285
814 0.76300187
815 0.76289644
816 0.76161745
817 0.76684666
818 0.76095084
819 0.77018941
820 0.77430779
821 0.782395
822 0.78186792
823 0.80602284
824 0.80415119
825 0.80823238
826 0.80935452
827 0.81100334
828 0.8100802
829 0.81397132
830 0.81865394
831 0.81854345
832 0.81844617
833 0.82456812
834 0.8224292
835 0.83697229
836 0.82874012
837 0.8306204
838 0.82459203
839 0.82575818
840 0.83692346
841 0.82349716
842 0.82809375
843 0.84447996
844 0.84448096
845 0.84097279
846 0.84530819
847 0.85821977
848 0.86083712
849 0.85797736
850 0.85930744
851 0.85892057
852 0.86398685
853 0.87638432
854 0.87198416
855 0.87884188
856 0.86852115
857 0.88225457
858 0.880111
859 0.88988236
860 0.89419698
861 0.90009539
862 0.88613618
863 0.8952125
864 0.89568558
865 0.90103779
866 0.90534432
867 0.91961504
868 0.92383622
869 0.92047551
870 0.92181657
871 0.92992254
872 0.9336484
873 0.93301714
874 0.93275679
875 0.93876805
876 0.947715
877 0.94418885
878 0.95050924
879 0.92722296
880 0.93560213
881 0.94527142
882 0.93971197
883 0.94927862
884 0.9638704
885 0.9572646
886 0.95859547
887 0.95328494
888 0.97016383
889 0.97046244
890 0.96567944
891 0.97556405
892 0.97331328
893 0.97701953
894 0.95149236
895 0.98400172
896 0.96856848
897 0.97350174
898 0.98938635
899 0.98677586
900 1.0
901 0.0
902 0.0
903 0.0
904 0.0
905 0.0
906 0.0
907 0.0
908 0.0
909 0.0
910 0.0
911 0.0
912 0.0
913 0.0
914 0.0
915 0.0
916 0.0
917 0.0
918 0.0
919 0.0
920 0.0
921 0.0
922 0.0
923 0.0
924 0.0
925 0.0
926 0.0
927 0.0
928 0.0
929 0.0
930 0.0
931 0.0
932 0.0
933 0.0
934 0.0
935 0.0
936 0.0
937 0.0
938 0.0
939 0.0
940 0.0
941 0.0
942 0.0
943 0.0
944 0.0
945 0.0
946 0.0
947 0.0
948 0.0
949 0.0
950 0.0
951 0.0
952 0.0
953 0.0
954 0.0
955 0.0
956 0.0
957 0.0
958 0.0
959 0.0
960 0.0
961 0.0
962 0.0
963 0.0
964 0.0
965 0.0
966 0.0
967 0.0
968 0.0
969 0.0
970 0.0
971 0.0
972 0.0
973 0.0
974 0.0
975 0.0
976 0.0
977 0.0
978 0.0
979 0.0
980 0.0
981 0.0
982 0.0
983 0.0
984 0.0
985 0.0
986 0.0
987 0.0
988 0.0
989 0.0
990 0.0
991 0.0
992 0.0
993 0.0
994 0.0
995 0.0
996 0.0
997 0.0
998 0.0
999 0.0
1000 0.0
1001 0.0
1002 0.0
1003 0.0
1004 0.0
1005 0.0
1006 0.0
1007 0.0
1008 0.0
1009 0.0
1010 0.0
1011 0.0
1012 0.0
1013 0.0
1014 0.0
1015 0.0
1016 0.0
1017 0.0
1018 0.0
1019 0.0
1020 0.0
1021 0.0
1022 0.0
1023 0.0
1024 0.0
1025 0.0
1026 0.0
1027 0.0
1028 0.0
1029 0.0
1030 0.0
1031 0.0
1032 0.0
1033 0.0
1034 0.0
1035 0.0
1036 0.0
1037 0.0
1038 0.0
1039 0.0
1040 0.0
1041 0.0
1042 0.0
1043 0.0
1044 0.0
1045 0.0
1046 0.0
1047 0.0
1048 0.0
1049 0.0
1050 0.0
1051 0.0
1052 0.0
1053 0.0
1054 0.0
1055 0.0
1056 0.0
1057 0.0
1058 0.0
1059 0.0
1060 0.0
1061 0.0
1062 0.0
1063 0.0
1064 0.0
1065 0.0
1066 0.0
1067 0.0
1068 0.0
1069 0.0
1070 0.0
1071 0.0
1072 0.0
1073 0.0
1074 0.0
1075 0.0
1076 0.0
1077 0.0
1078 0.0
1079 0.0
1080 0.0
1081 0.0
1082 0.0
1083 0.0
1084 0.0
1085 0.0
1086 0.0
1087 0.0
1088 0.0
1089 0.0
1090 0.0
1091 0.0
1092 0.0
1093 0.0
1094 0.0
1095 0.0
1096 0.0
1097 0.0
1098 0.0
1099 0.0
1100 0.0
