HPS_High_Pressure_Sodium_1732K_SFH_Toledo
380 0.00075792
381 0.0
382 0.0
383 0.00036419
384 0.00306721
385 6.445e-05
386 0.0
387 0.0
388 0.0005294
389 0.0
390 0.0
391 0.00281556
392 0.00169563
393 0.0
394 0.00029002
395 0.00383114
396 0.00171506
397 0.00268231
398 0.0
399 0.00223897
400 0.0
401 0.00154512
402 0.00199626
403 4.731e-05
404 0.00474084
405 0.00491041
406 0.00615962
407 0.00441758
408 0.00774067
409 0.00715129
410 0.00696255
411 0.00439175
412 0.00322923
413 0.00318627
414 0.00341938
415 0.00528559
416 0.00501245
417 0.00457614
418 0.00401042
419 0.00379981
420 0.00657061
421 0.0056384
422 0.01327677
423 0.00621525
424 0.00552587
425 0.00752392
426 0.00669746
427 0.00880063
428 0.00650923
429 0.00691997
430 0.00671882
431 0.00556909
432 0.00746625
433 0.00951877
434 0.00789617
435 0.01252077
436 0.0231339
437 0.01963779
438 0.01125813
439 0.0162312
440 0.01277384
441 0.01642173
442 0.01190838
443 0.0117915
444 0.00866035
445 0.00894372
446 0.01235786
447 0.01457764
448 0.01389313
449 0.01941913
450 0.0211113
451 0.02277125
452 0.02067435
453 0.01892962
454 0.01856211
455 0.0198002
456 0.01812107
457 0.01117629
458 0.01103831
459 0.01075724
460 0.01128985
461 0.01274826
462 0.01206771
463 0.0145279
464 0.01687249
465 0.02087294
466 0.03129566
467 0.04595067
468 0.04795793
469 0.0383802
470 0.0276791
471 0.02570023
472 0.02070005
473 0.01680881
474 0.01429478
475 0.015989
476 0.01614066
477 0.00969128
478 0.0056494
479 0.00316529
480 0.00261249
481 0.00158476
482 0.00189537
483 0.00237362
484 0.00506002
485 0.00176212
486 0.00411119
487 0.00240712
488 0.0035337
489 0.00394201
490 0.00512358
491 0.00678544
492 0.01062643
493 0.00812404
494 0.00805166
495 0.01292921
496 0.0211549
497 0.04899666
498 0.1222084
499 0.15319435
500 0.09669462
501 0.04659862
502 0.02426943
503 0.01322958
504 0.00957811
505 0.00733249
506 0.00626806
507 0.00539621
508 0.00486041
509 0.00611077
510 0.00396247
511 0.00328371
512 0.00400659
513 0.003736
514 0.00847889
515 0.03007714
516 0.0431846
517 0.02172126
518 0.01009383
519 0.00481898
520 0.00440645
521 0.00368383
522 0.00316606
523 0.00368421
524 0.00355327
525 0.00315813
526 0.00355557
527 0.00288013
528 0.00428369
529 0.00391937
530 0.00380045
531 0.00316248
532 0.00411119
533 0.00648672
534 0.00575886
535 0.00576679
536 0.00469609
537 0.00406413
538 0.00456271
539 0.00649184
540 0.00501117
541 0.00557664
542 0.00559492
543 0.00584671
544 0.00532255
545 0.00753863
546 0.02781528
547 0.02907358
548 0.01639565
549 0.01232934
550 0.01826518
551 0.02036643
552 0.02030543
553 0.02254593
554 0.02592375
555 0.02343032
556 0.02329413
557 0.02313556
558 0.02559652
559 0.02831464
560 0.03101907
561 0.03407938
562 0.03434804
563 0.03937392
564 0.04419712
565 0.05602621
566 0.08608532
567 0.1601147
568 0.33334557
569 0.6546389
570 0.56490542
571 0.29562597
572 0.16207848
573 0.10551315
574 0.08955957
575 0.08560081
576 0.08777558
577 0.09547188
578 0.10638104
579 0.12001777
580 0.1372831
581 0.1541758
582 0.18918086
583 0.22600943
584 0.27729749
585 0.33997845
586 0.40779924
587 0.41535909
588 0.27065552
589 0.10441956
590 0.04819961
591 0.05282524
592 0.13417906
593 0.25874241
594 0.3599789
595 0.41640012
596 0.44204383
597 0.44757891
598 0.43305062
599 0.41905213
600 0.40493291
601 0.38721913
602 0.3588857
603 0.34548732
604 0.32491718
605 0.30848727
606 0.289929
607 0.27630824
608 0.2646918
609 0.24337654
610 0.2298517
611 0.22385064
612 0.20470005
613 0.20757571
614 0.19471952
615 0.21950468
616 0.31066434
617 0.29274212
618 0.20498381
619 0.16803504
620 0.15398872
621 0.14299337
622 0.13876453
623 0.13730522
624 0.12973169
625 0.1260265
626 0.12043669
627 0.11699813
628 0.11348361
629 0.11190921
630 0.10820965
631 0.10256946
632 0.10222918
633 0.10046949
634 0.09788258
635 0.09587647
636 0.09161733
637 0.09058845
638 0.0904561
639 0.08558035
640 0.07986113
641 0.07924771
642 0.0805349
643 0.08030588
644 0.07726859
645 0.07709723
646 0.0755048
647 0.07377465
648 0.07267096
649 0.07142968
650 0.06851169
651 0.06605828
652 0.06634715
653 0.06553041
654 0.06547376
655 0.06884123
656 0.0664341
657 0.0668043
658 0.06150835
659 0.06216716
660 0.07306072
661 0.06010467
662 0.0554353
663 0.05539426
664 0.05312076
665 0.05331321
666 0.05493416
667 0.05856543
668 0.06268902
669 0.06198916
670 0.06852205
671 0.07006742
672 0.07269372
673 0.06722322
674 0.07135973
675 0.0657689
676 0.06447058
677 0.06550778
678 0.05675574
679 0.05325516
680 0.04635872
681 0.04390851
682 0.04682636
683 0.04353281
684 0.03436045
685 0.03564073
686 0.03027829
687 0.02748217
688 0.02422723
689 0.0205209
690 0.02250514
691 0.02481444
692 0.02638449
693 0.02583335
694 0.02208379
695 0.01853819
696 0.01897144
697 0.0221976
698 0.01997487
699 0.02419373
700 0.02315615
701 0.02007231
702 0.02267291
703 0.02828152
704 0.01787324
705 0.01945608
706 0.02384067
707 0.01729768
708 0.02038983
709 0.02411701
710 0.0206975
711 0.01603197
712 0.01244034
713 0.01607762
714 0.01555474
715 0.01418123
716 0.0195704
717 0.02139505
718 0.02239478
719 0.02184262
720 0.01729499
721 0.01133179
722 0.01772747
723 0.017829
724 0.01228932
725 0.01006263
726 0.0178625
727 0.00935292
728 0.01959905
729 0.02319861
730 0.02010288
731 0.01867566
732 0.01757261
733 0.01471549
734 0.01480999
735 0.01150774
736 0.01035751
737 0.01480462
738 0.01634066
739 0.01243126
740 0.01806557
741 0.01763872
742 0.01332945
743 0.01130903
744 0.01279008
745 0.01647608
746 0.01149163
747 0.01526574
748 0.01306053
749 0.02164275
750 0.01093755
751 0.01202768
752 0.0155688
753 0.01553313
754 0.01376474
755 0.01316667
756 0.0139132
757 0.01806659
758 0.01225108
759 0.00837634
760 0.01599847
761 0.00548815
762 0.00877109
763 0.01269724
764 0.01265133
765 0.02275245
766 0.02457697
767 0.03282198
768 0.0322101
769 0.02483221
770 0.02766107
771 0.01831313
772 0.01191196
773 0.01439785
774 0.01536497
775 0.01296296
776 0.02295871
777 0.01151299
778 0.0104382
779 0.01178677
780 0.00647355
781 0.01467841
782 0.00511053
783 0.01357996
784 0.00712789
785 0.01142041
786 0.01733118
787 0.00721382
788 0.01332562
789 0.01131887
790 0.00718697
791 0.01066466
792 0.01565947
793 0.00356964
794 0.00909512
795 0.0176102
796 0.02047039
797 0.0167693
798 0.00877518
799 0.00778555
800 0.02647042
801 0.02474999
802 0.01102732
803 0.0152394
804 0.00526833
805 0.01756634
806 0.01373738
807 0.01105941
808 0.02379463
809 0.02326804
810 0.02184569
811 0.01253586
812 0.03241969
813 0.02572299
814 0.03106267
815 0.0339804
816 0.07317747
817 0.1631066
818 0.4765131
819 0.82614639
820 1.0
821 0.90236384
822 0.58718627
823 0.35318118
824 0.19518192
825 0.12935254
826 0.09594003
827 0.07752868
828 0.05443609
829 0.03684992
830 0.05291974
831 0.03789466
832 0.04583891
833 0.01670868
834 0.0172629
835 0.03216892
836 0.01586509
837 0.02172484
838 0.02275207
839 0.0150926
840 0.01362229
841 0.005865
842 0.01169125
843 0.0083202
844 0.00693659
845 0.00192938
846 0.0075284
847 0.02220898
848 0.02329477
849 0.00224843
850 0.01055124
851 0.02948393
852 0.0
853 0.0014987
854 0.01477074
855 0.00386976
856 0.0060173
857 0.00924128
858 0.01583773
859 0.03703662
860 0.00257617
861 0.03264935
862 0.0
863 1.79e-06
864 0.01107591
865 0.00362616
866 0.01868257
867 0.01253445
868 0.00786803
869 0.01522751
870 0.00798133
871 0.01754537
872 0.00976519
873 0.02788114
874 0.0
875 0.0
876 0.01583172
877 0.00189652
878 0.00939959
879 0.00895305
880 0.0
881 0.0
882 0.0
883 0.00570822
884 0.00091533
885 0.0
886 0.0
887 0.01686981
888 0.00274906
889 0.01529797
890 0.0
891 0.00967146
892 0.00682611
893 0.0
894 0.0
895 0.01781289
896 0.00077224
897 0.03554201
898 0.00940676
899 0.00420134
900 0.0
901 0.0
902 0.0
903 0.0
904 0.0
905 0.0
906 0.0
907 0.0
908 0.0
909 0.0
910 0.0
911 0.0
912 0.0
913 0.0
914 0.0
915 0.0
916 0.0
917 0.0
918 0.0
919 0.0
920 0.0
921 0.0
922 0.0
923 0.0
924 0.0
925 0.0
926 0.0
927 0.0
928 0.0
929 0.0
930 0.0
931 0.0
932 0.0
933 0.0
934 0.0
935 0.0
936 0.0
937 0.0
938 0.0
939 0.0
940 0.0
941 0.0
942 0.0
943 0.0
944 0.0
945 0.0
946 0.0
947 0.0
948 0.0
949 0.0
950 0.0
951 0.0
952 0.0
953 0.0
954 0.0
955 0.0
956 0.0
957 0.0
958 0.0
959 0.0
960 0.0
961 0.0
962 0.0
963 0.0
964 0.0
965 0.0
966 0.0
967 0.0
968 0.0
969 0.0
970 0.0
971 0.0
972 0.0
973 0.0
974 0.0
975 0.0
976 0.0
977 0.0
978 0.0
979 0.0
980 0.0
981 0.0
982 0.0
983 0.0
984 0.0
985 0.0
986 0.0
987 0.0
988 0.0
989 0.0
990 0.0
991 0.0
992 0.0
993 0.0
994 0.0
995 0.0
996 0.0
997 0.0
998 0.0
999 0.0
1000 0.0
1001 0.0
1002 0.0
1003 0.0
1004 0.0
1005 0.0
1006 0.0
1007 0.0
1008 0.0
1009 0.0
1010 0.0
1011 0.0
1012 0.0
1013 0.0
1014 0.0
1015 0.0
1016 0.0
1017 0.0
1018 0.0
1019 0.0
1020 0.0
1021 0.0
1022 0.0
1023 0.0
1024 0.0
1025 0.0
1026 0.0
1027 0.0
1028 0.0
1029 0.0
1030 0.0
1031 0.0
1032 0.0
1033 0.0
1034 0.0
1035 0.0
1036 0.0
1037 0.0
1038 0.0
1039 0.0
1040 0.0
1041 0.0
1042 0.0
1043 0.0
1044 0.0
1045 0.0
1046 0.0
1047 0.0
1048 0.0
1049 0.0
1050 0.0
1051 0.0
1052 0.0
1053 0.0
1054 0.0
1055 0.0
1056 0.0
1057 0.0
1058 0.0
1059 0.0
1060 0.0
1061 0.0
1062 0.0
1063 0.0
1064 0.0
1065 0.0
1066 0.0
1067 0.0
1068 0.0
1069 0.0
1070 0.0
1071 0.0
1072 0.0
1073 0.0
1074 0.0
1075 0.0
1076 0.0
1077 0.0
1078 0.0
1079 0.0
1080 0.0
1081 0.0
1082 0.0
1083 0.0
1084 0.0
1085 0.0
1086 0.0
1087 0.0
1088 0.0
1089 0.0
1090 0.0
1091 0.0
1092 0.0
1093 0.0
1094 0.0
1095 0.0
1096 0.0
1097 0.0
1098 0.0
1099 0.0
1100 0.0
