HPS_High_Pressure_Sodium_1819K_Riba_Roja_Plaza_Ajuntament
380 0.00021558
381 0.00151765
382 0.00133289
383 0.00103131
384 0.00089582
385 0.0011624
386 0.00162816
387 0.00202927
388 0.00116911
389 0.00156234
390 0.00168903
391 0.0019828
392 0.00300086
393 0.00240673
394 0.00315937
395 0.00306491
396 0.00349121
397 0.0041109
398 0.00468341
399 0.00370277
400 0.00406918
401 0.00416967
402 0.00458991
403 0.0038765
404 0.00478735
405 0.00760351
406 0.00750804
407 0.00604015
408 0.00531171
409 0.00660855
410 0.00575962
411 0.00691966
412 0.00735313
413 0.00650532
414 0.00666387
415 0.00730231
416 0.00751398
417 0.00821371
418 0.00886252
419 0.00810038
420 0.00807674
421 0.00965742
422 0.01028458
423 0.00947859
424 0.0099219
425 0.01044557
426 0.01010997
427 0.0116513
428 0.01203336
429 0.01212075
430 0.01149903
431 0.01303959
432 0.01391439
433 0.01363435
434 0.01386896
435 0.01418059
436 0.01732762
437 0.01861569
438 0.0171453
439 0.0181215
440 0.01722343
441 0.0170235
442 0.01603108
443 0.01438103
444 0.01321137
445 0.01338617
446 0.01468685
447 0.01649491
448 0.01892835
449 0.02403925
450 0.02882728
451 0.03140792
452 0.02760863
453 0.02524249
454 0.02143097
455 0.02209135
456 0.0199054
457 0.01615769
458 0.01350653
459 0.01268238
460 0.01309877
461 0.01300437
462 0.01442653
463 0.01695184
464 0.01989313
465 0.02475219
466 0.03661395
467 0.05943027
468 0.06457943
469 0.05210358
470 0.0401182
471 0.03228445
472 0.02653398
473 0.02062501
474 0.01707798
475 0.01958793
476 0.02017638
477 0.01258515
478 0.00756294
479 0.00535673
480 0.00421725
481 0.00371503
482 0.00364567
483 0.00375968
484 0.00396065
485 0.00366342
486 0.00439312
487 0.00433193
488 0.00444541
489 0.0056601
490 0.00607051
491 0.00932006
492 0.00971549
493 0.00966155
494 0.0101078
495 0.0131819
496 0.02226595
497 0.05446993
498 0.13912883
499 0.18348569
500 0.12694085
501 0.07350229
502 0.03999362
503 0.02146809
504 0.01339509
505 0.01006384
506 0.00812304
507 0.0074237
508 0.00685839
509 0.00618855
510 0.00632048
511 0.006028
512 0.00614098
513 0.00659537
514 0.00963059
515 0.03426678
516 0.04716502
517 0.0267981
518 0.01641462
519 0.00998712
520 0.00720811
521 0.00609932
522 0.00589556
523 0.00611537
524 0.00567228
525 0.00652342
526 0.00614045
527 0.0060972
528 0.00620089
529 0.00626471
530 0.00684091
531 0.00633303
532 0.00666979
533 0.00656582
534 0.00677498
535 0.00671629
536 0.00722001
537 0.00758873
538 0.00793194
539 0.00807041
540 0.00868175
541 0.00863265
542 0.00890114
543 0.00906567
544 0.00977647
545 0.01117859
546 0.01775962
547 0.01957873
548 0.02023574
549 0.02459463
550 0.03162739
551 0.03895441
552 0.04473322
553 0.04797905
554 0.0490774
555 0.04660261
556 0.04774001
557 0.04879573
558 0.0514135
559 0.05383261
560 0.05582455
561 0.0604136
562 0.06283853
563 0.06721996
564 0.07379673
565 0.08395602
566 0.1157713
567 0.18802552
568 0.38615984
569 0.64582902
570 0.5460753
571 0.35398864
572 0.25195849
573 0.18315611
574 0.15313601
575 0.15139654
576 0.15988037
577 0.17436586
578 0.19382453
579 0.21775967
580 0.24916095
581 0.2852134
582 0.33015557
583 0.38336241
584 0.43090709
585 0.46653106
586 0.43862762
587 0.31426551
588 0.17071728
589 0.08511059
590 0.04472266
591 0.03772182
592 0.08571071
593 0.18654659
594 0.30046974
595 0.39547936
596 0.45433407
597 0.4890128
598 0.49574542
599 0.49280344
600 0.4777866
601 0.46237824
602 0.44382798
603 0.42224898
604 0.40066945
605 0.37392854
606 0.35301088
607 0.33234654
608 0.31296003
609 0.29633244
610 0.27897538
611 0.26279308
612 0.25035543
613 0.23593924
614 0.22794532
615 0.26299155
616 0.33783973
617 0.29672493
618 0.23560518
619 0.20623278
620 0.18537912
621 0.16752521
622 0.16029758
623 0.15175901
624 0.14582046
625 0.14169809
626 0.1371155
627 0.13266616
628 0.12699912
629 0.12377
630 0.11886045
631 0.11726135
632 0.11347367
633 0.11166299
634 0.1068543
635 0.10492153
636 0.10250296
637 0.10208876
638 0.09800772
639 0.09628231
640 0.0948026
641 0.09413575
642 0.09230914
643 0.09052759
644 0.08977364
645 0.08878666
646 0.08786247
647 0.08777468
648 0.08484997
649 0.08330382
650 0.08119856
651 0.07645962
652 0.07579256
653 0.07628641
654 0.07597064
655 0.07749667
656 0.07720943
657 0.07820572
658 0.07568487
659 0.07504262
660 0.07135704
661 0.0697429
662 0.06638843
663 0.0652719
664 0.06357261
665 0.06440081
666 0.06655806
667 0.06791323
668 0.07012454
669 0.07436897
670 0.07502624
671 0.07710106
672 0.07661238
673 0.07533741
674 0.07534911
675 0.07471262
676 0.07090036
677 0.06673687
678 0.06302099
679 0.05982443
680 0.05608812
681 0.05265647
682 0.04874679
683 0.04464063
684 0.04122032
685 0.03839479
686 0.03543204
687 0.03284189
688 0.03325671
689 0.02999844
690 0.02937641
691 0.02892536
692 0.0274124
693 0.02675641
694 0.0265884
695 0.02545225
696 0.02512602
697 0.02419125
698 0.02456948
699 0.02379113
700 0.02278383
701 0.02293336
702 0.02224429
703 0.02288532
704 0.02212023
705 0.02265695
706 0.02194354
707 0.0221841
708 0.02152243
709 0.02180488
710 0.02135291
711 0.02182315
712 0.02167378
713 0.02117675
714 0.02285358
715 0.02139206
716 0.02104288
717 0.02130691
718 0.02029664
719 0.02111359
720 0.02003733
721 0.02028696
722 0.02029977
723 0.02071223
724 0.01978885
725 0.02107856
726 0.01997296
727 0.01783877
728 0.01911768
729 0.02141088
730 0.02037598
731 0.0209908
732 0.02033179
733 0.01946628
734 0.01949975
735 0.01961973
736 0.01885375
737 0.02056713
738 0.0198678
739 0.01927608
740 0.01900504
741 0.01910073
742 0.01926485
743 0.01789028
744 0.01929879
745 0.01826305
746 0.01866129
747 0.01852687
748 0.01749656
749 0.01930309
750 0.02046607
751 0.02160723
752 0.02060611
753 0.02000023
754 0.01904994
755 0.01576041
756 0.01972711
757 0.01543217
758 0.0170593
759 0.01706758
760 0.01801603
761 0.01581936
762 0.02000667
763 0.01741121
764 0.01716536
765 0.0183144
766 0.03905349
767 0.04092759
768 0.03048839
769 0.03253907
770 0.0391196
771 0.03243829
772 0.02201608
773 0.01753524
774 0.01734233
775 0.0149134
776 0.01248294
777 0.01429885
778 0.01567576
779 0.01614942
780 0.01890841
781 0.01553464
782 0.01541212
783 0.01689355
784 0.01304408
785 0.01406269
786 0.01609955
787 0.01411164
788 0.01385306
789 0.01673244
790 0.01721386
791 0.01596471
792 0.01756061
793 0.01705329
794 0.01569018
795 0.01690283
796 0.01807204
797 0.0171517
798 0.02041296
799 0.01826488
800 0.01861611
801 0.02430061
802 0.0197946
803 0.01989396
804 0.02239913
805 0.02027347
806 0.02096319
807 0.02668466
808 0.02221889
809 0.02367674
810 0.02651579
811 0.0300711
812 0.02929664
813 0.04173935
814 0.04602411
815 0.06302612
816 0.12058153
817 0.31196961
818 0.66341751
819 0.96683751
820 1.0
821 0.79281053
822 0.52516802
823 0.33126091
824 0.20143021
825 0.13126698
826 0.09234329
827 0.0711454
828 0.05904353
829 0.04747416
830 0.04422467
831 0.0347617
832 0.02791411
833 0.02079725
834 0.02336053
835 0.02055011
836 0.01794786
837 0.02018278
838 0.01563
839 0.01463771
840 0.01182509
841 0.0150364
842 0.01351284
843 0.01462092
844 0.01335852
845 0.01091082
846 0.01231506
847 0.01053798
848 0.01002674
849 0.00826295
850 0.00800464
851 0.00621015
852 0.00947517
853 0.00677369
854 0.00542553
855 0.00480181
856 0.00451806
857 0.00717304
858 0.00580681
859 0.00623047
860 0.00707936
861 0.00591617
862 0.00888306
863 0.00240608
864 0.00685527
865 0.00308016
866 0.00195897
867 8.01e-05
868 0.00784828
869 0.00362272
870 0.00325963
871 0.00404964
872 0.00301304
873 0.0013838
874 0.00337331
875 0.00333316
876 0.00173593
877 0.00447013
878 0.00234045
879 0.00297637
880 0.00027552
881 0.00167259
882 0.00015022
883 0.00101999
884 0.0021566
885 0.0027995
886 0.0
887 0.00019652
888 0.00067775
889 1.485e-05
890 0.00841709
891 0.00776505
892 0.00048644
893 0.00164816
894 0.00483026
895 0.00052031
896 0.00161978
897 0.0
898 0.00108019
899 0.0
900 0.00474434
901 0.0
902 0.0
903 0.0
904 0.0
905 0.0
906 0.0
907 0.0
908 0.0
909 0.0
910 0.0
911 0.0
912 0.0
913 0.0
914 0.0
915 0.0
916 0.0
917 0.0
918 0.0
919 0.0
920 0.0
921 0.0
922 0.0
923 0.0
924 0.0
925 0.0
926 0.0
927 0.0
928 0.0
929 0.0
930 0.0
931 0.0
932 0.0
933 0.0
934 0.0
935 0.0
936 0.0
937 0.0
938 0.0
939 0.0
940 0.0
941 0.0
942 0.0
943 0.0
944 0.0
945 0.0
946 0.0
947 0.0
948 0.0
949 0.0
950 0.0
951 0.0
952 0.0
953 0.0
954 0.0
955 0.0
956 0.0
957 0.0
958 0.0
959 0.0
960 0.0
961 0.0
962 0.0
963 0.0
964 0.0
965 0.0
966 0.0
967 0.0
968 0.0
969 0.0
970 0.0
971 0.0
972 0.0
973 0.0
974 0.0
975 0.0
976 0.0
977 0.0
978 0.0
979 0.0
980 0.0
981 0.0
982 0.0
983 0.0
984 0.0
985 0.0
986 0.0
987 0.0
988 0.0
989 0.0
990 0.0
991 0.0
992 0.0
993 0.0
994 0.0
995 0.0
996 0.0
997 0.0
998 0.0
999 0.0
1000 0.0
1001 0.0
1002 0.0
1003 0.0
1004 0.0
1005 0.0
1006 0.0
1007 0.0
1008 0.0
1009 0.0
1010 0.0
1011 0.0
1012 0.0
1013 0.0
1014 0.0
1015 0.0
1016 0.0
1017 0.0
1018 0.0
1019 0.0
1020 0.0
1021 0.0
1022 0.0
1023 0.0
1024 0.0
1025 0.0
1026 0.0
1027 0.0
1028 0.0
1029 0.0
1030 0.0
1031 0.0
1032 0.0
1033 0.0
1034 0.0
1035 0.0
1036 0.0
1037 0.0
1038 0.0
1039 0.0
1040 0.0
1041 0.0
1042 0.0
1043 0.0
1044 0.0
1045 0.0
1046 0.0
1047 0.0
1048 0.0
1049 0.0
1050 0.0
1051 0.0
1052 0.0
1053 0.0
1054 0.0
1055 0.0
1056 0.0
1057 0.0
1058 0.0
1059 0.0
1060 0.0
1061 0.0
1062 0.0
1063 0.0
1064 0.0
1065 0.0
1066 0.0
1067 0.0
1068 0.0
1069 0.0
1070 0.0
1071 0.0
1072 0.0
1073 0.0
1074 0.0
1075 0.0
1076 0.0
1077 0.0
1078 0.0
1079 0.0
1080 0.0
1081 0.0
1082 0.0
1083 0.0
1084 0.0
1085 0.0
1086 0.0
1087 0.0
1088 0.0
1089 0.0
1090 0.0
1091 0.0
1092 0.0
1093 0.0
1094 0.0
1095 0.0
1096 0.0
1097 0.0
1098 0.0
1099 0.0
1100 0.0
