HPS_High_Pressure_Sodium_1869K_Riba_Roja
380 0.00201015
381 0.0
382 0.0
383 0.0
384 0.0
385 0.0
386 0.0
387 0.0
388 0.0
389 5.292e-05
390 0.00023799
391 0.00012947
392 0.00025283
393 0.0008344
394 0.00096457
395 0.00033632
396 0.00065935
397 0.00075629
398 0.00071687
399 0.0005342
400 0.00162022
401 0.00112413
402 0.00289506
403 0.00241148
404 0.00307864
405 0.00351977
406 0.00388016
407 0.00389205
408 0.00376235
409 0.00378152
410 0.00426407
411 0.00427254
412 0.00340846
413 0.00335613
414 0.00449926
415 0.00447281
416 0.00522639
417 0.00448168
418 0.00456185
419 0.00517818
420 0.00497876
421 0.00520454
422 0.00626454
423 0.00584032
424 0.00622299
425 0.00646502
426 0.00625442
427 0.00696786
428 0.00636742
429 0.00712192
430 0.00675914
431 0.00736591
432 0.00786783
433 0.00824962
434 0.00851242
435 0.00816121
436 0.00988274
437 0.01076772
438 0.01030654
439 0.01059723
440 0.01093435
441 0.01172206
442 0.01000992
443 0.00995516
444 0.00779022
445 0.00759195
446 0.00712953
447 0.00919045
448 0.01100542
449 0.01284686
450 0.01639976
451 0.02086079
452 0.01871419
453 0.01657994
454 0.01290702
455 0.01308537
456 0.01196173
457 0.00863752
458 0.00768685
459 0.0067083
460 0.00666069
461 0.00635111
462 0.00706417
463 0.00859732
464 0.01048272
465 0.01253052
466 0.01830451
467 0.03383797
468 0.0434626
469 0.03644757
470 0.02806637
471 0.02071912
472 0.01477396
473 0.01174492
474 0.00951317
475 0.01009832
476 0.01416741
477 0.00996078
478 0.00682981
479 0.00484493
480 0.00274985
481 0.00231386
482 0.00208476
483 0.00250439
484 0.00259352
485 0.00242799
486 0.00328357
487 0.00299149
488 0.00291222
489 0.00293765
490 0.00385036
491 0.0048379
492 0.00667902
493 0.00669401
494 0.00651542
495 0.00782079
496 0.01145654
497 0.02509274
498 0.0713428
499 0.12617669
500 0.10537563
501 0.07265224
502 0.04294757
503 0.0211301
504 0.01132879
505 0.00761355
506 0.00586857
507 0.00469251
508 0.00434423
509 0.00404767
510 0.00410075
511 0.00352942
512 0.00379891
513 0.00389633
514 0.00465191
515 0.01437048
516 0.03322996
517 0.02326403
518 0.0163459
519 0.01008221
520 0.00572672
521 0.00405576
522 0.00378386
523 0.00385202
524 0.00380466
525 0.00387307
526 0.00378997
527 0.00383476
528 0.00436729
529 0.0040187
530 0.00374789
531 0.00426926
532 0.00412175
533 0.00424697
534 0.00433331
535 0.00478688
536 0.00435385
537 0.00450367
538 0.00443927
539 0.00507711
540 0.0048374
541 0.00542429
542 0.00513859
543 0.00574961
544 0.00610691
545 0.00661079
546 0.00947168
547 0.01190845
548 0.01217057
549 0.01347009
550 0.0183379
551 0.02321023
552 0.02803657
553 0.03206967
554 0.03461149
555 0.0370555
556 0.04180238
557 0.04970542
558 0.06084512
559 0.07402124
560 0.0867439
561 0.09737929
562 0.10351085
563 0.10549814
564 0.10591569
565 0.10973731
566 0.12070302
567 0.15604773
568 0.25474715
569 0.49617446
570 0.52158235
571 0.38265663
572 0.31094828
573 0.22493497
574 0.17044541
575 0.15392148
576 0.15580111
577 0.16561065
578 0.17790045
579 0.19369495
580 0.21664967
581 0.24292417
582 0.2778833
583 0.31910553
584 0.36468033
585 0.42190764
586 0.46698192
587 0.44616992
588 0.32066388
589 0.1895583
590 0.1129214
591 0.06764434
592 0.10428123
593 0.22958998
594 0.34917898
595 0.43730522
596 0.47900052
597 0.48550409
598 0.47246881
599 0.45189909
600 0.42420246
601 0.3950583
602 0.36838742
603 0.34222589
604 0.31798262
605 0.29435413
606 0.27619988
607 0.25388946
608 0.23847407
609 0.2219581
610 0.20770323
611 0.19853878
612 0.18459287
613 0.17361443
614 0.16847831
615 0.17738019
616 0.24235295
617 0.25291358
618 0.19951295
619 0.18182258
620 0.1569746
621 0.13186444
622 0.12099594
623 0.11609637
624 0.11081872
625 0.10754383
626 0.10342252
627 0.10060789
628 0.09708361
629 0.09405131
630 0.0898771
631 0.08730609
632 0.08504099
633 0.08240208
634 0.08011753
635 0.07886397
636 0.07548395
637 0.07454345
638 0.07185797
639 0.07107856
640 0.06806284
641 0.06673493
642 0.06544637
643 0.06458691
644 0.06231854
645 0.06060744
646 0.06107928
647 0.05920334
648 0.05896376
649 0.05735003
650 0.05543459
651 0.05449131
652 0.05313374
653 0.05161933
654 0.05162503
655 0.05130281
656 0.05123616
657 0.05056661
658 0.05016469
659 0.04927196
660 0.04916569
661 0.04690188
662 0.04525855
663 0.04410987
664 0.04246711
665 0.04279586
666 0.04274781
667 0.04427471
668 0.04389566
669 0.04498155
670 0.04672446
671 0.04652806
672 0.0475792
673 0.04681297
674 0.04683787
675 0.04498947
676 0.044457
677 0.04379126
678 0.04210791
679 0.03954947
680 0.03956639
681 0.03583612
682 0.03433408
683 0.03165881
684 0.0307277
685 0.02819785
686 0.02700683
687 0.02634796
688 0.0248524
689 0.02487059
690 0.02305223
691 0.02234582
692 0.02224993
693 0.02215353
694 0.02042612
695 0.0212881
696 0.019714
697 0.02076571
698 0.01938213
699 0.02070585
700 0.01959744
701 0.01918386
702 0.01943318
703 0.02111062
704 0.01880434
705 0.01796389
706 0.01878664
707 0.01860158
708 0.01823129
709 0.01800214
710 0.01841399
711 0.01694217
712 0.01569352
713 0.01604841
714 0.01628115
715 0.0165049
716 0.01642548
717 0.01516134
718 0.0157212
719 0.01639989
720 0.01602125
721 0.01558436
722 0.01616775
723 0.01545044
724 0.01446675
725 0.01511629
726 0.01306427
727 0.01442116
728 0.01512677
729 0.01632066
730 0.01423447
731 0.01471742
732 0.01327801
733 0.01269809
734 0.01405864
735 0.01291365
736 0.01270485
737 0.01194933
738 0.0137575
739 0.01208321
740 0.0135578
741 0.01519052
742 0.01165116
743 0.012596
744 0.01145777
745 0.01243624
746 0.01153073
747 0.01202586
748 0.01138305
749 0.01195459
750 0.01097977
751 0.01221477
752 0.0115298
753 0.01156702
754 0.01119511
755 0.01281997
756 0.01043769
757 0.01131805
758 0.00960761
759 0.01098996
760 0.01086021
761 0.00894177
762 0.00988796
763 0.00941883
764 0.01110208
765 0.01158494
766 0.01653395
767 0.02888315
768 0.02088568
769 0.01910069
770 0.024339
771 0.0209997
772 0.01535633
773 0.01265816
774 0.01191843
775 0.01050682
776 0.00915734
777 0.00836112
778 0.00871352
779 0.00964438
780 0.0063991
781 0.00941495
782 0.00932572
783 0.00955196
784 0.00928359
785 0.01003349
786 0.01195908
787 0.00909549
788 0.00952031
789 0.00894522
790 0.00910109
791 0.01029896
792 0.01270685
793 0.010093
794 0.0133061
795 0.00997733
796 0.01067643
797 0.01133705
798 0.01353875
799 0.01256061
800 0.01492346
801 0.01499327
802 0.01454298
803 0.01799234
804 0.01659824
805 0.01722471
806 0.01506434
807 0.01701031
808 0.01784854
809 0.02369068
810 0.0192294
811 0.02222849
812 0.02392831
813 0.02533788
814 0.0278797
815 0.04276652
816 0.07123689
817 0.16239426
818 0.45442907
819 0.85359661
820 1.0
821 0.88939697
822 0.6588673
823 0.45361364
824 0.27231049
825 0.15821369
826 0.09620665
827 0.06237013
828 0.04574647
829 0.03507363
830 0.030175
831 0.02494078
832 0.02407337
833 0.01672873
834 0.01473914
835 0.01628922
836 0.01125792
837 0.0088048
838 0.00977214
839 0.00978912
840 0.01025729
841 0.00793229
842 0.00327532
843 0.00825866
844 0.00547336
845 0.00310865
846 0.00194842
847 0.00399131
848 0.00432309
849 0.00684766
850 0.00424819
851 0.0002158
852 0.0038619
853 5.087e-05
854 0.00467297
855 0.00558553
856 0.00295722
857 0.00489889
858 0.0041219
859 0.00632324
860 0.00268823
861 0.00031803
862 0.00147976
863 0.00223301
864 0.00083277
865 0.00430884
866 0.00394379
867 0.00225373
868 0.00522461
869 0.00136144
870 0.00332404
871 0.00381719
872 0.00815867
873 0.00525112
874 0.0054255
875 0.00222143
876 0.0
877 1.106e-05
878 0.00383057
879 0.00386375
880 0.00246792
881 0.00054888
882 0.00024148
883 0.0
884 0.0
885 0.0
886 0.0
887 0.0
888 0.00284155
889 0.0047176
890 0.000159
891 0.0011439
892 0.0
893 0.0
894 8.438e-05
895 0.00478308
896 0.0027504
897 0.00400025
898 0.00301868
899 0.00061175
900 0.00040631
901 0.0
902 0.0
903 0.0
904 0.0
905 0.0
906 0.0
907 0.0
908 0.0
909 0.0
910 0.0
911 0.0
912 0.0
913 0.0
914 0.0
915 0.0
916 0.0
917 0.0
918 0.0
919 0.0
920 0.0
921 0.0
922 0.0
923 0.0
924 0.0
925 0.0
926 0.0
927 0.0
928 0.0
929 0.0
930 0.0
931 0.0
932 0.0
933 0.0
934 0.0
935 0.0
936 0.0
937 0.0
938 0.0
939 0.0
940 0.0
941 0.0
942 0.0
943 0.0
944 0.0
945 0.0
946 0.0
947 0.0
948 0.0
949 0.0
950 0.0
951 0.0
952 0.0
953 0.0
954 0.0
955 0.0
956 0.0
957 0.0
958 0.0
959 0.0
960 0.0
961 0.0
962 0.0
963 0.0
964 0.0
965 0.0
966 0.0
967 0.0
968 0.0
969 0.0
970 0.0
971 0.0
972 0.0
973 0.0
974 0.0
975 0.0
976 0.0
977 0.0
978 0.0
979 0.0
980 0.0
981 0.0
982 0.0
983 0.0
984 0.0
985 0.0
986 0.0
987 0.0
988 0.0
989 0.0
990 0.0
991 0.0
992 0.0
993 0.0
994 0.0
995 0.0
996 0.0
997 0.0
998 0.0
999 0.0
1000 0.0
1001 0.0
1002 0.0
1003 0.0
1004 0.0
1005 0.0
1006 0.0
1007 0.0
1008 0.0
1009 0.0
1010 0.0
1011 0.0
1012 0.0
1013 0.0
1014 0.0
1015 0.0
1016 0.0
1017 0.0
1018 0.0
1019 0.0
1020 0.0
1021 0.0
1022 0.0
1023 0.0
1024 0.0
1025 0.0
1026 0.0
1027 0.0
1028 0.0
1029 0.0
1030 0.0
1031 0.0
1032 0.0
1033 0.0
1034 0.0
1035 0.0
1036 0.0
1037 0.0
1038 0.0
1039 0.0
1040 0.0
1041 0.0
1042 0.0
1043 0.0
1044 0.0
1045 0.0
1046 0.0
1047 0.0
1048 0.0
1049 0.0
1050 0.0
1051 0.0
1052 0.0
1053 0.0
1054 0.0
1055 0.0
1056 0.0
1057 0.0
1058 0.0
1059 0.0
1060 0.0
1061 0.0
1062 0.0
1063 0.0
1064 0.0
1065 0.0
1066 0.0
1067 0.0
1068 0.0
1069 0.0
1070 0.0
1071 0.0
1072 0.0
1073 0.0
1074 0.0
1075 0.0
1076 0.0
1077 0.0
1078 0.0
1079 0.0
1080 0.0
1081 0.0
1082 0.0
1083 0.0
1084 0.0
1085 0.0
1086 0.0
1087 0.0
1088 0.0
1089 0.0
1090 0.0
1091 0.0
1092 0.0
1093 0.0
1094 0.0
1095 0.0
1096 0.0
1097 0.0
1098 0.0
1099 0.0
1100 0.0
