CFL_Compact_Fluorescent_Lamp_2478K_LICA_Westinghouse
380 0.00236691
381 0.00136132
382 0.00162475
383 0.00124775
384 0.00169567
385 0.00073085
386 0.00140423
387 0.00083983
388 0.00046071
389 0.000298
390 0.00039175
391 0.00043552
392 0.00095416
393 0.00049086
394 9.27e-05
395 0.00079955
396 2.972e-05
397 2.018e-05
398 0.00014186
399 0.00051737
400 1.29e-05
401 0.00021919
402 0.00059442
403 0.00164957
404 0.02170941
405 0.15878548
406 0.12063434
407 0.04110196
408 0.01798053
409 0.01296794
410 0.0042703
411 0.00082785
412 0.00060337
413 0.00074707
414 0.00021204
415 0.00154347
416 0.00113662
417 0.0006043
418 0.00101107
419 0.0
420 3.48e-06
421 0.00028926
422 0.00040587
423 0.00069223
424 0.00032588
425 0.0
426 6.786e-05
427 0.00075353
428 0.00023558
429 0.00013472
430 0.00035289
431 7.537e-05
432 0.00068169
433 0.0019056
434 0.00392639
435 0.04126897
436 0.34582333
437 0.31604319
438 0.12698261
439 0.03247547
440 0.00528865
441 0.00160859
442 0.00042843
443 0.00076624
444 0.0002474
445 0.00049781
446 0.00013151
447 0.0001093
448 0.00049574
449 0.00042141
450 0.00049994
451 0.00059926
452 8.494e-05
453 0.00070483
454 0.00012465
455 0.0008369
456 0.00015069
457 0.00082993
458 0.00034517
459 0.0001866
460 0.00042414
461 0.00094974
462 0.00012171
463 0.00041432
464 0.00047517
465 0.00055287
466 0.00092858
467 0.00104782
468 0.0020067
469 0.00086053
470 0.0010232
471 0.00096718
472 0.00108272
473 0.0014042
474 0.00100465
475 0.00052144
476 0.00125865
477 0.00119424
478 0.00113709
479 0.00200224
480 0.00344967
481 0.00496728
482 0.00890994
483 0.01616368
484 0.02651655
485 0.03953776
486 0.05750144
487 0.07159313
488 0.07501595
489 0.06991147
490 0.0604801
491 0.05300989
492 0.04867782
493 0.0433009
494 0.03865382
495 0.03345175
496 0.02917888
497 0.02619174
498 0.02265383
499 0.0190055
500 0.01618169
501 0.013184
502 0.01038271
503 0.0083564
504 0.00611651
505 0.00516307
506 0.00359848
507 0.00326044
508 0.00270437
509 0.00259062
510 0.00252619
511 0.00216692
512 0.00176297
513 0.00199771
514 0.00161037
515 0.00161979
516 0.00140915
517 0.00141899
518 0.00113607
519 0.00091319
520 0.00123384
521 0.00092809
522 0.00101201
523 0.00071355
524 0.00091493
525 0.000799
526 0.00108167
527 0.00133291
528 0.0017781
529 0.00182036
530 0.0020318
531 0.00250441
532 0.00308663
533 0.00827591
534 0.013352
535 0.01196536
536 0.01370886
537 0.0218345
538 0.0390955
539 0.056668
540 0.09720291
541 0.19661375
542 0.32218877
543 0.31865747
544 0.3051362
545 0.31623786
546 0.5245912
547 0.4798299
548 0.33662004
549 0.25025787
550 0.17114447
551 0.12529869
552 0.09315264
553 0.06934995
554 0.05126644
555 0.03676564
556 0.02688573
557 0.01993879
558 0.01555287
559 0.01258329
560 0.01011141
561 0.0090299
562 0.00811675
563 0.00783945
564 0.00719514
565 0.00670328
566 0.00537618
567 0.00548279
568 0.00540265
569 0.00540996
570 0.00497771
571 0.00372521
572 0.00322383
573 0.003376
574 0.00333099
575 0.0042604
576 0.01272177
577 0.06175478
578 0.05083832
579 0.07902581
580 0.08038175
581 0.07200185
582 0.06747316
583 0.07596022
584 0.07791779
585 0.07577331
586 0.07431371
587 0.11136198
588 0.12321061
589 0.08375567
590 0.06664016
591 0.05894602
592 0.06970482
593 0.10753137
594 0.10366048
595 0.07431635
596 0.0579068
597 0.0475139
598 0.04749371
599 0.06622557
600 0.0781248
601 0.06531661
602 0.04932604
603 0.03737835
604 0.03299617
605 0.0334239
606 0.03666232
607 0.04570611
608 0.06331587
609 0.105701
610 0.26867323
611 0.86485115
612 1.0
613 0.71953966
614 0.57877895
615 0.42763719
616 0.27550412
617 0.17987964
618 0.12273748
619 0.08851597
620 0.07521077
621 0.07323049
622 0.07115174
623 0.07889074
624 0.08527002
625 0.09067986
626 0.0937333
627 0.09369528
628 0.09226351
629 0.09007472
630 0.11170665
631 0.1587561
632 0.12763194
633 0.07977995
634 0.05310318
635 0.03275303
636 0.02254965
637 0.01767361
638 0.01525825
639 0.01363629
640 0.01248023
641 0.01243636
642 0.01195754
643 0.01223832
644 0.01269263
645 0.01252977
646 0.01277391
647 0.01275706
648 0.01273482
649 0.01595176
650 0.03463342
651 0.04270212
652 0.03212115
653 0.0313862
654 0.02500061
655 0.01866252
656 0.01547997
657 0.01505678
658 0.01583016
659 0.01345839
660 0.01054037
661 0.01146276
662 0.02255421
663 0.02712408
664 0.0199467
665 0.01601217
666 0.01227738
667 0.01064288
668 0.00972573
669 0.00889718
670 0.0082749
671 0.00792842
672 0.00767352
673 0.0064203
674 0.00626786
675 0.00587933
676 0.00617797
677 0.00536234
678 0.00614519
679 0.00684199
680 0.0077761
681 0.00812978
682 0.00735968
683 0.00649116
684 0.0071815
685 0.0073217
686 0.01076242
687 0.02235599
688 0.02722163
689 0.02040286
690 0.01259218
691 0.00869462
692 0.00603931
693 0.01525845
694 0.01817649
695 0.01083324
696 0.00955599
697 0.007518
698 0.00309503
699 0.0020508
700 0.00240736
701 0.00291075
702 0.00334863
703 0.00535535
704 0.01031882
705 0.01717406
706 0.04167443
707 0.06742163
708 0.0681243
709 0.08732406
710 0.06041588
711 0.048915
712 0.07098867
713 0.05734569
714 0.03087549
715 0.01872878
716 0.00963993
717 0.003228
718 0.00107217
719 0.00128446
720 0.00107275
721 0.00088571
722 0.000522
723 0.00072979
724 0.0006561
725 0.00055496
726 0.0
727 0.00097084
728 0.00147954
729 0.00043231
730 1.684e-05
731 0.0002084
732 0.00021506
733 0.00015633
734 0.0
735 0.0003052
736 0.0
737 0.00034936
738 0.0022073
739 0.00116471
740 0.00071129
741 0.00012149
742 0.00119416
743 0.00194949
744 0.00068964
745 0.00102353
746 0.00024066
747 0.00180772
748 0.0
749 0.00034784
750 0.0027643
751 0.00570531
752 0.00317227
753 0.00136782
754 0.0
755 0.0
756 0.0
757 0.0
758 0.0
759 0.0
760 0.0
761 0.0
762 0.00017229
763 0.01550041
764 0.01208723
765 0.00356044
766 0.0016036
767 0.0003425
768 3.609e-05
769 0.0
770 0.0
771 0.0
772 0.00271354
773 0.00215369
774 2.221e-05
775 0.0
776 0.0
777 0.0
778 0.0
779 0.0
780 0.0
781 0.0
782 0.0
783 0.0
784 0.0
785 0.0
786 0.0
787 0.0
788 0.0
789 0.0
790 0.0
791 0.0
792 0.0
793 0.0
794 0.00089344
795 0.00381955
796 0.00140734
797 0.0
798 0.0
799 0.0
800 0.00158348
801 0.00299819
802 0.00270191
803 0.0
804 0.0
805 0.0
806 0.0
807 0.0
808 0.0
809 0.0
810 0.00537763
811 0.02738404
812 0.0186471
813 0.00667071
814 0.00144566
815 0.0
816 0.00012691
817 0.0
818 0.0
819 0.0
820 0.0
821 0.0
822 0.0
823 0.0
824 0.0
825 0.0
826 1.432e-05
827 0.0007692
828 0.0
829 0.0
830 0.0
831 0.0
832 0.0
833 0.0
834 0.0
835 0.0
836 0.0
837 0.0
838 0.0
839 0.0
840 0.0
841 0.00430344
842 0.0129127
843 0.00693994
844 2.006e-05
845 0.0
846 0.0
847 0.0
848 0.0
849 0.0
850 0.0
851 0.0
852 0.0
853 0.0
854 0.0
855 0.0
856 0.0
857 0.0
858 0.0
859 0.0
860 0.0
861 0.0
862 0.0
863 0.0
864 0.0
865 0.0
866 0.0
867 0.0
868 0.0
869 0.0
870 0.0
871 0.0
872 0.0
873 0.0
874 0.0
875 0.0
876 0.0
877 0.0
878 0.0
879 0.0
880 0.0
881 0.0
882 0.0
883 0.0
884 0.0
885 0.0
886 0.0
887 0.0
888 0.0
889 0.0
890 0.0
891 0.0
892 0.0
893 0.0
894 0.0
895 0.0
896 0.0
897 0.0
898 0.0
899 0.0
900 0.0
901 0.0
902 0.0
903 0.0
904 0.0
905 0.0
906 0.0
907 0.0
908 0.0
909 0.0
910 0.0
911 0.0
912 0.0
913 0.0
914 0.0
915 0.0
916 0.0
917 0.0
918 0.0
919 0.0
920 0.0
921 0.0
922 0.0
923 0.0
924 0.0
925 0.0
926 0.0
927 0.0
928 0.0
929 0.0
930 0.0
931 0.0
932 0.0
933 0.0
934 0.0
935 0.0
936 0.0
937 0.0
938 0.0
939 0.0
940 0.0
941 0.0
942 0.0
943 0.0
944 0.0
945 0.0
946 0.0
947 0.0
948 0.0
949 0.0
950 0.0
951 0.0
952 0.0
953 0.0
954 0.0
955 0.0
956 0.0
957 0.0
958 0.0
959 0.0
960 0.0
961 0.0
962 0.0
963 0.0
964 0.0
965 0.0
966 0.0
967 0.0
968 0.0
969 0.0
970 0.0
971 0.0
972 0.0
973 0.0
974 0.0
975 0.0
976 0.0
977 0.0
978 0.0
979 0.0
980 0.0
981 0.0
982 0.0
983 0.0
984 0.0
985 0.0
986 0.0
987 0.0
988 0.0
989 0.0
990 0.0
991 0.0
992 0.0
993 0.0
994 0.0
995 0.0
996 0.0
997 0.0
998 0.0
999 0.0
1000 0.0
1001 0.0
1002 0.0
1003 0.0
1004 0.0
1005 0.0
1006 0.0
1007 0.0
1008 0.0
1009 0.0
1010 0.0
1011 0.0
1012 0.0
1013 0.0
1014 0.0
1015 0.0
1016 0.0
1017 0.0
1018 0.0
1019 0.0
1020 0.0
1021 0.0
1022 0.0
1023 0.0
1024 0.0
1025 0.0
1026 0.0
1027 0.0
1028 0.0
1029 0.0
1030 0.0
1031 0.0
1032 0.0
1033 0.0
1034 0.0
1035 0.0
1036 0.0
1037 0.0
1038 0.0
1039 0.0
1040 0.0
1041 0.0
1042 0.0
1043 0.0
1044 0.0
1045 0.0
1046 0.0
1047 0.0
1048 0.0
1049 0.0
1050 0.0
1051 0.0
1052 0.0
1053 0.0
1054 0.0
1055 0.0
1056 0.0
1057 0.0
1058 0.0
1059 0.0
1060 0.0
1061 0.0
1062 0.0
1063 0.0
1064 0.0
1065 0.0
1066 0.0
1067 0.0
1068 0.0
1069 0.0
1070 0.0
1071 0.0
1072 0.0
1073 0.0
1074 0.0
1075 0.0
1076 0.0
1077 0.0
1078 0.0
1079 0.0
1080 0.0
1081 0.0
1082 0.0
1083 0.0
1084 0.0
1085 0.0
1086 0.0
1087 0.0
1088 0.0
1089 0.0
1090 0.0
1091 0.0
1092 0.0
1093 0.0
1094 0.0
1095 0.0
1096 0.0
1097 0.0
1098 0.0
1099 0.0
1100 0.0
