HPS_High_Pressure_Sodium_1895K_Ager
380 2.5e-07
381 0.00054332
382 0.0
383 0.0033358
384 0.00213358
385 0.00255006
386 0.00321291
387 4.31e-06
388 0.00050507
389 0.0045152
390 0.00138671
391 0.00057602
392 0.00111111
393 0.00010295
394 0.00315524
395 0.00504618
396 0.00308235
397 0.00486979
398 0.00305621
399 0.00338394
400 0.00472155
401 0.00569896
402 0.00402201
403 0.00512336
404 0.00339422
405 0.00959277
406 0.00797704
407 0.00694134
408 0.00767661
409 0.00498908
410 0.00346647
411 0.00521969
412 0.00799749
413 0.0045107
414 0.00462713
415 0.00765426
416 0.0088809
417 0.00537442
418 0.00496833
419 0.00676434
420 0.01063238
421 0.00617551
422 0.00806446
423 0.01100839
424 0.00771649
425 0.00722785
426 0.00881289
427 0.00804831
428 0.0078384
429 0.01053947
430 0.00963348
431 0.00841278
432 0.0091793
433 0.00996087
434 0.00930802
435 0.00979844
436 0.01394916
437 0.01734436
438 0.01229192
439 0.01104457
440 0.01389438
441 0.01603189
442 0.01102834
443 0.01138023
444 0.01141622
445 0.00701378
446 0.01280528
447 0.01419677
448 0.01408719
449 0.0164482
450 0.02324415
451 0.0253848
452 0.01968719
453 0.02051726
454 0.0184478
455 0.01992817
456 0.01553442
457 0.01228604
458 0.0122221
459 0.01034084
460 0.0125625
461 0.01006382
462 0.0112621
463 0.01067836
464 0.01610079
465 0.01654781
466 0.02184923
467 0.04070193
468 0.05264055
469 0.0402851
470 0.03039055
471 0.02622581
472 0.02156674
473 0.01763695
474 0.01381755
475 0.01257513
476 0.01833822
477 0.01308894
478 0.00883551
479 0.00580204
480 0.00320988
481 0.00440455
482 0.00294175
483 0.00521472
484 0.00427443
485 0.0040022
486 0.00345756
487 0.00331498
488 0.00398295
489 0.00414129
490 0.00545982
491 0.00711327
492 0.0092019
493 0.00770583
494 0.00764102
495 0.01088625
496 0.01375404
497 0.02999577
498 0.08218964
499 0.14973776
500 0.11600099
501 0.05979434
502 0.03233861
503 0.01789368
504 0.01158312
505 0.00788051
506 0.00675753
507 0.0058644
508 0.00676333
509 0.00454011
510 0.00545401
511 0.00418018
512 0.00628029
513 0.00518538
514 0.00679087
515 0.01653613
516 0.04499121
517 0.02710346
518 0.01344071
519 0.00894559
520 0.00681433
521 0.00568931
522 0.00505474
523 0.00561205
524 0.00464128
525 0.00477665
526 0.00602901
527 0.00635097
528 0.0057822
529 0.00523822
530 0.00533911
531 0.00712252
532 0.00622592
533 0.00597869
534 0.00746328
535 0.00701538
536 0.00664437
537 0.00687052
538 0.00722104
539 0.00745701
540 0.0074438
541 0.00730377
542 0.00748196
543 0.00745403
544 0.00809813
545 0.00935922
546 0.01353613
547 0.01678304
548 0.0160185
549 0.02159046
550 0.02739334
551 0.03735044
552 0.04033059
553 0.04443599
554 0.04906724
555 0.04919181
556 0.0553028
557 0.0639143
558 0.07325023
559 0.09288543
560 0.10723877
561 0.1157283
562 0.12030022
563 0.12359845
564 0.12391749
565 0.12865753
566 0.14162816
567 0.18375562
568 0.28260747
569 0.56943508
570 0.6084411
571 0.36295515
572 0.2557678
573 0.20194983
574 0.1785603
575 0.17590634
576 0.18525931
577 0.19625014
578 0.21237885
579 0.23059529
580 0.25993235
581 0.2836999
582 0.31322047
583 0.34891132
584 0.3814786
585 0.40601012
586 0.39200579
587 0.2935204
588 0.14846572
589 0.0622848
590 0.02877078
591 0.01884077
592 0.03356403
593 0.10396595
594 0.2052325
595 0.29754823
596 0.36632724
597 0.39258581
598 0.4037994
599 0.41177095
600 0.39696835
601 0.38801002
602 0.37611095
603 0.3629664
604 0.34558423
605 0.32503752
606 0.31257262
607 0.29266687
608 0.27421495
609 0.26018504
610 0.24673997
611 0.23543339
612 0.22558227
613 0.21565416
614 0.21152238
615 0.21609172
616 0.29218748
617 0.30343386
618 0.22173828
619 0.19347679
620 0.17492144
621 0.16177832
622 0.15397979
623 0.15001026
624 0.1414462
625 0.13656129
626 0.13571536
627 0.12977904
628 0.127185
629 0.12295028
630 0.11853035
631 0.11616611
632 0.11609176
633 0.10822951
634 0.11015796
635 0.10604455
636 0.10493101
637 0.09751485
638 0.09583635
639 0.0973659
640 0.09367015
641 0.0935082
642 0.09251659
643 0.08964941
644 0.08516203
645 0.08353972
646 0.08317188
647 0.0829208
648 0.0812473
649 0.07982459
650 0.07855731
651 0.07350962
652 0.06980181
653 0.07098005
654 0.0730205
655 0.06901396
656 0.068715
657 0.06915521
658 0.07397168
659 0.0679829
660 0.0676151
661 0.06277913
662 0.06368792
663 0.06016539
664 0.05829818
665 0.05825685
666 0.0619688
667 0.06264076
668 0.06327889
669 0.06575235
670 0.06678977
671 0.06931883
672 0.06588599
673 0.06686919
674 0.06969819
675 0.0631287
676 0.06718754
677 0.06082536
678 0.0591561
679 0.05568054
680 0.04957312
681 0.04785749
682 0.04531794
683 0.04123423
684 0.04025534
685 0.04075624
686 0.03775574
687 0.03853534
688 0.03143491
689 0.03387299
690 0.02957281
691 0.02977396
692 0.03362742
693 0.02903091
694 0.03033399
695 0.02814578
696 0.03041795
697 0.02692565
698 0.02103484
699 0.02546553
700 0.0265586
701 0.0263736
702 0.02523159
703 0.02377977
704 0.02610724
705 0.02299574
706 0.02123409
707 0.02084714
708 0.01856126
709 0.02379346
710 0.02384051
711 0.02640716
712 0.0229943
713 0.02280769
714 0.02208087
715 0.01838785
716 0.01902549
717 0.02348889
718 0.02095099
719 0.01920449
720 0.02187883
721 0.02264194
722 0.0193195
723 0.0201405
724 0.01512107
725 0.02025049
726 0.01880226
727 0.01406842
728 0.02047871
729 0.01642508
730 0.02261127
731 0.01838434
732 0.01769371
733 0.01875046
734 0.01938152
735 0.0184942
736 0.0152566
737 0.01595654
738 0.01873196
739 0.01696316
740 0.01856382
741 0.01177627
742 0.01533197
743 0.02110924
744 0.01375661
745 0.01851374
746 0.01294272
747 0.01332634
748 0.0175833
749 0.01096068
750 0.01378171
751 0.01334461
752 0.01600354
753 0.01280655
754 0.01543556
755 0.01067116
756 0.01262549
757 0.01408183
758 0.01362679
759 0.00947292
760 0.01422988
761 0.00657414
762 0.01437988
763 0.01288534
764 0.01840045
765 0.01841021
766 0.01169462
767 0.03401333
768 0.01302411
769 0.01762975
770 0.0234995
771 0.02062593
772 0.01468824
773 0.0150879
774 0.01983758
775 0.01105896
776 0.01230173
777 0.01172905
778 0.00032481
779 0.01284412
780 0.00581286
781 0.01239877
782 0.00068884
783 0.01367601
784 0.01219372
785 0.0067601
786 0.01565655
787 0.01502862
788 0.01144074
789 0.01621009
790 0.01821045
791 0.01426939
792 0.01681699
793 0.01752874
794 0.02046256
795 0.01748786
796 0.01938515
797 0.02076474
798 0.01878169
799 0.01558519
800 0.01968441
801 0.01643076
802 0.0171524
803 0.02147515
804 0.02614703
805 0.02369754
806 0.02744123
807 0.01473395
808 0.02360024
809 0.02073938
810 0.03455509
811 0.01737462
812 0.03088126
813 0.02465138
814 0.04344477
815 0.04536062
816 0.0905549
817 0.19449395
818 0.50349923
819 0.88433357
820 1.0
821 0.83919606
822 0.53307421
823 0.32301811
824 0.20800779
825 0.1369979
826 0.08344946
827 0.05847295
828 0.05212587
829 0.03246313
830 0.03358673
831 0.03253652
832 0.03468047
833 0.02546513
834 0.02166906
835 0.02474354
836 0.01871273
837 0.01209227
838 0.01714267
839 0.01018051
840 0.00688433
841 0.00072991
842 0.00498452
843 0.00301148
844 0.00013375
845 0.00162125
846 0.00465035
847 0.01256483
848 0.00631756
849 0.00142621
850 0.00612414
851 0.01114042
852 0.00727449
853 2.8e-07
854 0.00418284
855 0.00172207
856 0.00397584
857 0.0006278
858 0.00988373
859 0.0
860 0.00638582
861 0.00621086
862 3.332e-05
863 0.00340123
864 0.00705343
865 0.0
866 0.00175521
867 0.00696162
868 0.00601673
869 0.01212255
870 0.0064412
871 0.00927402
872 0.01662277
873 0.0
874 0.0
875 0.00376333
876 0.0
877 0.00232688
878 0.0
879 0.00488299
880 0.005139
881 0.0117915
882 0.01228176
883 0.00834965
884 0.0
885 0.00030926
886 0.0007736
887 0.00129692
888 0.0
889 0.02264165
890 0.004482
891 0.00342499
892 0.00811639
893 0.0
894 1.298e-05
895 0.00276437
896 0.00318177
897 0.0
898 0.00478574
899 0.01181547
900 0.0
901 0.0
902 0.0
903 0.0
904 0.0
905 0.0
906 0.0
907 0.0
908 0.0
909 0.0
910 0.0
911 0.0
912 0.0
913 0.0
914 0.0
915 0.0
916 0.0
917 0.0
918 0.0
919 0.0
920 0.0
921 0.0
922 0.0
923 0.0
924 0.0
925 0.0
926 0.0
927 0.0
928 0.0
929 0.0
930 0.0
931 0.0
932 0.0
933 0.0
934 0.0
935 0.0
936 0.0
937 0.0
938 0.0
939 0.0
940 0.0
941 0.0
942 0.0
943 0.0
944 0.0
945 0.0
946 0.0
947 0.0
948 0.0
949 0.0
950 0.0
951 0.0
952 0.0
953 0.0
954 0.0
955 0.0
956 0.0
957 0.0
958 0.0
959 0.0
960 0.0
961 0.0
962 0.0
963 0.0
964 0.0
965 0.0
966 0.0
967 0.0
968 0.0
969 0.0
970 0.0
971 0.0
972 0.0
973 0.0
974 0.0
975 0.0
976 0.0
977 0.0
978 0.0
979 0.0
980 0.0
981 0.0
982 0.0
983 0.0
984 0.0
985 0.0
986 0.0
987 0.0
988 0.0
989 0.0
990 0.0
991 0.0
992 0.0
993 0.0
994 0.0
995 0.0
996 0.0
997 0.0
998 0.0
999 0.0
1000 0.0
1001 0.0
1002 0.0
1003 0.0
1004 0.0
1005 0.0
1006 0.0
1007 0.0
1008 0.0
1009 0.0
1010 0.0
1011 0.0
1012 0.0
1013 0.0
1014 0.0
1015 0.0
1016 0.0
1017 0.0
1018 0.0
1019 0.0
1020 0.0
1021 0.0
1022 0.0
1023 0.0
1024 0.0
1025 0.0
1026 0.0
1027 0.0
1028 0.0
1029 0.0
1030 0.0
1031 0.0
1032 0.0
1033 0.0
1034 0.0
1035 0.0
1036 0.0
1037 0.0
1038 0.0
1039 0.0
1040 0.0
1041 0.0
1042 0.0
1043 0.0
1044 0.0
1045 0.0
1046 0.0
1047 0.0
1048 0.0
1049 0.0
1050 0.0
1051 0.0
1052 0.0
1053 0.0
1054 0.0
1055 0.0
1056 0.0
1057 0.0
1058 0.0
1059 0.0
1060 0.0
1061 0.0
1062 0.0
1063 0.0
1064 0.0
1065 0.0
1066 0.0
1067 0.0
1068 0.0
1069 0.0
1070 0.0
1071 0.0
1072 0.0
1073 0.0
1074 0.0
1075 0.0
1076 0.0
1077 0.0
1078 0.0
1079 0.0
1080 0.0
1081 0.0
1082 0.0
1083 0.0
1084 0.0
1085 0.0
1086 0.0
1087 0.0
1088 0.0
1089 0.0
1090 0.0
1091 0.0
1092 0.0
1093 0.0
1094 0.0
1095 0.0
1096 0.0
1097 0.0
1098 0.0
1099 0.0
1100 0.0
