HPS_High_Pressure_Sodium_1920K_SFH_Alix
380 0.00021343
381 0.00194994
382 0.0015045
383 0.00236451
384 0.00277311
385 0.00257746
386 0.00067599
387 0.00111383
388 0.00119187
389 0.00162325
390 0.00244207
391 0.00160289
392 0.00242526
393 0.00159611
394 0.00278636
395 0.00266373
396 0.00337495
397 0.00223268
398 0.00349757
399 0.00331387
400 0.00451689
401 0.00457926
402 0.00386336
403 0.00400263
404 0.00615275
405 0.00836636
406 0.00626051
407 0.00424417
408 0.0043529
409 0.00416048
410 0.00456278
411 0.00406176
412 0.0052483
413 0.00414545
414 0.00536527
415 0.0058574
416 0.00602155
417 0.00632433
418 0.00547546
419 0.00674246
420 0.00698416
421 0.00558888
422 0.00625211
423 0.00726723
424 0.00690532
425 0.00727256
426 0.00741312
427 0.00784014
428 0.00725769
429 0.00819671
430 0.00795889
431 0.00828638
432 0.00880501
433 0.00808216
434 0.00873505
435 0.01372323
436 0.02012721
437 0.01533743
438 0.01289504
439 0.01231325
440 0.01221695
441 0.01228303
442 0.01058595
443 0.00984178
444 0.00746983
445 0.00788231
446 0.00909453
447 0.0108766
448 0.01286629
449 0.0178249
450 0.0227945
451 0.02251241
452 0.01781456
453 0.01334404
454 0.01442669
455 0.01317439
456 0.01177992
457 0.00899986
458 0.0079891
459 0.00657605
460 0.0068234
461 0.00657863
462 0.00899097
463 0.01205603
464 0.01378721
465 0.01638858
466 0.03038453
467 0.05158292
468 0.04777934
469 0.03299059
470 0.02277075
471 0.01828778
472 0.01325485
473 0.0098324
474 0.00878207
475 0.01466193
476 0.01503498
477 0.00729146
478 0.00416323
479 0.00204704
480 0.00142598
481 0.00140223
482 0.00216385
483 0.00129059
484 0.00179613
485 0.00206998
486 0.00181212
487 0.0021212
488 0.00226774
489 0.00297749
490 0.0039023
491 0.00606954
492 0.00657104
493 0.00579843
494 0.0066864
495 0.00921571
496 0.01912566
497 0.04921179
498 0.13326021
499 0.15993794
500 0.0882354
501 0.04363793
502 0.02139873
503 0.01139878
504 0.00699854
505 0.0053929
506 0.00378128
507 0.00360728
508 0.0032688
509 0.00268199
510 0.00326201
511 0.00292369
512 0.0030355
513 0.00328495
514 0.00540324
515 0.03016173
516 0.04090311
517 0.01578368
518 0.00827006
519 0.00409165
520 0.00270509
521 0.00244271
522 0.00249118
523 0.00282934
524 0.00242542
525 0.00215206
526 0.00206529
527 0.00301966
528 0.00259394
529 0.00264935
530 0.00286278
531 0.00229956
532 0.00249974
533 0.00312226
534 0.0030649
535 0.00295601
536 0.00277004
537 0.00325264
538 0.00295827
539 0.00337995
540 0.00275373
541 0.0030956
542 0.00335669
543 0.00405595
544 0.00410038
545 0.00505103
546 0.01563019
547 0.0141042
548 0.00969314
549 0.01077756
550 0.0129768
551 0.01699849
552 0.01985675
553 0.02274587
554 0.0250561
555 0.02638449
556 0.03270171
557 0.0414408
558 0.05356017
559 0.06751815
560 0.07888931
561 0.08436396
562 0.08698908
563 0.08685595
564 0.08802197
565 0.09431075
566 0.11482653
567 0.17420936
568 0.36137565
569 0.70911305
570 0.51429453
571 0.27993748
572 0.18848208
573 0.13754719
574 0.11765038
575 0.11483315
576 0.11951597
577 0.12739053
578 0.13798245
579 0.15259946
580 0.17128664
581 0.19381908
582 0.22540307
583 0.2630411
584 0.31574739
585 0.39045279
586 0.48210854
587 0.54069146
588 0.38006638
589 0.15235211
590 0.07782992
591 0.10681933
592 0.28688885
593 0.46325786
594 0.52457463
595 0.52650324
596 0.49990968
597 0.4575688
598 0.4206714
599 0.38555961
600 0.35569177
601 0.32566785
602 0.29706425
603 0.27549022
604 0.25412332
605 0.23335792
606 0.21845688
607 0.2015542
608 0.18735774
609 0.17549688
610 0.16377496
611 0.15554771
612 0.14470908
613 0.13736188
614 0.13190435
615 0.15864105
616 0.26012694
617 0.22310286
618 0.14715745
619 0.12465296
620 0.1060813
621 0.09726935
622 0.09213802
623 0.08768947
624 0.08449224
625 0.08104265
626 0.07945705
627 0.07674032
628 0.07399839
629 0.07230777
630 0.06880179
631 0.06880292
632 0.06488705
633 0.06346996
634 0.06069959
635 0.06058924
636 0.05909104
637 0.05748896
638 0.05715387
639 0.05554015
640 0.0518306
641 0.0519849
642 0.05044437
643 0.05071612
644 0.04786158
645 0.04749273
646 0.04748659
647 0.04590163
648 0.04528493
649 0.0427553
650 0.04093461
651 0.04065688
652 0.03962157
653 0.0387559
654 0.03904009
655 0.03997346
656 0.03939198
657 0.03895188
658 0.03758584
659 0.03798184
660 0.03715462
661 0.03463113
662 0.03352424
663 0.03093386
664 0.03122257
665 0.03217355
666 0.03170226
667 0.03345186
668 0.03317623
669 0.03393252
670 0.03592527
671 0.03641659
672 0.03609556
673 0.03569665
674 0.03522213
675 0.03307476
676 0.03397404
677 0.03285584
678 0.03043801
679 0.02726809
680 0.02702316
681 0.02536113
682 0.02454232
683 0.02207198
684 0.0201487
685 0.01894907
686 0.0188573
687 0.01859928
688 0.01727994
689 0.01641831
690 0.01522918
691 0.0147133
692 0.01361337
693 0.01310411
694 0.01367686
695 0.01503353
696 0.01401033
697 0.01379367
698 0.01231486
699 0.01316066
700 0.0132143
701 0.01093396
702 0.01232326
703 0.00978636
704 0.01166472
705 0.01117033
706 0.01098695
707 0.01211501
708 0.01024456
709 0.01195037
710 0.01135775
711 0.01028043
712 0.01177588
713 0.00944691
714 0.01088533
715 0.01036008
716 0.01066334
717 0.01122849
718 0.01042454
719 0.01066625
720 0.00873554
721 0.00717562
722 0.00877027
723 0.00908904
724 0.00887287
725 0.00907822
726 0.00897756
727 0.00960023
728 0.00685103
729 0.0090165
730 0.00874668
731 0.00737806
732 0.00844762
733 0.00827394
734 0.00840142
735 0.00750828
736 0.00655133
737 0.00578777
738 0.00783658
739 0.00625792
740 0.00835731
741 0.00754431
742 0.00753252
743 0.00584464
744 0.00616002
745 0.00588293
746 0.00733331
747 0.00576693
748 0.00758632
749 0.0068764
750 0.00773027
751 0.00751378
752 0.00673567
753 0.00835505
754 0.00443417
755 0.00605645
756 0.0053761
757 0.00405756
758 0.00623143
759 0.0061563
760 0.004714
761 0.0060033
762 0.00377757
763 0.00581766
764 0.00495716
765 0.00457409
766 0.01540368
767 0.02695094
768 0.01471864
769 0.00830997
770 0.01982508
771 0.01516327
772 0.00668688
773 0.00438118
774 0.00335152
775 0.00388937
776 0.00079313
777 0.00598553
778 0.00522536
779 0.00476845
780 0.0
781 0.00422979
782 0.00500482
783 0.00426194
784 0.00242155
785 0.00363426
786 0.00181115
787 0.00422817
788 0.00627974
789 0.00470318
790 0.00107425
791 0.00485392
792 0.00368661
793 0.00546011
794 0.00445679
795 0.00444096
796 0.00481062
797 0.00548984
798 0.00616664
799 0.00582154
800 0.00762073
801 0.00791866
802 0.00696542
803 0.00511856
804 0.00738436
805 0.00529305
806 0.0094642
807 0.0125249
808 0.00751184
809 0.00823307
810 0.00945499
811 0.01032066
812 0.01212405
813 0.01695939
814 0.01810037
815 0.02842102
816 0.04735976
817 0.11287158
818 0.42942858
819 0.86319908
820 1.0
821 0.75446778
822 0.43604761
823 0.2512195
824 0.14162398
825 0.08535387
826 0.05843266
827 0.03579424
828 0.02556374
829 0.02262502
830 0.01537039
831 0.00947728
832 0.01052488
833 0.00931265
834 0.00814679
835 0.00649462
836 0.00405481
837 0.00735253
838 0.00505878
839 0.0020262
840 0.00541762
841 0.0
842 0.00578114
843 0.00187174
844 0.0
845 0.0
846 0.00591476
847 0.0
848 0.00058794
849 0.0
850 0.0
851 0.0
852 0.0
853 0.0
854 0.0
855 0.00180501
856 0.0
857 0.0
858 0.0
859 0.0061298
860 0.0
861 0.0
862 0.0
863 0.00259911
864 0.0
865 0.0
866 0.0
867 0.0
868 0.00110689
869 0.0
870 0.0
871 0.0
872 0.0
873 0.0
874 0.0
875 0.0
876 0.0
877 0.0
878 0.0
879 0.0
880 0.0
881 0.0
882 0.0
883 0.0
884 0.0
885 0.0
886 0.0
887 0.00060264
888 0.0
889 0.0
890 0.0
891 0.0
892 0.0
893 0.0
894 0.00147283
895 0.0
896 0.0
897 0.00348707
898 0.0
899 0.0
900 0.0
901 0.0
902 0.0
903 0.0
904 0.0
905 0.0
906 0.0
907 0.0
908 0.0
909 0.0
910 0.0
911 0.0
912 0.0
913 0.0
914 0.0
915 0.0
916 0.0
917 0.0
918 0.0
919 0.0
920 0.0
921 0.0
922 0.0
923 0.0
924 0.0
925 0.0
926 0.0
927 0.0
928 0.0
929 0.0
930 0.0
931 0.0
932 0.0
933 0.0
934 0.0
935 0.0
936 0.0
937 0.0
938 0.0
939 0.0
940 0.0
941 0.0
942 0.0
943 0.0
944 0.0
945 0.0
946 0.0
947 0.0
948 0.0
949 0.0
950 0.0
951 0.0
952 0.0
953 0.0
954 0.0
955 0.0
956 0.0
957 0.0
958 0.0
959 0.0
960 0.0
961 0.0
962 0.0
963 0.0
964 0.0
965 0.0
966 0.0
967 0.0
968 0.0
969 0.0
970 0.0
971 0.0
972 0.0
973 0.0
974 0.0
975 0.0
976 0.0
977 0.0
978 0.0
979 0.0
980 0.0
981 0.0
982 0.0
983 0.0
984 0.0
985 0.0
986 0.0
987 0.0
988 0.0
989 0.0
990 0.0
991 0.0
992 0.0
993 0.0
994 0.0
995 0.0
996 0.0
997 0.0
998 0.0
999 0.0
1000 0.0
1001 0.0
1002 0.0
1003 0.0
1004 0.0
1005 0.0
1006 0.0
1007 0.0
1008 0.0
1009 0.0
1010 0.0
1011 0.0
1012 0.0
1013 0.0
1014 0.0
1015 0.0
1016 0.0
1017 0.0
1018 0.0
1019 0.0
1020 0.0
1021 0.0
1022 0.0
1023 0.0
1024 0.0
1025 0.0
1026 0.0
1027 0.0
1028 0.0
1029 0.0
1030 0.0
1031 0.0
1032 0.0
1033 0.0
1034 0.0
1035 0.0
1036 0.0
1037 0.0
1038 0.0
1039 0.0
1040 0.0
1041 0.0
1042 0.0
1043 0.0
1044 0.0
1045 0.0
1046 0.0
1047 0.0
1048 0.0
1049 0.0
1050 0.0
1051 0.0
1052 0.0
1053 0.0
1054 0.0
1055 0.0
1056 0.0
1057 0.0
1058 0.0
1059 0.0
1060 0.0
1061 0.0
1062 0.0
1063 0.0
1064 0.0
1065 0.0
1066 0.0
1067 0.0
1068 0.0
1069 0.0
1070 0.0
1071 0.0
1072 0.0
1073 0.0
1074 0.0
1075 0.0
1076 0.0
1077 0.0
1078 0.0
1079 0.0
1080 0.0
1081 0.0
1082 0.0
1083 0.0
1084 0.0
1085 0.0
1086 0.0
1087 0.0
1088 0.0
1089 0.0
1090 0.0
1091 0.0
1092 0.0
1093 0.0
1094 0.0
1095 0.0
1096 0.0
1097 0.0
1098 0.0
1099 0.0
1100 0.0
