HPS_High_Pressure_Sodium_2005K_F_Fisicas
380 0.00188838
381 0.00121605
382 0.00025405
383 0.00169784
384 0.00117658
385 0.0014515
386 0.00176999
387 0.00237615
388 0.00116024
389 0.00240605
390 0.00209167
391 0.00220568
392 0.00086912
393 0.0026128
394 0.00218575
395 0.00261918
396 0.00390166
397 0.00345986
398 0.0018917
399 0.00184626
400 0.00390352
401 0.00232566
402 0.00303972
403 0.00322002
404 0.00503692
405 0.00388877
406 0.00333841
407 0.00386565
408 0.00498922
409 0.00483934
410 0.00486724
411 0.00410854
412 0.00472414
413 0.00455313
414 0.0047147
415 0.00396278
416 0.00457864
417 0.0048889
418 0.00618228
419 0.00556681
420 0.00622613
421 0.00639899
422 0.0059552
423 0.0050219
424 0.00673516
425 0.00544298
426 0.00668759
427 0.00772266
428 0.00605871
429 0.00846476
430 0.00636896
431 0.00815968
432 0.00778086
433 0.00832059
434 0.00763696
435 0.00742304
436 0.00924644
437 0.01002786
438 0.00942649
439 0.01163176
440 0.01093857
441 0.01081792
442 0.00927129
443 0.00798708
444 0.00813576
445 0.0057135
446 0.00669928
447 0.0083279
448 0.01089964
449 0.01484169
450 0.02288883
451 0.0212848
452 0.01629584
453 0.01087134
454 0.0099023
455 0.01169368
456 0.00791187
457 0.00589155
458 0.0054936
459 0.00446344
460 0.00528539
461 0.0047442
462 0.00620314
463 0.00781169
464 0.00961875
465 0.01307436
466 0.02603737
467 0.04711874
468 0.04906718
469 0.02994328
470 0.01822236
471 0.01226849
472 0.00980278
473 0.0074241
474 0.00651858
475 0.0122649
476 0.01421586
477 0.00801153
478 0.00515092
479 0.00284134
480 0.00298351
481 0.00238745
482 0.00246411
483 0.00281662
484 0.00222096
485 0.00339927
486 0.00270063
487 0.00337934
488 0.00295574
489 0.00362861
490 0.00404689
491 0.00553001
492 0.00639859
493 0.00660295
494 0.00625483
495 0.0081731
496 0.0152241
497 0.04113378
498 0.11891145
499 0.15495795
500 0.09703245
501 0.04289128
502 0.01881537
503 0.00988091
504 0.00704661
505 0.00600795
506 0.00520646
507 0.00461319
508 0.00496849
509 0.00440551
510 0.00467312
511 0.00447726
512 0.0047531
513 0.00476174
514 0.00615251
515 0.02771927
516 0.04080067
517 0.02221822
518 0.00899066
519 0.00591786
520 0.00426055
521 0.00435688
522 0.00394405
523 0.00411877
524 0.00408183
525 0.00480067
526 0.00413684
527 0.00436126
528 0.00447341
529 0.00466408
530 0.00493859
531 0.00460628
532 0.00405327
533 0.00483548
534 0.005224
535 0.00512807
536 0.00553891
537 0.00525948
538 0.00546317
539 0.00526865
540 0.00571377
541 0.00602934
542 0.00690005
543 0.00630053
544 0.00728605
545 0.00846143
546 0.01035048
547 0.01242674
548 0.01409362
549 0.01800153
550 0.02496815
551 0.03164564
552 0.03817139
553 0.04198429
554 0.04495638
555 0.04731486
556 0.05474733
557 0.06770822
558 0.08389962
559 0.10267633
560 0.11704114
561 0.1252339
562 0.12981148
563 0.12794769
564 0.12776167
565 0.13064326
566 0.14443713
567 0.1878377
568 0.3379215
569 0.61065776
570 0.51675724
571 0.33182758
572 0.21817057
573 0.17687163
574 0.16986979
575 0.17352072
576 0.18510492
577 0.19921037
578 0.21664891
579 0.23599603
580 0.26119113
581 0.29135338
582 0.32845077
583 0.36879462
584 0.40722883
585 0.4426806
586 0.43369272
587 0.32998584
588 0.1679563
589 0.06506805
590 0.02570904
591 0.02842747
592 0.09621807
593 0.23962743
594 0.36778306
595 0.43829249
596 0.45464281
597 0.44031587
598 0.42208992
599 0.39644825
600 0.36778492
601 0.34005609
602 0.31728219
603 0.29547189
604 0.27280841
605 0.25210028
606 0.23802406
607 0.22249117
608 0.20565746
609 0.19373391
610 0.18122519
611 0.17159647
612 0.16286012
613 0.15570602
614 0.1491412
615 0.17091829
616 0.25812165
617 0.23663688
618 0.17976851
619 0.14003547
620 0.12239536
621 0.11158155
622 0.10782193
623 0.10159076
624 0.0998112
625 0.09510992
626 0.09204894
627 0.08943348
628 0.08718236
629 0.08226769
630 0.08092302
631 0.07925202
632 0.07582086
633 0.07325138
634 0.07307732
635 0.07048578
636 0.06887922
637 0.06658584
638 0.06584615
639 0.06318312
640 0.06266904
641 0.05991845
642 0.06034577
643 0.05774041
644 0.05603167
645 0.0548418
646 0.0552355
647 0.05375212
648 0.05089842
649 0.0509533
650 0.05223392
651 0.04889923
652 0.04642023
653 0.04645398
654 0.04494189
655 0.04556028
656 0.046083
657 0.04475202
658 0.04390589
659 0.04377833
660 0.0410696
661 0.0422224
662 0.03840472
663 0.03843142
664 0.03835329
665 0.03796823
666 0.0370267
667 0.0392434
668 0.03905938
669 0.03787575
670 0.03836007
671 0.03841123
672 0.03938611
673 0.03779018
674 0.03782911
675 0.0363068
676 0.03571259
677 0.03672136
678 0.03447781
679 0.03245377
680 0.03257003
681 0.02949856
682 0.02904812
683 0.02680856
684 0.02599738
685 0.0256353
686 0.0234061
687 0.02526126
688 0.02401213
689 0.02123404
690 0.02329143
691 0.02390889
692 0.021227
693 0.02098969
694 0.02042976
695 0.01971598
696 0.02050989
697 0.01977205
698 0.01952504
699 0.0209764
700 0.02065538
701 0.0189493
702 0.01806491
703 0.01677764
704 0.01822874
705 0.01917545
706 0.01752385
707 0.01804551
708 0.01774136
709 0.01747655
710 0.01727711
711 0.01624429
712 0.01606133
713 0.01599064
714 0.01463787
715 0.01479864
716 0.01657873
717 0.01539603
718 0.01572503
719 0.01463813
720 0.01478748
721 0.0155014
722 0.01535059
723 0.01371719
724 0.01308233
725 0.01380927
726 0.01473699
727 0.01521373
728 0.01330569
729 0.01242302
730 0.01388355
731 0.01367281
732 0.0148288
733 0.0132362
734 0.01325533
735 0.01217561
736 0.01220949
737 0.01130875
738 0.01289139
739 0.01309655
740 0.01143538
741 0.01261063
742 0.01233439
743 0.01342275
744 0.0095369
745 0.01240721
746 0.01049398
747 0.00860281
748 0.00793141
749 0.00997379
750 0.01046315
751 0.00878657
752 0.01016831
753 0.0131671
754 0.01007583
755 0.00964161
756 0.01163349
757 0.01065954
758 0.00936271
759 0.01095505
760 0.0079722
761 0.00621855
762 0.00750582
763 0.009452
764 0.0098546
765 0.00889566
766 0.01681577
767 0.02532504
768 0.01933251
769 0.01371693
770 0.02162721
771 0.01470975
772 0.01253357
773 0.01008899
774 0.00772811
775 0.00734717
776 0.00735873
777 0.00485183
778 0.00507559
779 0.00698137
780 0.00802163
781 0.00799505
782 0.00685049
783 0.00991665
784 0.01187851
785 0.00989818
786 0.01007636
787 0.00906813
788 0.00949638
789 0.01058646
790 0.00975906
791 0.01354034
792 0.00966087
793 0.01242328
794 0.01522264
795 0.00779787
796 0.01203304
797 0.0093158
798 0.01104513
799 0.01117083
800 0.01189778
801 0.01241345
802 0.00991479
803 0.0174428
804 0.016944
805 0.01550672
806 0.01288329
807 0.0142249
808 0.01650605
809 0.01713985
810 0.01900165
811 0.01659707
812 0.0196498
813 0.02297533
814 0.02968511
815 0.0370364
816 0.06456898
817 0.15488646
818 0.47513769
819 0.85835292
820 1.0
821 0.78057446
822 0.47128785
823 0.25138715
824 0.15205535
825 0.09068634
826 0.06231081
827 0.04385168
828 0.02598502
829 0.01851933
830 0.01846299
831 0.01192143
832 0.01177726
833 0.01204234
834 0.01045545
835 0.00394325
836 0.00696689
837 0.0
838 0.00630107
839 0.00589913
840 0.00410243
841 0.00383801
842 0.00016715
843 0.0042539
844 0.00117007
845 0.00123186
846 0.00589806
847 0.00177849
848 0.00642743
849 0.00206829
850 0.00277198
851 0.00348829
852 0.0
853 0.000249
854 0.00053787
855 0.0
856 0.0
857 0.00305659
858 0.0
859 0.0
860 0.0
861 0.00784969
862 0.00234573
863 0.0
864 0.0
865 0.0
866 0.0
867 0.0
868 0.0
869 0.00809404
870 0.0016148
871 0.0
872 0.00102033
873 0.00108756
874 2.857e-05
875 0.0
876 0.00363871
877 0.0
878 0.0
879 0.0
880 0.0
881 0.0
882 0.0011896
883 0.0
884 0.00367046
885 0.0
886 0.00225019
887 0.0
888 0.0
889 0.0
890 0.00023758
891 0.0
892 0.0
893 0.0
894 0.0
895 0.0
896 0.0
897 0.0
898 0.0
899 0.0
900 0.0
901 0.0
902 0.0
903 0.0
904 0.0
905 0.0
906 0.0
907 0.0
908 0.0
909 0.0
910 0.0
911 0.0
912 0.0
913 0.0
914 0.0
915 0.0
916 0.0
917 0.0
918 0.0
919 0.0
920 0.0
921 0.0
922 0.0
923 0.0
924 0.0
925 0.0
926 0.0
927 0.0
928 0.0
929 0.0
930 0.0
931 0.0
932 0.0
933 0.0
934 0.0
935 0.0
936 0.0
937 0.0
938 0.0
939 0.0
940 0.0
941 0.0
942 0.0
943 0.0
944 0.0
945 0.0
946 0.0
947 0.0
948 0.0
949 0.0
950 0.0
951 0.0
952 0.0
953 0.0
954 0.0
955 0.0
956 0.0
957 0.0
958 0.0
959 0.0
960 0.0
961 0.0
962 0.0
963 0.0
964 0.0
965 0.0
966 0.0
967 0.0
968 0.0
969 0.0
970 0.0
971 0.0
972 0.0
973 0.0
974 0.0
975 0.0
976 0.0
977 0.0
978 0.0
979 0.0
980 0.0
981 0.0
982 0.0
983 0.0
984 0.0
985 0.0
986 0.0
987 0.0
988 0.0
989 0.0
990 0.0
991 0.0
992 0.0
993 0.0
994 0.0
995 0.0
996 0.0
997 0.0
998 0.0
999 0.0
1000 0.0
1001 0.0
1002 0.0
1003 0.0
1004 0.0
1005 0.0
1006 0.0
1007 0.0
1008 0.0
1009 0.0
1010 0.0
1011 0.0
1012 0.0
1013 0.0
1014 0.0
1015 0.0
1016 0.0
1017 0.0
1018 0.0
1019 0.0
1020 0.0
1021 0.0
1022 0.0
1023 0.0
1024 0.0
1025 0.0
1026 0.0
1027 0.0
1028 0.0
1029 0.0
1030 0.0
1031 0.0
1032 0.0
1033 0.0
1034 0.0
1035 0.0
1036 0.0
1037 0.0
1038 0.0
1039 0.0
1040 0.0
1041 0.0
1042 0.0
1043 0.0
1044 0.0
1045 0.0
1046 0.0
1047 0.0
1048 0.0
1049 0.0
1050 0.0
1051 0.0
1052 0.0
1053 0.0
1054 0.0
1055 0.0
1056 0.0
1057 0.0
1058 0.0
1059 0.0
1060 0.0
1061 0.0
1062 0.0
1063 0.0
1064 0.0
1065 0.0
1066 0.0
1067 0.0
1068 0.0
1069 0.0
1070 0.0
1071 0.0
1072 0.0
1073 0.0
1074 0.0
1075 0.0
1076 0.0
1077 0.0
1078 0.0
1079 0.0
1080 0.0
1081 0.0
1082 0.0
1083 0.0
1084 0.0
1085 0.0
1086 0.0
1087 0.0
1088 0.0
1089 0.0
1090 0.0
1091 0.0
1092 0.0
1093 0.0
1094 0.0
1095 0.0
1096 0.0
1097 0.0
1098 0.0
1099 0.0
1100 0.0
