HPS_High_Pressure_Sodium_2038K_Riba_Roja_Plaza_Ajuntament
380 0.00142334
381 0.0
382 0.00014846
383 0.00068457
384 0.00020521
385 0.00012613
386 0.00012748
387 0.00069146
388 1.658e-05
389 0.00034327
390 0.00098169
391 0.00079605
392 0.00109538
393 0.00039129
394 0.00085214
395 0.00162273
396 0.00121097
397 0.00102448
398 0.00147496
399 0.0013605
400 0.00106411
401 0.00141296
402 0.00120467
403 0.00162118
404 0.00209449
405 0.00285255
406 0.00185821
407 0.00206064
408 0.00154499
409 0.00242302
410 0.00179092
411 0.00179631
412 0.00192758
413 0.00176235
414 0.00254547
415 0.00181113
416 0.0026431
417 0.00275368
418 0.00288824
419 0.00259001
420 0.00213105
421 0.00281912
422 0.00359791
423 0.00257831
424 0.00240938
425 0.0027016
426 0.00244164
427 0.00331018
428 0.0032449
429 0.00395386
430 0.00369399
431 0.00338052
432 0.00459578
433 0.00576569
434 0.00443308
435 0.00469741
436 0.00362341
437 0.00369799
438 0.00478532
439 0.00625026
440 0.00745776
441 0.00604655
442 0.00393356
443 0.00405271
444 0.00144397
445 0.00230556
446 0.00240412
447 0.00302293
448 0.00401898
449 0.00822586
450 0.01419301
451 0.01380767
452 0.00832734
453 0.00430079
454 0.00374172
455 0.00551861
456 0.00310982
457 0.00137063
458 0.00205024
459 0.00152682
460 0.0010491
461 0.00177303
462 0.00271654
463 0.00288951
464 0.00439841
465 0.00579908
466 0.01491875
467 0.03667194
468 0.03161073
469 0.017398
470 0.00982935
471 0.00558077
472 0.00383205
473 0.00274465
474 0.00364826
475 0.00891699
476 0.00973435
477 0.00550472
478 0.00414587
479 0.00327766
480 0.00310264
481 0.00299931
482 0.00277374
483 0.00304561
484 0.00329075
485 0.00351312
486 0.00367246
487 0.00364198
488 0.00373836
489 0.00374137
490 0.00426791
491 0.00477294
492 0.00540091
493 0.00525697
494 0.00530595
495 0.00608713
496 0.00885655
497 0.02616923
498 0.09532499
499 0.11538996
500 0.05568853
501 0.03498785
502 0.01871476
503 0.00978982
504 0.00687094
505 0.00614144
506 0.00545341
507 0.0048958
508 0.00558774
509 0.00482566
510 0.00521114
511 0.00526058
512 0.00486933
513 0.00531149
514 0.00715719
515 0.0236855
516 0.02952701
517 0.01385781
518 0.01091252
519 0.00787507
520 0.00606501
521 0.00553907
522 0.00560719
523 0.00573064
524 0.00614782
525 0.00593735
526 0.00599033
527 0.00583682
528 0.00571019
529 0.00599409
530 0.00607754
531 0.0065277
532 0.00632453
533 0.00654733
534 0.00613983
535 0.00648425
536 0.00650926
537 0.00716503
538 0.0072309
539 0.00727083
540 0.00771857
541 0.00770057
542 0.00834041
543 0.00837484
544 0.00854864
545 0.00986224
546 0.01143952
547 0.01352402
548 0.01729756
549 0.02347632
550 0.03355008
551 0.04156425
552 0.04708453
553 0.05071872
554 0.05201536
555 0.05482435
556 0.06011345
557 0.06931568
558 0.08148911
559 0.09399141
560 0.10568705
561 0.11365531
562 0.11511813
563 0.11622368
564 0.11783431
565 0.12099348
566 0.1307669
567 0.16271836
568 0.33012247
569 0.55537312
570 0.3604692
571 0.260775
572 0.23165371
573 0.19539398
574 0.18331213
575 0.1903084
576 0.20506849
577 0.22605808
578 0.25000268
579 0.27897513
580 0.31233908
581 0.35390397
582 0.40506355
583 0.45818179
584 0.50706455
585 0.54536033
586 0.51488369
587 0.36440527
588 0.18899771
589 0.10394243
590 0.06138921
591 0.06934257
592 0.21506036
593 0.40498113
594 0.50634322
595 0.54019689
596 0.53164116
597 0.49738074
598 0.45476762
599 0.40932224
600 0.36668699
601 0.32794009
602 0.29545034
603 0.26788256
604 0.24310551
605 0.21997972
606 0.20139494
607 0.18568645
608 0.17134427
609 0.15904963
610 0.14788143
611 0.13870995
612 0.12957673
613 0.1228831
614 0.11650977
615 0.14679931
616 0.21737232
617 0.16080852
618 0.12294013
619 0.11174983
620 0.09746602
621 0.08514071
622 0.07824939
623 0.07591753
624 0.07330726
625 0.0698578
626 0.06757624
627 0.06472341
628 0.06332929
629 0.06139743
630 0.05924272
631 0.05699363
632 0.05451821
633 0.05409988
634 0.05243535
635 0.05086119
636 0.04899477
637 0.04747125
638 0.04731117
639 0.04538718
640 0.04415988
641 0.04281595
642 0.04268823
643 0.04089026
644 0.04033706
645 0.03950717
646 0.03865891
647 0.03719246
648 0.03654171
649 0.03641119
650 0.03472714
651 0.03469254
652 0.03368458
653 0.03291451
654 0.03256337
655 0.03217886
656 0.03098558
657 0.03059086
658 0.02929152
659 0.02994895
660 0.02861845
661 0.02848242
662 0.02828391
663 0.02804293
664 0.02712718
665 0.02684063
666 0.02602448
667 0.02581338
668 0.02485037
669 0.02485241
670 0.02486084
671 0.02487896
672 0.02356798
673 0.02387305
674 0.02435832
675 0.02382998
676 0.02233635
677 0.02281529
678 0.0223315
679 0.02231067
680 0.02195883
681 0.02223829
682 0.02134953
683 0.02157406
684 0.02077072
685 0.02060819
686 0.01999945
687 0.02014811
688 0.02021631
689 0.01809767
690 0.01891519
691 0.01893763
692 0.01944013
693 0.01923846
694 0.01881723
695 0.01853119
696 0.01933936
697 0.01790501
698 0.01843688
699 0.01768264
700 0.01704233
701 0.01717466
702 0.01729979
703 0.01684754
704 0.01639126
705 0.01675407
706 0.01619248
707 0.01531815
708 0.01606241
709 0.01669088
710 0.01679193
711 0.01611342
712 0.01536337
713 0.01572741
714 0.01635689
715 0.01552188
716 0.01450737
717 0.016616
718 0.01404966
719 0.01473909
720 0.01442207
721 0.01301295
722 0.0146537
723 0.01304823
724 0.0139796
725 0.01367042
726 0.01330465
727 0.01447382
728 0.01439179
729 0.01369816
730 0.01508582
731 0.01248857
732 0.01403484
733 0.01346643
734 0.01419859
735 0.01288054
736 0.0116676
737 0.01307795
738 0.01320699
739 0.01313779
740 0.01210683
741 0.01147439
742 0.01244943
743 0.01229661
744 0.01207632
745 0.01057141
746 0.01222129
747 0.01341276
748 0.01263879
749 0.01176116
750 0.01174071
751 0.01063243
752 0.01213527
753 0.01234418
754 0.01084583
755 0.01298152
756 0.01146935
757 0.01262445
758 0.0117307
759 0.01048645
760 0.01161866
761 0.0109054
762 0.01031191
763 0.01030711
764 0.01197392
765 0.01513382
766 0.05678706
767 0.08171763
768 0.03538804
769 0.04637915
770 0.08119904
771 0.0436183
772 0.02587507
773 0.02052981
774 0.01680309
775 0.01306555
776 0.00994744
777 0.00996409
778 0.01115602
779 0.0090583
780 0.00866105
781 0.01154339
782 0.01088923
783 0.00939728
784 0.00919866
785 0.01121318
786 0.01026975
787 0.00895159
788 0.01174842
789 0.01251646
790 0.01226639
791 0.01395456
792 0.01461367
793 0.01288569
794 0.01354481
795 0.01285303
796 0.016078
797 0.01541721
798 0.01779018
799 0.01665588
800 0.01922512
801 0.01838401
802 0.02046796
803 0.01963151
804 0.02047882
805 0.02061858
806 0.020932
807 0.02066435
808 0.02131088
809 0.01907839
810 0.01821413
811 0.01973933
812 0.01838955
813 0.02320807
814 0.02527058
815 0.03909295
816 0.06720604
817 0.19892201
818 0.61948204
819 1.0
820 0.93768415
821 0.57658803
822 0.35690515
823 0.22208151
824 0.12599507
825 0.06201035
826 0.03646526
827 0.02342907
828 0.01805904
829 0.01183462
830 0.00936717
831 0.0081454
832 0.00798278
833 0.00490546
834 0.0036563
835 0.00516073
836 0.00191416
837 0.00119746
838 0.00031746
839 0.00156334
840 0.00174152
841 0.00218829
842 0.00152047
843 0.00112898
844 0.00173863
845 0.00124694
846 0.0
847 0.00296768
848 8.083e-05
849 0.000246
850 0.00248967
851 0.00366951
852 0.00452991
853 2e-08
854 0.0
855 0.00089094
856 4.289e-05
857 0.0
858 0.0
859 0.0
860 0.00136138
861 0.00021503
862 2.303e-05
863 0.0
864 0.00182588
865 0.00249014
866 0.0
867 0.0
868 0.0
869 0.0
870 0.00012175
871 0.0
872 0.0
873 0.0
874 0.00013009
875 0.0
876 0.0
877 0.0
878 0.0
879 0.00312853
880 0.00073143
881 0.0
882 0.0
883 0.0
884 0.0
885 0.0
886 8.26e-05
887 0.0
888 0.00083479
889 0.0
890 0.0
891 3.498e-05
892 0.0
893 0.0
894 0.0
895 0.0003921
896 0.0
897 0.0
898 0.0
899 0.0
900 0.0
901 0.0
902 0.0
903 0.0
904 0.0
905 0.0
906 0.0
907 0.0
908 0.0
909 0.0
910 0.0
911 0.0
912 0.0
913 0.0
914 0.0
915 0.0
916 0.0
917 0.0
918 0.0
919 0.0
920 0.0
921 0.0
922 0.0
923 0.0
924 0.0
925 0.0
926 0.0
927 0.0
928 0.0
929 0.0
930 0.0
931 0.0
932 0.0
933 0.0
934 0.0
935 0.0
936 0.0
937 0.0
938 0.0
939 0.0
940 0.0
941 0.0
942 0.0
943 0.0
944 0.0
945 0.0
946 0.0
947 0.0
948 0.0
949 0.0
950 0.0
951 0.0
952 0.0
953 0.0
954 0.0
955 0.0
956 0.0
957 0.0
958 0.0
959 0.0
960 0.0
961 0.0
962 0.0
963 0.0
964 0.0
965 0.0
966 0.0
967 0.0
968 0.0
969 0.0
970 0.0
971 0.0
972 0.0
973 0.0
974 0.0
975 0.0
976 0.0
977 0.0
978 0.0
979 0.0
980 0.0
981 0.0
982 0.0
983 0.0
984 0.0
985 0.0
986 0.0
987 0.0
988 0.0
989 0.0
990 0.0
991 0.0
992 0.0
993 0.0
994 0.0
995 0.0
996 0.0
997 0.0
998 0.0
999 0.0
1000 0.0
1001 0.0
1002 0.0
1003 0.0
1004 0.0
1005 0.0
1006 0.0
1007 0.0
1008 0.0
1009 0.0
1010 0.0
1011 0.0
1012 0.0
1013 0.0
1014 0.0
1015 0.0
1016 0.0
1017 0.0
1018 0.0
1019 0.0
1020 0.0
1021 0.0
1022 0.0
1023 0.0
1024 0.0
1025 0.0
1026 0.0
1027 0.0
1028 0.0
1029 0.0
1030 0.0
1031 0.0
1032 0.0
1033 0.0
1034 0.0
1035 0.0
1036 0.0
1037 0.0
1038 0.0
1039 0.0
1040 0.0
1041 0.0
1042 0.0
1043 0.0
1044 0.0
1045 0.0
1046 0.0
1047 0.0
1048 0.0
1049 0.0
1050 0.0
1051 0.0
1052 0.0
1053 0.0
1054 0.0
1055 0.0
1056 0.0
1057 0.0
1058 0.0
1059 0.0
1060 0.0
1061 0.0
1062 0.0
1063 0.0
1064 0.0
1065 0.0
1066 0.0
1067 0.0
1068 0.0
1069 0.0
1070 0.0
1071 0.0
1072 0.0
1073 0.0
1074 0.0
1075 0.0
1076 0.0
1077 0.0
1078 0.0
1079 0.0
1080 0.0
1081 0.0
1082 0.0
1083 0.0
1084 0.0
1085 0.0
1086 0.0
1087 0.0
1088 0.0
1089 0.0
1090 0.0
1091 0.0
1092 0.0
1093 0.0
1094 0.0
1095 0.0
1096 0.0
1097 0.0
1098 0.0
1099 0.0
1100 0.0
