HPS_High_Pressure_Sodium_2176K_Riba_Roja
380 0.00108972
381 0.00061807
382 0.00063107
383 0.00119492
384 0.00128772
385 0.0006282
386 0.00092831
387 0.00048515
388 0.00176851
389 0.00124305
390 0.00162355
391 0.00130302
392 0.00189023
393 0.00195848
394 0.00131626
395 0.00213001
396 0.00104287
397 0.00270196
398 0.00248498
399 0.00210141
400 0.00228568
401 0.00170202
402 0.00253416
403 0.00323381
404 0.00355526
405 0.00316108
406 0.00356258
407 0.00316391
408 0.00397002
409 0.00443393
410 0.00350675
411 0.00302531
412 0.00388405
413 0.00429376
414 0.00396465
415 0.0043282
416 0.00370368
417 0.00462614
418 0.00506627
419 0.00495586
420 0.0049574
421 0.00492174
422 0.00597073
423 0.00573545
424 0.00537196
425 0.00575595
426 0.00576874
427 0.00627653
428 0.00658351
429 0.00681938
430 0.00627483
431 0.00710399
432 0.00817967
433 0.00834599
434 0.00892096
435 0.0088023
436 0.00886584
437 0.00980711
438 0.00943762
439 0.01098201
440 0.01126827
441 0.00952268
442 0.00775075
443 0.00736092
444 0.0051673
445 0.00443907
446 0.00486588
447 0.00673634
448 0.00888667
449 0.01220444
450 0.01982642
451 0.01831214
452 0.01432963
453 0.01061422
454 0.00937316
455 0.00949858
456 0.0066294
457 0.00512227
458 0.00490976
459 0.00466044
460 0.00498717
461 0.00601226
462 0.00681751
463 0.00825454
464 0.01001378
465 0.01233051
466 0.0243009
467 0.0464076
468 0.04288815
469 0.02735083
470 0.01785718
471 0.01247401
472 0.00892541
473 0.00797876
474 0.00859954
475 0.01514294
476 0.01726303
477 0.01096339
478 0.00918892
479 0.00823538
480 0.00777311
481 0.00782728
482 0.0077126
483 0.00842671
484 0.00830692
485 0.00888896
486 0.00898702
487 0.00917831
488 0.00914555
489 0.01016228
490 0.01030075
491 0.01186158
492 0.01298584
493 0.0122237
494 0.01275907
495 0.01430202
496 0.02052816
497 0.04407464
498 0.11823213
499 0.14214184
500 0.08140228
501 0.05267979
502 0.03305028
503 0.02076958
504 0.01541997
505 0.01420169
506 0.01338018
507 0.01266532
508 0.01291515
509 0.01314751
510 0.01309644
511 0.01287877
512 0.01300061
513 0.01363404
514 0.01603363
515 0.03726085
516 0.04679287
517 0.02479455
518 0.02102624
519 0.01749871
520 0.01539406
521 0.01423296
522 0.01409593
523 0.01454642
524 0.01495779
525 0.01513706
526 0.01512075
527 0.01490849
528 0.01525991
529 0.01556187
530 0.01551979
531 0.01613516
532 0.01632342
533 0.01642876
534 0.01681316
535 0.01706083
536 0.01730465
537 0.01815882
538 0.01810644
539 0.01862844
540 0.01971038
541 0.02020715
542 0.02137046
543 0.02195891
544 0.0234775
545 0.02620329
546 0.02941296
547 0.03498052
548 0.04549132
549 0.06219073
550 0.08332568
551 0.10336714
552 0.11443525
553 0.12133946
554 0.12268654
555 0.12431471
556 0.13111294
557 0.13886688
558 0.15231044
559 0.16440808
560 0.17656539
561 0.1864296
562 0.19105372
563 0.19401901
564 0.19984625
565 0.20689292
566 0.22623374
567 0.27366567
568 0.40842063
569 0.58017111
570 0.45604569
571 0.3640561
572 0.33929803
573 0.31070067
574 0.30255307
575 0.31231006
576 0.32809841
577 0.34588896
578 0.36332512
579 0.37874908
580 0.3928186
581 0.39587648
582 0.38524777
583 0.34953874
584 0.28208644
585 0.19714839
586 0.11570976
587 0.0612332
588 0.03290846
589 0.01673694
590 0.01059258
591 0.01073895
592 0.01826701
593 0.05326248
594 0.12634916
595 0.21672688
596 0.29751835
597 0.36028298
598 0.39770796
599 0.42000743
600 0.42605501
601 0.41906895
602 0.40717322
603 0.39481326
604 0.37436339
605 0.35211329
606 0.33544074
607 0.31563237
608 0.29793692
609 0.28272423
610 0.2675054
611 0.25518236
612 0.24213773
613 0.22914556
614 0.22218464
615 0.25566561
616 0.32681688
617 0.26494803
618 0.21810155
619 0.20318678
620 0.18378285
621 0.1670477
622 0.15837102
623 0.15108815
624 0.14601553
625 0.14108231
626 0.13628595
627 0.13274587
628 0.12876884
629 0.12375931
630 0.1199637
631 0.11642878
632 0.11302133
633 0.10964109
634 0.1072614
635 0.10393745
636 0.10232227
637 0.09833416
638 0.09611637
639 0.09350033
640 0.09283462
641 0.08973491
642 0.08777889
643 0.0859995
644 0.08450798
645 0.08178885
646 0.08119681
647 0.07870124
648 0.07627345
649 0.07574394
650 0.07498716
651 0.07391655
652 0.07175909
653 0.06981834
654 0.06905677
655 0.06681188
656 0.06584881
657 0.06610435
658 0.0645544
659 0.06382071
660 0.06269298
661 0.06218213
662 0.06145054
663 0.06026547
664 0.05900784
665 0.05839369
666 0.05793135
667 0.0563883
668 0.05537441
669 0.05643087
670 0.05451985
671 0.05492737
672 0.05396308
673 0.05367573
674 0.05252584
675 0.05273644
676 0.05262089
677 0.05044257
678 0.05008218
679 0.04911748
680 0.05046856
681 0.04912081
682 0.04895748
683 0.04804371
684 0.04695296
685 0.04680691
686 0.0460691
687 0.04477807
688 0.04412085
689 0.04476602
690 0.04412844
691 0.04479146
692 0.04506219
693 0.04431891
694 0.04363068
695 0.04338055
696 0.04323123
697 0.04226899
698 0.04210587
699 0.04172368
700 0.04177824
701 0.04146369
702 0.04183118
703 0.04208795
704 0.04001463
705 0.04005845
706 0.0398959
707 0.04021478
708 0.03835758
709 0.03868085
710 0.03850013
711 0.03839255
712 0.03896567
713 0.03765508
714 0.03666217
715 0.03702717
716 0.03722488
717 0.03680029
718 0.03537575
719 0.03608684
720 0.03612076
721 0.03728825
722 0.03549274
723 0.03635037
724 0.03489984
725 0.03540329
726 0.03577201
727 0.03384852
728 0.035625
729 0.03594241
730 0.0346104
731 0.03405033
732 0.03428996
733 0.03349808
734 0.03330571
735 0.0335924
736 0.03385784
737 0.03272213
738 0.03221652
739 0.03337466
740 0.03272709
741 0.03205338
742 0.031234
743 0.0311631
744 0.03119574
745 0.03106283
746 0.03146688
747 0.03090952
748 0.0318249
749 0.03198066
750 0.03116657
751 0.03326481
752 0.03240337
753 0.03297779
754 0.03092158
755 0.03182912
756 0.03248318
757 0.02988641
758 0.03170241
759 0.03023875
760 0.03105815
761 0.029911
762 0.03120588
763 0.03110023
764 0.029534
765 0.03251101
766 0.06590508
767 0.0811838
768 0.04692998
769 0.05394134
770 0.07888949
771 0.05246295
772 0.03923968
773 0.03720481
774 0.03413134
775 0.0311952
776 0.03105162
777 0.03117759
778 0.02936407
779 0.0309553
780 0.03117172
781 0.03252806
782 0.03042562
783 0.03143461
784 0.03355795
785 0.03331797
786 0.03646017
787 0.03543869
788 0.03573474
789 0.03748525
790 0.0374074
791 0.03920596
792 0.04041751
793 0.0415963
794 0.04182712
795 0.04646066
796 0.04895126
797 0.04805877
798 0.05169055
799 0.05357658
800 0.05491323
801 0.05426418
802 0.05746973
803 0.05577919
804 0.05753955
805 0.05765117
806 0.0576955
807 0.0588273
808 0.05731402
809 0.05795824
810 0.05525643
811 0.054636
812 0.05774145
813 0.06637005
814 0.08112604
815 0.11773255
816 0.190305
817 0.3997782
818 0.77531362
819 1.0
820 0.99638212
821 0.79136409
822 0.52460447
823 0.35448131
824 0.22365678
825 0.14447378
826 0.0931553
827 0.06749813
828 0.04946511
829 0.03945689
830 0.03229893
831 0.02649135
832 0.02615636
833 0.02075397
834 0.0194614
835 0.01789632
836 0.01823059
837 0.01666821
838 0.01312616
839 0.00895706
840 0.0109077
841 0.00733933
842 0.00974394
843 0.00838711
844 0.01097625
845 0.00746396
846 0.00765296
847 0.01066982
848 0.00669415
849 0.00556672
850 0.00318566
851 0.00722399
852 0.00709299
853 0.00500303
854 0.00702684
855 0.00709945
856 0.00488279
857 0.00161853
858 0.003297
859 0.00617075
860 0.00618992
861 0.00600155
862 0.00436033
863 0.00425644
864 0.00359783
865 0.00842975
866 0.00523055
867 0.0050633
868 0.00414567
869 0.00276793
870 0.00139303
871 0.00523706
872 0.00392625
873 0.00507905
874 0.00394105
875 0.00390278
876 0.00293842
877 0.00388739
878 0.00443233
879 0.00169817
880 0.00650536
881 0.00473773
882 0.00760217
883 0.00770609
884 0.00403157
885 0.00478217
886 0.00449787
887 0.00076467
888 0.00056847
889 0.00014053
890 0.00359982
891 0.0050485
892 0.00487517
893 0.00660753
894 4.387e-05
895 0.00126658
896 0.0011297
897 0.0
898 0.00227146
899 0.00225988
900 0.00298236
901 0.0
902 0.0
903 0.0
904 0.0
905 0.0
906 0.0
907 0.0
908 0.0
909 0.0
910 0.0
911 0.0
912 0.0
913 0.0
914 0.0
915 0.0
916 0.0
917 0.0
918 0.0
919 0.0
920 0.0
921 0.0
922 0.0
923 0.0
924 0.0
925 0.0
926 0.0
927 0.0
928 0.0
929 0.0
930 0.0
931 0.0
932 0.0
933 0.0
934 0.0
935 0.0
936 0.0
937 0.0
938 0.0
939 0.0
940 0.0
941 0.0
942 0.0
943 0.0
944 0.0
945 0.0
946 0.0
947 0.0
948 0.0
949 0.0
950 0.0
951 0.0
952 0.0
953 0.0
954 0.0
955 0.0
956 0.0
957 0.0
958 0.0
959 0.0
960 0.0
961 0.0
962 0.0
963 0.0
964 0.0
965 0.0
966 0.0
967 0.0
968 0.0
969 0.0
970 0.0
971 0.0
972 0.0
973 0.0
974 0.0
975 0.0
976 0.0
977 0.0
978 0.0
979 0.0
980 0.0
981 0.0
982 0.0
983 0.0
984 0.0
985 0.0
986 0.0
987 0.0
988 0.0
989 0.0
990 0.0
991 0.0
992 0.0
993 0.0
994 0.0
995 0.0
996 0.0
997 0.0
998 0.0
999 0.0
1000 0.0
1001 0.0
1002 0.0
1003 0.0
1004 0.0
1005 0.0
1006 0.0
1007 0.0
1008 0.0
1009 0.0
1010 0.0
1011 0.0
1012 0.0
1013 0.0
1014 0.0
1015 0.0
1016 0.0
1017 0.0
1018 0.0
1019 0.0
1020 0.0
1021 0.0
1022 0.0
1023 0.0
1024 0.0
1025 0.0
1026 0.0
1027 0.0
1028 0.0
1029 0.0
1030 0.0
1031 0.0
1032 0.0
1033 0.0
1034 0.0
1035 0.0
1036 0.0
1037 0.0
1038 0.0
1039 0.0
1040 0.0
1041 0.0
1042 0.0
1043 0.0
1044 0.0
1045 0.0
1046 0.0
1047 0.0
1048 0.0
1049 0.0
1050 0.0
1051 0.0
1052 0.0
1053 0.0
1054 0.0
1055 0.0
1056 0.0
1057 0.0
1058 0.0
1059 0.0
1060 0.0
1061 0.0
1062 0.0
1063 0.0
1064 0.0
1065 0.0
1066 0.0
1067 0.0
1068 0.0
1069 0.0
1070 0.0
1071 0.0
1072 0.0
1073 0.0
1074 0.0
1075 0.0
1076 0.0
1077 0.0
1078 0.0
1079 0.0
1080 0.0
1081 0.0
1082 0.0
1083 0.0
1084 0.0
1085 0.0
1086 0.0
1087 0.0
1088 0.0
1089 0.0
1090 0.0
1091 0.0
1092 0.0
1093 0.0
1094 0.0
1095 0.0
1096 0.0
1097 0.0
1098 0.0
1099 0.0
1100 0.0
