HPS_High_Pressure_Sodium_2255K_Paraninfo_UCM
380 0.01046082
381 0.00706366
382 0.00681401
383 0.00559217
384 0.00771166
385 0.00800518
386 0.00747061
387 0.00851707
388 0.00782994
389 0.00797178
390 0.00892901
391 0.00863224
392 0.00828051
393 0.00607527
394 0.00719565
395 0.00989882
396 0.0085875
397 0.0111831
398 0.00834408
399 0.01137529
400 0.01447693
401 0.01620019
402 0.01645832
403 0.01388253
404 0.01744471
405 0.0192506
406 0.01662047
407 0.01807887
408 0.01578689
409 0.0203918
410 0.01751401
411 0.01595079
412 0.0184837
413 0.0189314
414 0.01802129
415 0.01814842
416 0.02260277
417 0.02125156
418 0.02308213
419 0.02088337
420 0.02041884
421 0.02098321
422 0.02610126
423 0.01949128
424 0.0226965
425 0.02258407
426 0.02263168
427 0.02219944
428 0.02205884
429 0.02364575
430 0.02189145
431 0.0207439
432 0.02603096
433 0.03037687
434 0.0273201
435 0.02647305
436 0.03053952
437 0.03128387
438 0.02980951
439 0.03307692
440 0.03178305
441 0.03036528
442 0.03118116
443 0.02751566
444 0.02624035
445 0.02558849
446 0.02535567
447 0.02883409
448 0.03386452
449 0.04168947
450 0.05244269
451 0.05150217
452 0.04385233
453 0.03655709
454 0.03477949
455 0.03577149
456 0.03394528
457 0.02747366
458 0.02700003
459 0.02653188
460 0.02855652
461 0.02640151
462 0.03088901
463 0.03243005
464 0.0333773
465 0.04274878
466 0.06173801
467 0.09554582
468 0.0906247
469 0.06683475
470 0.04687183
471 0.04130184
472 0.03561469
473 0.03242145
474 0.03147868
475 0.04319922
476 0.04236738
477 0.03600581
478 0.03093401
479 0.02685594
480 0.02836919
481 0.02695877
482 0.02912138
483 0.02903563
484 0.03058265
485 0.02986111
486 0.02956148
487 0.02692724
488 0.02866882
489 0.02973972
490 0.03181246
491 0.03466707
492 0.03580265
493 0.03517609
494 0.0358105
495 0.03914497
496 0.04967596
497 0.08956627
498 0.21086647
499 0.23914791
500 0.15777553
501 0.09022436
502 0.05244631
503 0.03826315
504 0.03452373
505 0.03111012
506 0.03144602
507 0.03122167
508 0.03096255
509 0.03083841
510 0.03094834
511 0.03232535
512 0.03317015
513 0.03115312
514 0.03459515
515 0.07178677
516 0.0823665
517 0.05537956
518 0.03846406
519 0.03143929
520 0.03144029
521 0.03151819
522 0.03129758
523 0.02998164
524 0.03151582
525 0.03203407
526 0.02977823
527 0.02800923
528 0.02894577
529 0.02901993
530 0.03147494
531 0.03046673
532 0.02982559
533 0.0286586
534 0.02979306
535 0.03197935
536 0.03343551
537 0.03349895
538 0.03164619
539 0.03366509
540 0.03062303
541 0.0325856
542 0.03165704
543 0.03202322
544 0.03387511
545 0.03479831
546 0.0402631
547 0.04280972
548 0.04732651
549 0.05537719
550 0.0694554
551 0.08120935
552 0.08885184
553 0.09474439
554 0.09756048
555 0.09899906
556 0.10467163
557 0.11091492
558 0.12365638
559 0.13544448
560 0.14660477
561 0.15417571
562 0.15491307
563 0.16094971
564 0.16470633
565 0.17312992
566 0.19959101
567 0.2712165
568 0.4620014
569 0.73358733
570 0.60138035
571 0.43304978
572 0.3093069
573 0.25444783
574 0.24316789
575 0.24941466
576 0.26689689
577 0.28519289
578 0.30771451
579 0.33082768
580 0.36335843
581 0.39795657
582 0.43528156
583 0.464468
584 0.48213931
585 0.47370138
586 0.41207978
587 0.30304616
588 0.17410298
589 0.08942729
590 0.05245815
591 0.06602883
592 0.13569874
593 0.27040535
594 0.39444425
595 0.48671144
596 0.53217946
597 0.54161961
598 0.53080407
599 0.50596054
600 0.47684365
601 0.44567719
602 0.41457243
603 0.39008974
604 0.36100338
605 0.33524351
606 0.31183557
607 0.29657877
608 0.2746184
609 0.25766476
610 0.24061092
611 0.23104227
612 0.21671253
613 0.2088614
614 0.19850329
615 0.24326224
616 0.3515044
617 0.29118914
618 0.24364226
619 0.19865759
620 0.17000136
621 0.16128187
622 0.1527188
623 0.14742664
624 0.14020568
625 0.13726545
626 0.13293923
627 0.1319759
628 0.12167412
629 0.11901944
630 0.11642582
631 0.11249683
632 0.11354081
633 0.11177118
634 0.10878297
635 0.1074932
636 0.1072706
637 0.10555071
638 0.10523101
639 0.10259938
640 0.1025924
641 0.10091003
642 0.10152325
643 0.0966809
644 0.09788217
645 0.09819215
646 0.09330107
647 0.09309467
648 0.09075669
649 0.09215128
650 0.09057472
651 0.08924308
652 0.08773632
653 0.08770354
654 0.08655935
655 0.08737424
656 0.08166204
657 0.08302422
658 0.08514719
659 0.08772846
660 0.08780649
661 0.08916144
662 0.08722929
663 0.08466023
664 0.08481877
665 0.0814863
666 0.08431461
667 0.08475221
668 0.08260655
669 0.08573599
670 0.0878814
671 0.08911395
672 0.09019943
673 0.08928159
674 0.08752181
675 0.08686958
676 0.08720274
677 0.08988385
678 0.08594451
679 0.08801551
680 0.08278391
681 0.08194397
682 0.08269555
683 0.08297474
684 0.07833406
685 0.07800837
686 0.07605454
687 0.06102732
688 0.05166033
689 0.04921517
690 0.05189839
691 0.05513564
692 0.06119608
693 0.06393315
694 0.06192073
695 0.06189369
696 0.06319641
697 0.06777776
698 0.06734315
699 0.06965757
700 0.06845343
701 0.06595492
702 0.06908834
703 0.07214947
704 0.06729828
705 0.06921161
706 0.07147144
707 0.07411889
708 0.07047707
709 0.0731745
710 0.07517496
711 0.07264953
712 0.07089773
713 0.07199816
714 0.07500271
715 0.0683951
716 0.06717102
717 0.06030566
718 0.05519621
719 0.05285026
720 0.04778718
721 0.05490792
722 0.05742351
723 0.05920896
724 0.05403234
725 0.0537853
726 0.05337935
727 0.05038328
728 0.0551228
729 0.05854526
730 0.05466762
731 0.05255449
732 0.05729501
733 0.05773548
734 0.06179161
735 0.06502586
736 0.06697372
737 0.06484588
738 0.07568847
739 0.0647023
740 0.06738677
741 0.07343188
742 0.07210273
743 0.07075788
744 0.07095905
745 0.06707655
746 0.06947073
747 0.07055011
748 0.06949529
749 0.06570926
750 0.0688974
751 0.06739737
752 0.06830598
753 0.06945603
754 0.07301409
755 0.06732744
756 0.06997191
757 0.0690497
758 0.0626581
759 0.056782
760 0.0387713
761 0.02624098
762 0.02246541
763 0.02598946
764 0.02067398
765 0.02522118
766 0.06744024
767 0.09842635
768 0.08125023
769 0.0926421
770 0.12200117
771 0.09775554
772 0.089787
773 0.07509681
774 0.0670768
775 0.07019663
776 0.06333464
777 0.0704666
778 0.06814645
779 0.06812875
780 0.06017043
781 0.06484127
782 0.07142719
783 0.07404523
784 0.06340007
785 0.06938149
786 0.06883819
787 0.06961407
788 0.0675058
789 0.06518004
790 0.06828517
791 0.0645389
792 0.07325702
793 0.0595
794 0.06777427
795 0.07166251
796 0.0657909
797 0.07069145
798 0.06857558
799 0.07078119
800 0.07122453
801 0.06972475
802 0.07619613
803 0.06340979
804 0.06869972
805 0.06620096
806 0.08546677
807 0.07911641
808 0.08172124
809 0.07313636
810 0.08448461
811 0.0725391
812 0.07953171
813 0.09480646
814 0.09015157
815 0.1074952
816 0.16309263
817 0.30325094
818 0.66725974
819 0.91578224
820 1.0
821 0.81207868
822 0.55727625
823 0.34633974
824 0.20442014
825 0.14866193
826 0.12275885
827 0.1001779
828 0.08314886
829 0.07039618
830 0.05487726
831 0.05932176
832 0.06537385
833 0.05161459
834 0.05630949
835 0.0652031
836 0.05454124
837 0.05318679
838 0.05285338
839 0.0527063
840 0.04800829
841 0.04272759
842 0.05080544
843 0.04086698
844 0.04672339
845 0.04488097
846 0.04660934
847 0.05237127
848 0.04863796
849 0.04339603
850 0.04528156
851 0.05465167
852 0.04324222
853 0.06241518
854 0.04436971
855 0.03017545
856 0.03766837
857 0.04595848
858 0.04905688
859 0.05083772
860 0.03257251
861 0.04020764
862 0.04947529
863 0.05539289
864 0.04058218
865 0.05690551
866 0.04477017
867 0.03952811
868 0.03797947
869 0.03347028
870 0.04573326
871 0.05587961
872 0.04071081
873 0.05489571
874 0.06659033
875 0.04227278
876 0.05354263
877 0.03829742
878 0.04359832
879 0.02688486
880 0.02929201
881 0.05917905
882 0.03170751
883 0.02320427
884 0.02893168
885 0.03136912
886 0.02974283
887 0.05449612
888 0.05441697
889 0.03467429
890 0.03173132
891 0.04866464
892 0.01711716
893 0.03340123
894 0.00906287
895 0.02303913
896 0.02490921
897 0.01862728
898 0.00616389
899 0.0
900 0.0
901 0.0
902 0.0
903 0.0
904 0.0
905 0.0
906 0.0
907 0.0
908 0.0
909 0.0
910 0.0
911 0.0
912 0.0
913 0.0
914 0.0
915 0.0
916 0.0
917 0.0
918 0.0
919 0.0
920 0.0
921 0.0
922 0.0
923 0.0
924 0.0
925 0.0
926 0.0
927 0.0
928 0.0
929 0.0
930 0.0
931 0.0
932 0.0
933 0.0
934 0.0
935 0.0
936 0.0
937 0.0
938 0.0
939 0.0
940 0.0
941 0.0
942 0.0
943 0.0
944 0.0
945 0.0
946 0.0
947 0.0
948 0.0
949 0.0
950 0.0
951 0.0
952 0.0
953 0.0
954 0.0
955 0.0
956 0.0
957 0.0
958 0.0
959 0.0
960 0.0
961 0.0
962 0.0
963 0.0
964 0.0
965 0.0
966 0.0
967 0.0
968 0.0
969 0.0
970 0.0
971 0.0
972 0.0
973 0.0
974 0.0
975 0.0
976 0.0
977 0.0
978 0.0
979 0.0
980 0.0
981 0.0
982 0.0
983 0.0
984 0.0
985 0.0
986 0.0
987 0.0
988 0.0
989 0.0
990 0.0
991 0.0
992 0.0
993 0.0
994 0.0
995 0.0
996 0.0
997 0.0
998 0.0
999 0.0
1000 0.0
1001 0.0
1002 0.0
1003 0.0
1004 0.0
1005 0.0
1006 0.0
1007 0.0
1008 0.0
1009 0.0
1010 0.0
1011 0.0
1012 0.0
1013 0.0
1014 0.0
1015 0.0
1016 0.0
1017 0.0
1018 0.0
1019 0.0
1020 0.0
1021 0.0
1022 0.0
1023 0.0
1024 0.0
1025 0.0
1026 0.0
1027 0.0
1028 0.0
1029 0.0
1030 0.0
1031 0.0
1032 0.0
1033 0.0
1034 0.0
1035 0.0
1036 0.0
1037 0.0
1038 0.0
1039 0.0
1040 0.0
1041 0.0
1042 0.0
1043 0.0
1044 0.0
1045 0.0
1046 0.0
1047 0.0
1048 0.0
1049 0.0
1050 0.0
1051 0.0
1052 0.0
1053 0.0
1054 0.0
1055 0.0
1056 0.0
1057 0.0
1058 0.0
1059 0.0
1060 0.0
1061 0.0
1062 0.0
1063 0.0
1064 0.0
1065 0.0
1066 0.0
1067 0.0
1068 0.0
1069 0.0
1070 0.0
1071 0.0
1072 0.0
1073 0.0
1074 0.0
1075 0.0
1076 0.0
1077 0.0
1078 0.0
1079 0.0
1080 0.0
1081 0.0
1082 0.0
1083 0.0
1084 0.0
1085 0.0
1086 0.0
1087 0.0
1088 0.0
1089 0.0
1090 0.0
1091 0.0
1092 0.0
1093 0.0
1094 0.0
1095 0.0
1096 0.0
1097 0.0
1098 0.0
1099 0.0
1100 0.0
