H_Halogen_2911K_LICA_Philips
380 0.05046828
381 0.0546434
382 0.05392763
383 0.05459771
384 0.05842128
385 0.05771683
386 0.05732436
387 0.05806603
388 0.06217669
389 0.06028419
390 0.06063916
391 0.0622692
392 0.06605567
393 0.06573999
394 0.06299633
395 0.06795056
396 0.064992
397 0.0695623
398 0.06943829
399 0.06909458
400 0.07392471
401 0.0762828
402 0.07709524
403 0.0788521
404 0.08142515
405 0.08036384
406 0.08189314
407 0.0819784
408 0.0827015
409 0.08821826
410 0.08855914
411 0.08833744
412 0.09343034
413 0.09140791
414 0.09613931
415 0.0938349
416 0.09782806
417 0.09859583
418 0.09964477
419 0.10032853
420 0.10308768
421 0.10655869
422 0.10437694
423 0.10989665
424 0.10981467
425 0.11217988
426 0.11461043
427 0.11781033
428 0.11977763
429 0.12038177
430 0.12266826
431 0.12749376
432 0.12492525
433 0.12851224
434 0.13009543
435 0.13016204
436 0.13353957
437 0.13595635
438 0.136598
439 0.14039245
440 0.1394632
441 0.14116744
442 0.14343255
443 0.14762127
444 0.14835812
445 0.1503003
446 0.15391946
447 0.1535811
448 0.16005096
449 0.16287527
450 0.16075648
451 0.16551851
452 0.16916102
453 0.1693828
454 0.1733087
455 0.17089139
456 0.17481128
457 0.17508271
458 0.17740098
459 0.18054005
460 0.18137274
461 0.18756216
462 0.18752265
463 0.1877897
464 0.19553815
465 0.19379029
466 0.19652956
467 0.20110264
468 0.20418749
469 0.2016795
470 0.20858542
471 0.21028854
472 0.21488208
473 0.21492441
474 0.21588785
475 0.22248517
476 0.22372055
477 0.22952039
478 0.227378
479 0.22933181
480 0.23472479
481 0.23866423
482 0.23617514
483 0.24376995
484 0.24426378
485 0.24511157
486 0.25332835
487 0.25280952
488 0.25604416
489 0.25857235
490 0.26039235
491 0.26215532
492 0.26487111
493 0.26771324
494 0.27001086
495 0.27607757
496 0.27498049
497 0.28004275
498 0.28199018
499 0.28312472
500 0.28483818
501 0.28869383
502 0.29390468
503 0.29730675
504 0.29882866
505 0.29857405
506 0.30478919
507 0.30530571
508 0.31034705
509 0.31399071
510 0.3155909
511 0.320651
512 0.32464059
513 0.32525321
514 0.33165197
515 0.33185319
516 0.33462664
517 0.33669545
518 0.33775338
519 0.33937266
520 0.34521035
521 0.34749531
522 0.34952748
523 0.35137704
524 0.35737215
525 0.36059566
526 0.36204424
527 0.3652316
528 0.37019392
529 0.3738645
530 0.37757501
531 0.37566047
532 0.38171569
533 0.38155326
534 0.38641896
535 0.38994135
536 0.38981258
537 0.39483298
538 0.39648394
539 0.39786702
540 0.40505795
541 0.40751619
542 0.41068054
543 0.41710397
544 0.41752851
545 0.42209099
546 0.42149869
547 0.42400883
548 0.42708937
549 0.42870726
550 0.43361882
551 0.43913879
552 0.44242596
553 0.44949295
554 0.44903042
555 0.45116774
556 0.45922763
557 0.46283086
558 0.46658583
559 0.47167639
560 0.47563004
561 0.47942587
562 0.47887765
563 0.48039371
564 0.48215554
565 0.48577284
566 0.49006243
567 0.49478055
568 0.4967411
569 0.49760659
570 0.49782003
571 0.50304206
572 0.50365775
573 0.5100773
574 0.51314718
575 0.51224511
576 0.51670893
577 0.52077938
578 0.52429487
579 0.5232802
580 0.52340201
581 0.5270101
582 0.53181787
583 0.53958888
584 0.54291827
585 0.55086511
586 0.55063227
587 0.55836548
588 0.55859946
589 0.55744172
590 0.56640708
591 0.5699283
592 0.56936694
593 0.57609058
594 0.57942854
595 0.57973492
596 0.58273499
597 0.58395415
598 0.590611
599 0.59459617
600 0.60615763
601 0.59614817
602 0.60845431
603 0.61112812
604 0.61399208
605 0.61084656
606 0.61791974
607 0.61442926
608 0.61669012
609 0.61966749
610 0.62567216
611 0.63007586
612 0.63074021
613 0.63300924
614 0.63429888
615 0.65060804
616 0.6500562
617 0.65770613
618 0.66345203
619 0.66368012
620 0.67809931
621 0.6705076
622 0.66975471
623 0.6766736
624 0.67637591
625 0.68308812
626 0.68521309
627 0.69367965
628 0.69487734
629 0.69213222
630 0.69601481
631 0.69693944
632 0.70990107
633 0.7064574
634 0.715628
635 0.71338981
636 0.71419608
637 0.72007679
638 0.72450068
639 0.72300174
640 0.71912577
641 0.73416871
642 0.7365863
643 0.73859654
644 0.73836834
645 0.7404026
646 0.74055307
647 0.75281576
648 0.75964007
649 0.76559546
650 0.76130163
651 0.75804443
652 0.76648414
653 0.77094629
654 0.7696828
655 0.77116389
656 0.77570004
657 0.7727792
658 0.7731808
659 0.78938577
660 0.78787953
661 0.79512369
662 0.80078863
663 0.79658636
664 0.80031935
665 0.8007211
666 0.79618899
667 0.80212245
668 0.8062228
669 0.80130652
670 0.81472688
671 0.82585309
672 0.81824966
673 0.83276173
674 0.82218062
675 0.8258288
676 0.8317037
677 0.83712032
678 0.83018063
679 0.84067547
680 0.84039867
681 0.84775706
682 0.8465369
683 0.85109068
684 0.85376084
685 0.86037027
686 0.85708494
687 0.86231817
688 0.85883727
689 0.86271234
690 0.86273199
691 0.86372968
692 0.87171351
693 0.87164774
694 0.8792863
695 0.87694685
696 0.88743226
697 0.88089902
698 0.8864472
699 0.89483445
700 0.89621908
701 0.9111016
702 0.90982871
703 0.90547683
704 0.91938974
705 0.91542347
706 0.90805595
707 0.9175545
708 0.91600794
709 0.92370244
710 0.93982048
711 0.93758518
712 0.93745475
713 0.93350091
714 0.92873028
715 0.94069047
716 0.93797868
717 0.94420989
718 0.94170712
719 0.95256075
720 0.95389507
721 0.95040718
722 0.95376275
723 0.96352824
724 0.97957021
725 0.96831648
726 0.97235463
727 0.97657696
728 0.97799582
729 0.97373441
730 0.98738715
731 0.99257556
732 0.98425744
733 0.98715037
734 0.97562932
735 0.9863678
736 1.001866
737 1.00085428
738 1.00290286
739 0.99296372
740 1.01189958
741 1.00572857
742 1.01418275
743 0.99848804
744 0.99501314
745 0.99206921
746 0.99895103
747 0.97214882
748 0.98193095
749 0.98946159
750 0.99191573
751 1.00958453
752 0.99701433
753 0.99407146
754 1.00902321
755 1.00123163
756 1.01541498
757 1.02840615
758 1.01521828
759 1.03174009
760 1.03013436
761 1.02866145
762 1.04070082
763 1.04255883
764 1.03407117
765 1.03058602
766 1.03487503
767 1.03462068
768 1.0479329
769 1.04436488
770 1.03289502
771 1.04608101
772 1.03647479
773 1.03433753
774 1.04736175
775 1.05141966
776 1.04859237
777 1.06787805
778 1.05527393
779 1.05864689
780 1.06339844
781 1.06126776
782 1.07475506
783 1.09253633
784 1.07007833
785 1.09864749
786 1.10059206
787 1.09991186
788 1.10254853
789 1.11135472
790 1.10666036
791 1.11063903
792 1.11709103
793 1.12404035
794 1.08933921
795 1.10819095
796 1.10424974
797 1.09427662
798 1.09875421
799 1.1080867
800 1.11370224
801 1.12469635
802 1.11332726
803 1.10414646
804 1.10403447
805 1.10355987
806 1.10180285
807 1.09303479
808 1.12142028
809 1.10665936
810 1.11296496
811 1.12101742
812 1.12915936
813 1.12558607
814 1.12218024
815 1.12752518
816 1.12709542
817 1.13081721
818 1.12679216
819 1.14150309
820 1.14158635
821 1.14487778
822 1.15447657
823 1.16793915
824 1.18740515
825 1.15603009
826 1.17167343
827 1.17379058
828 1.17977693
829 1.1742848
830 1.17354906
831 1.15661955
832 1.16341557
833 1.14488016
834 1.17177703
835 1.18116552
836 1.16309305
837 1.16472753
838 1.15272472
839 1.15072589
840 1.1563722
841 1.17489175
842 1.16467928
843 1.15974315
844 1.16629501
845 1.17401334
846 1.17675643
847 1.19149018
848 1.17902004
849 1.18151286
850 1.15986138
851 1.16662787
852 1.16102449
853 1.17061019
854 1.17553704
855 1.1929529
856 1.17823974
857 1.18982768
858 1.16289898
859 1.18987322
860 1.20682887
861 1.20339632
862 1.20334797
863 1.20768229
864 1.21726943
865 1.22241083
866 1.21912315
867 1.23427035
868 1.25948689
869 1.22879593
870 1.22288085
871 1.21476208
872 1.23793384
873 1.24097065
874 1.21730062
875 1.25468825
876 1.25777033
877 1.2536399
878 1.25006907
879 1.22489451
880 1.22509931
881 1.23354893
882 1.2181672
883 1.26139622
884 1.28116738
885 1.28067161
886 1.28132064
887 1.29000131
888 1.29533651
889 1.2716674
890 1.29120448
891 1.28036723
892 1.30532456
893 1.28620802
894 1.26447899
895 1.28123018
896 1.31638582
897 1.27488185
898 1.31544351
899 1.30711368
900 1.29400936
901 0.0
902 0.0
903 0.0
904 0.0
905 0.0
906 0.0
907 0.0
908 0.0
909 0.0
910 0.0
911 0.0
912 0.0
913 0.0
914 0.0
915 0.0
916 0.0
917 0.0
918 0.0
919 0.0
920 0.0
921 0.0
922 0.0
923 0.0
924 0.0
925 0.0
926 0.0
927 0.0
928 0.0
929 0.0
930 0.0
931 0.0
932 0.0
933 0.0
934 0.0
935 0.0
936 0.0
937 0.0
938 0.0
939 0.0
940 0.0
941 0.0
942 0.0
943 0.0
944 0.0
945 0.0
946 0.0
947 0.0
948 0.0
949 0.0
950 0.0
951 0.0
952 0.0
953 0.0
954 0.0
955 0.0
956 0.0
957 0.0
958 0.0
959 0.0
960 0.0
961 0.0
962 0.0
963 0.0
964 0.0
965 0.0
966 0.0
967 0.0
968 0.0
969 0.0
970 0.0
971 0.0
972 0.0
973 0.0
974 0.0
975 0.0
976 0.0
977 0.0
978 0.0
979 0.0
980 0.0
981 0.0
982 0.0
983 0.0
984 0.0
985 0.0
986 0.0
987 0.0
988 0.0
989 0.0
990 0.0
991 0.0
992 0.0
993 0.0
994 0.0
995 0.0
996 0.0
997 0.0
998 0.0
999 0.0
1000 0.0
1001 0.0
1002 0.0
1003 0.0
1004 0.0
1005 0.0
1006 0.0
1007 0.0
1008 0.0
1009 0.0
1010 0.0
1011 0.0
1012 0.0
1013 0.0
1014 0.0
1015 0.0
1016 0.0
1017 0.0
1018 0.0
1019 0.0
1020 0.0
1021 0.0
1022 0.0
1023 0.0
1024 0.0
1025 0.0
1026 0.0
1027 0.0
1028 0.0
1029 0.0
1030 0.0
1031 0.0
1032 0.0
1033 0.0
1034 0.0
1035 0.0
1036 0.0
1037 0.0
1038 0.0
1039 0.0
1040 0.0
1041 0.0
1042 0.0
1043 0.0
1044 0.0
1045 0.0
1046 0.0
1047 0.0
1048 0.0
1049 0.0
1050 0.0
1051 0.0
1052 0.0
1053 0.0
1054 0.0
1055 0.0
1056 0.0
1057 0.0
1058 0.0
1059 0.0
1060 0.0
1061 0.0
1062 0.0
1063 0.0
1064 0.0
1065 0.0
1066 0.0
1067 0.0
1068 0.0
1069 0.0
1070 0.0
1071 0.0
1072 0.0
1073 0.0
1074 0.0
1075 0.0
1076 0.0
1077 0.0
1078 0.0
1079 0.0
1080 0.0
1081 0.0
1082 0.0
1083 0.0
1084 0.0
1085 0.0
1086 0.0
1087 0.0
1088 0.0
1089 0.0
1090 0.0
1091 0.0
1092 0.0
1093 0.0
1094 0.0
1095 0.0
1096 0.0
1097 0.0
1098 0.0
1099 0.0
1100 0.0
