I_Incandescent_Carbon_2021K_LICA_Amberline
380 0.00226382
381 0.00191131
382 0.00223118
383 0.0022232
384 0.00229515
385 0.00265238
386 0.00228671
387 0.00274297
388 0.00257571
389 0.00274642
390 0.00256294
391 0.00294239
392 0.00265803
393 0.00284677
394 0.00284106
395 0.00319852
396 0.00323918
397 0.00301451
398 0.003774
399 0.00323775
400 0.00352784
401 0.00349438
402 0.00390062
403 0.00370121
404 0.00377403
405 0.00404629
406 0.0039788
407 0.00444089
408 0.00433728
409 0.00439999
410 0.00463646
411 0.00460126
412 0.00518174
413 0.00493669
414 0.00555961
415 0.00525689
416 0.00551465
417 0.00579289
418 0.00582124
419 0.0057898
420 0.0064718
421 0.00645434
422 0.00678013
423 0.00696139
424 0.006962
425 0.00699035
426 0.00728497
427 0.00766749
428 0.00750631
429 0.00771387
430 0.00809828
431 0.00828626
432 0.00817089
433 0.00878868
434 0.00899698
435 0.00936756
436 0.00982701
437 0.00988828
438 0.00998254
439 0.01011784
440 0.01030706
441 0.01086059
442 0.01080809
443 0.01119666
444 0.0114778
445 0.01174905
446 0.0117623
447 0.01226278
448 0.01270424
449 0.01329565
450 0.01331495
451 0.01382254
452 0.0140487
453 0.01430364
454 0.01443253
455 0.01516365
456 0.01546265
457 0.01509081
458 0.01600258
459 0.01628942
460 0.01717442
461 0.01703426
462 0.01776138
463 0.01782362
464 0.01864577
465 0.01946626
466 0.01950373
467 0.02007044
468 0.02060415
469 0.02113514
470 0.0213985
471 0.02247278
472 0.02280149
473 0.02341525
474 0.02354573
475 0.02423566
476 0.02492694
477 0.02560881
478 0.02623961
479 0.02650632
480 0.02712002
481 0.02763527
482 0.02811485
483 0.02880061
484 0.02928288
485 0.03012133
486 0.03068119
487 0.03133866
488 0.03202517
489 0.0324626
490 0.03294777
491 0.03350132
492 0.03413589
493 0.0350577
494 0.03531605
495 0.03632913
496 0.03681261
497 0.03790166
498 0.03894239
499 0.03925332
500 0.04007024
501 0.04077046
502 0.04164326
503 0.04265904
504 0.04316715
505 0.04396724
506 0.04486938
507 0.0457533
508 0.04661663
509 0.04759769
510 0.04838634
511 0.04932839
512 0.05063785
513 0.05081558
514 0.05250556
515 0.05362049
516 0.05437063
517 0.05525195
518 0.05606409
519 0.05721696
520 0.05789065
521 0.05872651
522 0.05947514
523 0.06074282
524 0.06232371
525 0.0631508
526 0.06496621
527 0.06522624
528 0.06684094
529 0.06797525
530 0.06870261
531 0.07007223
532 0.07058164
533 0.07158733
534 0.07251438
535 0.07439328
536 0.07577741
537 0.07630701
538 0.07773742
539 0.07926711
540 0.07985062
541 0.08218461
542 0.08311063
543 0.08497918
544 0.08572405
545 0.08684747
546 0.08791651
547 0.08939295
548 0.09157689
549 0.09198106
550 0.09413677
551 0.09601469
552 0.09676233
553 0.09871628
554 0.10082782
555 0.10238864
556 0.1042601
557 0.10605427
558 0.10834218
559 0.10907604
560 0.11123179
561 0.1122672
562 0.11386019
563 0.11466356
564 0.11582285
565 0.11786075
566 0.1197761
567 0.12164473
568 0.12325919
569 0.12430912
570 0.1251038
571 0.12651292
572 0.12888291
573 0.13027247
574 0.13166017
575 0.13284525
576 0.13441989
577 0.13621369
578 0.13828749
579 0.139716
580 0.14108158
581 0.14237905
582 0.14486271
583 0.14795456
584 0.14948835
585 0.15273334
586 0.15387094
587 0.15534944
588 0.15723575
589 0.15879694
590 0.16096621
591 0.16327394
592 0.1642433
593 0.16651776
594 0.1687543
595 0.17056356
596 0.17223475
597 0.17437357
598 0.17647962
599 0.1786365
600 0.18056494
601 0.18292447
602 0.1856519
603 0.18808636
604 0.18922183
605 0.18956223
606 0.19225105
607 0.19278599
608 0.1951521
609 0.19693482
610 0.19831148
611 0.20100991
612 0.20202011
613 0.20462194
614 0.2082376
615 0.21096709
616 0.21376355
617 0.21755063
618 0.22083538
619 0.22376145
620 0.22591517
621 0.2265388
622 0.22915201
623 0.23196334
624 0.23256066
625 0.234757
626 0.23754574
627 0.2398662
628 0.2422695
629 0.24440116
630 0.24704092
631 0.24875423
632 0.24915862
633 0.25247207
634 0.25546152
635 0.25758258
636 0.25966155
637 0.26243858
638 0.26363873
639 0.26602276
640 0.26789819
641 0.27126162
642 0.27325513
643 0.27611954
644 0.27817105
645 0.28079116
646 0.2839005
647 0.28584524
648 0.28936721
649 0.29223482
650 0.29340971
651 0.29615581
652 0.29803754
653 0.29759889
654 0.30129649
655 0.30323767
656 0.30637173
657 0.30920106
658 0.31034512
659 0.31488228
660 0.31621605
661 0.31878227
662 0.32123386
663 0.32443327
664 0.32466344
665 0.32835234
666 0.32978714
667 0.33391584
668 0.3339607
669 0.34028554
670 0.34282306
671 0.34597818
672 0.34697277
673 0.35137156
674 0.35262978
675 0.35553972
676 0.35894051
677 0.36088957
678 0.36252362
679 0.36675234
680 0.368802
681 0.37224468
682 0.37322945
683 0.37726999
684 0.3788303
685 0.38159316
686 0.38394305
687 0.38705652
688 0.38651997
689 0.38869305
690 0.39262055
691 0.39670732
692 0.40119166
693 0.40434613
694 0.40774194
695 0.40888686
696 0.41124086
697 0.41371322
698 0.4162774
699 0.42144945
700 0.42690314
701 0.43039215
702 0.43389207
703 0.43797101
704 0.43885165
705 0.44131475
706 0.44161438
707 0.44203891
708 0.44897009
709 0.44990498
710 0.45669381
711 0.46038991
712 0.46203099
713 0.46310678
714 0.46659325
715 0.46926852
716 0.4717634
717 0.47467025
718 0.47875241
719 0.48252484
720 0.48681172
721 0.49180648
722 0.49511141
723 0.49786235
724 0.49839778
725 0.50271352
726 0.50342156
727 0.50684342
728 0.51191488
729 0.51590935
730 0.51774024
731 0.52212807
732 0.5260844
733 0.5291922
734 0.52877303
735 0.53427398
736 0.53749747
737 0.54286689
738 0.5467199
739 0.5481809
740 0.55179831
741 0.55188774
742 0.55460698
743 0.55138035
744 0.5525332
745 0.54998938
746 0.54776075
747 0.54939913
748 0.55243742
749 0.55560276
750 0.56033159
751 0.56131454
752 0.56497268
753 0.56757777
754 0.57239508
755 0.57661641
756 0.58083475
757 0.58692649
758 0.59282879
759 0.59713309
760 0.60358645
761 0.60989517
762 0.6084241
763 0.61425052
764 0.61353472
765 0.61996688
766 0.61990785
767 0.62525126
768 0.62579038
769 0.62518765
770 0.62668802
771 0.63296482
772 0.63717171
773 0.63541149
774 0.64084913
775 0.64847901
776 0.6466273
777 0.65501711
778 0.6576837
779 0.65705473
780 0.66221154
781 0.66425005
782 0.66968127
783 0.67839684
784 0.68107964
785 0.68876219
786 0.68496986
787 0.68861702
788 0.69278871
789 0.7060309
790 0.7063242
791 0.70944315
792 0.71047953
793 0.71220892
794 0.70846875
795 0.71270014
796 0.7167322
797 0.71657667
798 0.72342127
799 0.72532361
800 0.72789534
801 0.73083797
802 0.72985173
803 0.72988377
804 0.73317564
805 0.73377128
806 0.73269605
807 0.73832369
808 0.7407069
809 0.74138034
810 0.7481203
811 0.75602876
812 0.75934324
813 0.76411979
814 0.76554155
815 0.7621958
816 0.7715059
817 0.76932857
818 0.76758969
819 0.77429785
820 0.77922506
821 0.78973066
822 0.79805251
823 0.80947599
824 0.8105382
825 0.81537514
826 0.81400639
827 0.81692122
828 0.8228477
829 0.81793626
830 0.81587676
831 0.82426057
832 0.82032696
833 0.82514812
834 0.82985944
835 0.8374505
836 0.83327885
837 0.84057157
838 0.82950023
839 0.83642859
840 0.83477767
841 0.83766563
842 0.83992449
843 0.84095975
844 0.8438897
845 0.84946047
846 0.85274205
847 0.85963912
848 0.86142779
849 0.85624065
850 0.86001728
851 0.85731488
852 0.85816733
853 0.8607518
854 0.86111337
855 0.87429785
856 0.87857894
857 0.8771247
858 0.88939386
859 0.88524931
860 0.89568637
861 0.89449159
862 0.88676986
863 0.89598772
864 0.90273292
865 0.90565737
866 0.91353649
867 0.91020948
868 0.91681075
869 0.91483539
870 0.9168128
871 0.92095882
872 0.92216804
873 0.92711949
874 0.9330358
875 0.94042481
876 0.94027178
877 0.9401734
878 0.94113042
879 0.93558183
880 0.93282551
881 0.93360154
882 0.94036914
883 0.94544357
884 0.96261023
885 0.96087052
886 0.96321094
887 0.9622974
888 0.96464268
889 0.96729283
890 0.97332121
891 0.97738863
892 0.97797397
893 0.96944809
894 0.96504223
895 0.97237146
896 0.97620222
897 0.9841377
898 0.99038557
899 0.99189695
900 1.0
901 0.0
902 0.0
903 0.0
904 0.0
905 0.0
906 0.0
907 0.0
908 0.0
909 0.0
910 0.0
911 0.0
912 0.0
913 0.0
914 0.0
915 0.0
916 0.0
917 0.0
918 0.0
919 0.0
920 0.0
921 0.0
922 0.0
923 0.0
924 0.0
925 0.0
926 0.0
927 0.0
928 0.0
929 0.0
930 0.0
931 0.0
932 0.0
933 0.0
934 0.0
935 0.0
936 0.0
937 0.0
938 0.0
939 0.0
940 0.0
941 0.0
942 0.0
943 0.0
944 0.0
945 0.0
946 0.0
947 0.0
948 0.0
949 0.0
950 0.0
951 0.0
952 0.0
953 0.0
954 0.0
955 0.0
956 0.0
957 0.0
958 0.0
959 0.0
960 0.0
961 0.0
962 0.0
963 0.0
964 0.0
965 0.0
966 0.0
967 0.0
968 0.0
969 0.0
970 0.0
971 0.0
972 0.0
973 0.0
974 0.0
975 0.0
976 0.0
977 0.0
978 0.0
979 0.0
980 0.0
981 0.0
982 0.0
983 0.0
984 0.0
985 0.0
986 0.0
987 0.0
988 0.0
989 0.0
990 0.0
991 0.0
992 0.0
993 0.0
994 0.0
995 0.0
996 0.0
997 0.0
998 0.0
999 0.0
1000 0.0
1001 0.0
1002 0.0
1003 0.0
1004 0.0
1005 0.0
1006 0.0
1007 0.0
1008 0.0
1009 0.0
1010 0.0
1011 0.0
1012 0.0
1013 0.0
1014 0.0
1015 0.0
1016 0.0
1017 0.0
1018 0.0
1019 0.0
1020 0.0
1021 0.0
1022 0.0
1023 0.0
1024 0.0
1025 0.0
1026 0.0
1027 0.0
1028 0.0
1029 0.0
1030 0.0
1031 0.0
1032 0.0
1033 0.0
1034 0.0
1035 0.0
1036 0.0
1037 0.0
1038 0.0
1039 0.0
1040 0.0
1041 0.0
1042 0.0
1043 0.0
1044 0.0
1045 0.0
1046 0.0
1047 0.0
1048 0.0
1049 0.0
1050 0.0
1051 0.0
1052 0.0
1053 0.0
1054 0.0
1055 0.0
1056 0.0
1057 0.0
1058 0.0
1059 0.0
1060 0.0
1061 0.0
1062 0.0
1063 0.0
1064 0.0
1065 0.0
1066 0.0
1067 0.0
1068 0.0
1069 0.0
1070 0.0
1071 0.0
1072 0.0
1073 0.0
1074 0.0
1075 0.0
1076 0.0
1077 0.0
1078 0.0
1079 0.0
1080 0.0
1081 0.0
1082 0.0
1083 0.0
1084 0.0
1085 0.0
1086 0.0
1087 0.0
1088 0.0
1089 0.0
1090 0.0
1091 0.0
1092 0.0
1093 0.0
1094 0.0
1095 0.0
1096 0.0
1097 0.0
1098 0.0
1099 0.0
1100 0.0
