I_Incandescent_Tungsten_LICA_Leuci_Special_Red
380 0.00117627
381 0.00087996
382 0.00131113
383 0.00105705
384 0.00094193
385 0.0011461
386 0.00122228
387 0.00074613
388 0.00116935
389 0.00115111
390 0.00061484
391 0.0013968
392 0.00098788
393 0.00139028
394 0.00105973
395 0.00048024
396 0.00100171
397 0.00121299
398 0.00072035
399 0.00094722
400 0.00059868
401 0.00102686
402 0.0007201
403 0.00100592
404 0.00099375
405 0.00056531
406 0.00081447
407 0.00103673
408 0.00115397
409 0.00140803
410 0.00119216
411 0.00118581
412 0.00108164
413 0.00102296
414 0.00065673
415 0.00081685
416 0.00094631
417 0.00129467
418 0.00089831
419 0.00081896
420 0.00041788
421 0.00124278
422 0.00101212
423 0.00117098
424 0.00107514
425 0.00119637
426 0.00126185
427 0.00112116
428 0.00073151
429 0.00089744
430 0.00125021
431 0.00106212
432 0.00075688
433 0.00095204
434 0.00128307
435 0.00050624
436 0.00093124
437 0.00121272
438 0.00115912
439 0.00133558
440 0.00122289
441 0.00126257
442 0.00109136
443 0.00133535
444 0.00103751
445 0.00117917
446 0.00103532
447 0.00154987
448 0.00107126
449 0.00101594
450 0.00121662
451 0.00113592
452 0.00072054
453 0.0010227
454 0.00098611
455 0.00149641
456 0.00133965
457 0.00086881
458 0.00139817
459 0.00120256
460 0.00074174
461 0.00128236
462 0.00145879
463 0.00123072
464 0.00141702
465 0.00097825
466 0.00134979
467 0.001457
468 0.00136811
469 0.00128321
470 0.00135634
471 0.00110742
472 0.00135804
473 0.00127829
474 0.00134036
475 0.00101826
476 0.00110462
477 0.00124918
478 0.0010165
479 0.0011859
480 0.00108796
481 0.00136901
482 0.00135409
483 0.00120484
484 0.00134104
485 0.00117699
486 0.00126308
487 0.00122549
488 0.00104851
489 0.00135843
490 0.00120688
491 0.00134485
492 0.00118318
493 0.00134655
494 0.0012752
495 0.00126145
496 0.00137538
497 0.00132741
498 0.00126711
499 0.00117292
500 0.00158571
501 0.00149925
502 0.00136811
503 0.00148697
504 0.00132159
505 0.0012615
506 0.00133113
507 0.0013756
508 0.00133676
509 0.00133216
510 0.00139537
511 0.00145337
512 0.00138071
513 0.00124673
514 0.00168702
515 0.00129431
516 0.00152156
517 0.00142774
518 0.0016849
519 0.0015098
520 0.00178498
521 0.00131563
522 0.00166699
523 0.00150596
524 0.00153859
525 0.00153676
526 0.00164527
527 0.00156595
528 0.00150834
529 0.00162969
530 0.00172088
531 0.00185886
532 0.001612
533 0.00166199
534 0.00157613
535 0.00174958
536 0.00196714
537 0.0015679
538 0.00189971
539 0.001797
540 0.00167551
541 0.00190152
542 0.00185424
543 0.00187452
544 0.00194472
545 0.00187105
546 0.00196381
547 0.00177847
548 0.00199791
549 0.00192073
550 0.00219213
551 0.00223218
552 0.00210658
553 0.00211371
554 0.0021456
555 0.00232332
556 0.002339
557 0.00243983
558 0.0025389
559 0.00239669
560 0.00219711
561 0.00241506
562 0.00257238
563 0.00250617
564 0.0024984
565 0.00275134
566 0.00283201
567 0.00293304
568 0.00261558
569 0.00302022
570 0.00303503
571 0.00339912
572 0.00327126
573 0.00351745
574 0.00339522
575 0.00347863
576 0.00390609
577 0.00415094
578 0.00432238
579 0.00446852
580 0.00513171
581 0.0051025
582 0.00589867
583 0.0058173
584 0.0066552
585 0.00662132
586 0.00741301
587 0.00787432
588 0.00831574
589 0.00885797
590 0.00943581
591 0.00994229
592 0.01083031
593 0.0116477
594 0.0125808
595 0.01362264
596 0.01431396
597 0.01527087
598 0.0171184
599 0.01792289
600 0.01958613
601 0.02060377
602 0.0218243
603 0.02302219
604 0.02493638
605 0.02663754
606 0.02801112
607 0.02896768
608 0.03129282
609 0.03210563
610 0.03418272
611 0.03556344
612 0.0384567
613 0.04086265
614 0.04191685
615 0.04459728
616 0.04750653
617 0.04877404
618 0.05148554
619 0.05333862
620 0.05641487
621 0.0593963
622 0.06142429
623 0.06192699
624 0.0655204
625 0.06866946
626 0.07070219
627 0.07298277
628 0.0765815
629 0.07813027
630 0.08005639
631 0.08341705
632 0.08546884
633 0.08918854
634 0.09180215
635 0.09343369
636 0.09648775
637 0.10035251
638 0.10251073
639 0.10618815
640 0.10901579
641 0.11153868
642 0.11487114
643 0.11719732
644 0.12030686
645 0.1234652
646 0.12708034
647 0.13075233
648 0.13349631
649 0.13765673
650 0.14024051
651 0.14305627
652 0.1482768
653 0.14893398
654 0.15357974
655 0.15920694
656 0.1589981
657 0.16468954
658 0.16768009
659 0.17172256
660 0.17709978
661 0.18139719
662 0.18540617
663 0.18848445
664 0.19137176
665 0.19728267
666 0.20153632
667 0.20561409
668 0.2087798
669 0.21315661
670 0.21960725
671 0.22519855
672 0.22759106
673 0.23444626
674 0.23822143
675 0.24315119
676 0.24932636
677 0.25522751
678 0.25780351
679 0.26408345
680 0.2713377
681 0.27529103
682 0.27723431
683 0.28544019
684 0.29093172
685 0.29538208
686 0.30046406
687 0.30488474
688 0.30912216
689 0.3155666
690 0.3217367
691 0.33157912
692 0.33540704
693 0.34337119
694 0.34817459
695 0.35302963
696 0.35976554
697 0.36435104
698 0.37282475
699 0.37927821
700 0.38721523
701 0.39611554
702 0.40158509
703 0.41304084
704 0.41615738
705 0.41708084
706 0.42332431
707 0.42841894
708 0.43817197
709 0.44800976
710 0.45441778
711 0.46308046
712 0.466801
713 0.46721181
714 0.47869922
715 0.48315289
716 0.48957277
717 0.49592453
718 0.50340319
719 0.50944702
720 0.51982588
721 0.5226231
722 0.53345285
723 0.53813624
724 0.54405586
725 0.5505223
726 0.55410937
727 0.5611116
728 0.56669121
729 0.57733246
730 0.57567995
731 0.58276468
732 0.58906976
733 0.59405033
734 0.59162851
735 0.60218451
736 0.60643873
737 0.61301401
738 0.61903834
739 0.61963846
740 0.6310582
741 0.63342874
742 0.63903723
743 0.63657517
744 0.64214067
745 0.63739115
746 0.63758373
747 0.6369903
748 0.64254703
749 0.64864766
750 0.64980641
751 0.65560508
752 0.66257136
753 0.65910242
754 0.66798834
755 0.6716077
756 0.67662577
757 0.67887953
758 0.69021109
759 0.68983208
760 0.69483225
761 0.70365972
762 0.70528649
763 0.7046038
764 0.70583645
765 0.70688283
766 0.7084623
767 0.7074872
768 0.7138582
769 0.71463913
770 0.70985823
771 0.7098691
772 0.71615427
773 0.71426718
774 0.71832712
775 0.73036119
776 0.72335935
777 0.72999825
778 0.73562467
779 0.73150137
780 0.73188887
781 0.73495215
782 0.74026624
783 0.7457591
784 0.74901791
785 0.75183394
786 0.7493768
787 0.75586101
788 0.74758722
789 0.75941505
790 0.76384942
791 0.75579364
792 0.75647842
793 0.76748971
794 0.75253182
795 0.7616013
796 0.75941789
797 0.76007253
798 0.75162669
799 0.76126525
800 0.76169374
801 0.76779512
802 0.7599375
803 0.7512761
804 0.75564318
805 0.75803013
806 0.75882933
807 0.75605091
808 0.7561738
809 0.76016892
810 0.75698125
811 0.76769218
812 0.76648826
813 0.76783142
814 0.76883332
815 0.76421926
816 0.76698025
817 0.76508369
818 0.76037633
819 0.75898795
820 0.76418743
821 0.77362344
822 0.77764028
823 0.79687035
824 0.79247862
825 0.79575081
826 0.79645709
827 0.80472806
828 0.80350157
829 0.78799732
830 0.79552768
831 0.80247175
832 0.78840693
833 0.79782001
834 0.7967432
835 0.80540579
836 0.7944679
837 0.80024824
838 0.78551621
839 0.79084383
840 0.79985117
841 0.79584368
842 0.79332615
843 0.80653905
844 0.80626158
845 0.80301306
846 0.81533968
847 0.81328706
848 0.82057295
849 0.81605423
850 0.82521878
851 0.8224933
852 0.81678704
853 0.83595835
854 0.82440125
855 0.82867239
856 0.82253748
857 0.83363901
858 0.83688022
859 0.84727608
860 0.83874855
861 0.84444877
862 0.83949069
863 0.86297735
864 0.85995292
865 0.86466011
866 0.86257507
867 0.8722857
868 0.88359023
869 0.87615273
870 0.8807833
871 0.89689278
872 0.88552348
873 0.88630889
874 0.88522888
875 0.90393258
876 0.89810477
877 0.90233882
878 0.91225101
879 0.90338576
880 0.90737208
881 0.90651909
882 0.9084428
883 0.91316847
884 0.92389798
885 0.93948351
886 0.93962351
887 0.94088289
888 0.95397353
889 0.95341388
890 0.9526332
891 0.96484554
892 0.96461349
893 0.96521944
894 0.94906286
895 0.95894971
896 0.96453335
897 0.98784443
898 1.0
899 0.99807902
900 0.98611549
901 0.0
902 0.0
903 0.0
904 0.0
905 0.0
906 0.0
907 0.0
908 0.0
909 0.0
910 0.0
911 0.0
912 0.0
913 0.0
914 0.0
915 0.0
916 0.0
917 0.0
918 0.0
919 0.0
920 0.0
921 0.0
922 0.0
923 0.0
924 0.0
925 0.0
926 0.0
927 0.0
928 0.0
929 0.0
930 0.0
931 0.0
932 0.0
933 0.0
934 0.0
935 0.0
936 0.0
937 0.0
938 0.0
939 0.0
940 0.0
941 0.0
942 0.0
943 0.0
944 0.0
945 0.0
946 0.0
947 0.0
948 0.0
949 0.0
950 0.0
951 0.0
952 0.0
953 0.0
954 0.0
955 0.0
956 0.0
957 0.0
958 0.0
959 0.0
960 0.0
961 0.0
962 0.0
963 0.0
964 0.0
965 0.0
966 0.0
967 0.0
968 0.0
969 0.0
970 0.0
971 0.0
972 0.0
973 0.0
974 0.0
975 0.0
976 0.0
977 0.0
978 0.0
979 0.0
980 0.0
981 0.0
982 0.0
983 0.0
984 0.0
985 0.0
986 0.0
987 0.0
988 0.0
989 0.0
990 0.0
991 0.0
992 0.0
993 0.0
994 0.0
995 0.0
996 0.0
997 0.0
998 0.0
999 0.0
1000 0.0
1001 0.0
1002 0.0
1003 0.0
1004 0.0
1005 0.0
1006 0.0
1007 0.0
1008 0.0
1009 0.0
1010 0.0
1011 0.0
1012 0.0
1013 0.0
1014 0.0
1015 0.0
1016 0.0
1017 0.0
1018 0.0
1019 0.0
1020 0.0
1021 0.0
1022 0.0
1023 0.0
1024 0.0
1025 0.0
1026 0.0
1027 0.0
1028 0.0
1029 0.0
1030 0.0
1031 0.0
1032 0.0
1033 0.0
1034 0.0
1035 0.0
1036 0.0
1037 0.0
1038 0.0
1039 0.0
1040 0.0
1041 0.0
1042 0.0
1043 0.0
1044 0.0
1045 0.0
1046 0.0
1047 0.0
1048 0.0
1049 0.0
1050 0.0
1051 0.0
1052 0.0
1053 0.0
1054 0.0
1055 0.0
1056 0.0
1057 0.0
1058 0.0
1059 0.0
1060 0.0
1061 0.0
1062 0.0
1063 0.0
1064 0.0
1065 0.0
1066 0.0
1067 0.0
1068 0.0
1069 0.0
1070 0.0
1071 0.0
1072 0.0
1073 0.0
1074 0.0
1075 0.0
1076 0.0
1077 0.0
1078 0.0
1079 0.0
1080 0.0
1081 0.0
1082 0.0
1083 0.0
1084 0.0
1085 0.0
1086 0.0
1087 0.0
1088 0.0
1089 0.0
1090 0.0
1091 0.0
1092 0.0
1093 0.0
1094 0.0
1095 0.0
1096 0.0
1097 0.0
1098 0.0
1099 0.0
1100 0.0
