CFL_Compact_Fluorescent_Lamp_2634K_LICA
380 0.00124593
381 0.00258624
382 0.00144302
383 0.0028717
384 0.0
385 0.0
386 0.00073007
387 0.00081774
388 0.00053899
389 0.00092277
390 0.0
391 0.00035995
392 0.00032756
393 0.0
394 0.0
395 0.0
396 0.0
397 0.0
398 0.0
399 0.0
400 0.00152977
401 1.18e-05
402 0.0007303
403 0.00393396
404 0.10061022
405 0.27596105
406 0.13211683
407 0.03095882
408 0.02933375
409 0.01677866
410 0.00353515
411 0.00163063
412 0.0
413 0.0
414 0.00076037
415 0.00027343
416 0.00035763
417 0.0
418 0.00095446
419 0.00083278
420 0.0
421 0.0
422 0.00041847
423 0.00064471
424 0.0
425 0.0
426 0.00099494
427 0.00198109
428 0.00059821
429 0.0
430 5.09e-06
431 0.0
432 0.0
433 0.00135396
434 0.0084386
435 0.11101025
436 0.47446523
437 0.30334794
438 0.08696443
439 0.01222058
440 0.00271417
441 0.0016149
442 0.00062227
443 0.00086193
444 0.00043906
445 0.0
446 0.00062597
447 0.00117514
448 0.00018529
449 0.00049828
450 0.00144233
451 0.00060885
452 0.0
453 0.0
454 0.0
455 0.00020496
456 0.00015244
457 0.00022161
458 0.00027551
459 3.516e-05
460 0.0
461 0.00216638
462 0.0006572
463 0.0
464 0.00099749
465 0.00011937
466 0.00045733
467 0.00109418
468 0.0016496
469 0.00054848
470 0.00057045
471 0.0
472 0.00100951
473 0.00171576
474 0.00123992
475 0.00012607
476 0.00142012
477 0.00150525
478 0.00148559
479 0.00308429
480 0.00412827
481 0.00586994
482 0.0101583
483 0.01908523
484 0.03097108
485 0.04597801
486 0.06402296
487 0.07715567
488 0.07811429
489 0.0705656
490 0.06025556
491 0.05517097
492 0.05079286
493 0.04510012
494 0.03795834
495 0.03343843
496 0.02969392
497 0.02606347
498 0.02302868
499 0.01967604
500 0.01620659
501 0.0130145
502 0.01021127
503 0.00764399
504 0.00657364
505 0.00476165
506 0.00356453
507 0.00336096
508 0.00236348
509 0.00234867
510 0.00247544
511 0.00210971
512 0.00164983
513 0.00177452
514 0.00217217
515 0.00103057
516 0.00087118
517 0.0011386
518 0.00132158
519 0.0012073
520 0.00069491
521 0.00105046
522 0.00072706
523 0.00116173
524 0.00063939
525 0.00083949
526 0.000542
527 0.001242
528 0.00141133
529 0.00176804
530 0.00202319
531 0.00265472
532 0.003695
533 0.01043728
534 0.01473326
535 0.01303439
536 0.01584086
537 0.02635586
538 0.04317432
539 0.06248833
540 0.10386222
541 0.21153511
542 0.33757843
543 0.32749555
544 0.30397183
545 0.31184923
546 0.61573269
547 0.55002543
548 0.35295779
549 0.24264013
550 0.16355334
551 0.12078223
552 0.08804889
553 0.06662355
554 0.05026914
555 0.03551945
556 0.02641925
557 0.02044845
558 0.0155783
559 0.01249262
560 0.01020109
561 0.00882076
562 0.00771871
563 0.00754938
564 0.00719152
565 0.00659562
566 0.00520672
567 0.00650956
568 0.00556482
569 0.00615216
570 0.00464622
571 0.00358512
572 0.00294665
573 0.0028643
574 0.00366122
575 0.00469387
576 0.01340683
577 0.07402927
578 0.06006124
579 0.09250935
580 0.09347977
581 0.07534553
582 0.06826782
583 0.07467977
584 0.07707679
585 0.07647071
586 0.07367951
587 0.10718687
588 0.12107602
589 0.08184815
590 0.06322419
591 0.0580133
592 0.0679435
593 0.10363668
594 0.10261282
595 0.07078837
596 0.05567735
597 0.04682235
598 0.04594863
599 0.06542527
600 0.07596549
601 0.06414186
602 0.04813375
603 0.03533994
604 0.03301139
605 0.03407203
606 0.03794608
607 0.04748094
608 0.06503849
609 0.10770967
610 0.24565086
611 0.76308546
612 1.0
613 0.69441929
614 0.53912481
615 0.40082644
616 0.26710883
617 0.17541675
618 0.12089651
619 0.08717517
620 0.07208404
621 0.07234891
622 0.0710079
623 0.07546142
624 0.08304504
625 0.08574579
626 0.08862976
627 0.09134994
628 0.08606225
629 0.084814
630 0.10099445
631 0.14502399
632 0.12373582
633 0.07470822
634 0.04680593
635 0.03008394
636 0.02146629
637 0.01836696
638 0.01544228
639 0.01339341
640 0.01297448
641 0.01174705
642 0.01176487
643 0.01169824
644 0.01303624
645 0.01392454
646 0.01219097
647 0.01161173
648 0.01300964
649 0.01434764
650 0.02625015
651 0.04026167
652 0.03085935
653 0.02833742
654 0.02335161
655 0.01532084
656 0.01480266
657 0.01179517
658 0.01280885
659 0.01191222
660 0.01055988
661 0.01088698
662 0.01695586
663 0.02546733
664 0.01842711
665 0.01395855
666 0.0106117
667 0.00910529
668 0.00664975
669 0.00784085
670 0.00455993
671 0.0061399
672 0.00518151
673 0.0064862
674 0.00534298
675 0.00372484
676 0.00354417
677 0.00502745
678 0.00474499
679 0.00687136
680 0.00617113
681 0.00897297
682 0.0060166
683 0.0046985
684 0.00492844
685 0.00726161
686 0.00901877
687 0.01718395
688 0.02416172
689 0.01999504
690 0.01394027
691 0.00834353
692 0.00573554
693 0.00923206
694 0.01785873
695 0.01097373
696 0.00652506
697 0.00490623
698 0.00296979
699 0.00189457
700 0.00187676
701 0.00192812
702 0.00138935
703 0.00325386
704 0.0076935
705 0.01539879
706 0.02945519
707 0.05644328
708 0.06159818
709 0.07889502
710 0.06273655
711 0.04098225
712 0.0594591
713 0.05669589
714 0.03182376
715 0.01595306
716 0.00812053
717 0.00221219
718 0.00080826
719 0.0
720 0.0
721 0.0
722 0.00011057
723 0.00063245
724 0.0
725 0.00179742
726 0.0
727 0.0
728 0.0
729 0.0
730 0.0
731 0.0
732 0.0
733 0.0
734 0.0
735 0.0
736 0.0
737 0.0
738 0.0
739 0.0
740 0.0
741 0.0
742 0.0
743 0.00063245
744 0.0
745 0.0
746 0.0
747 0.00077749
748 0.0
749 0.0
750 0.0
751 0.0
752 0.0
753 0.0
754 0.0
755 0.0
756 0.0
757 0.0
758 0.0
759 0.0
760 0.0
761 0.0
762 0.0
763 0.0
764 0.0
765 0.0
766 0.0
767 0.0
768 0.0
769 0.0
770 0.0
771 0.0
772 0.0
773 0.0
774 0.0
775 0.0
776 0.0
777 0.0
778 0.0
779 0.0
780 0.0
781 0.0
782 0.0
783 0.0
784 0.0
785 0.0
786 0.0
787 0.0
788 0.0
789 0.0
790 0.0
791 0.0
792 0.0
793 0.0
794 0.0
795 0.0
796 0.0
797 0.0
798 0.0
799 0.0
800 0.0
801 0.0
802 0.0
803 0.0
804 0.0
805 0.0
806 0.0
807 0.0
808 0.0
809 0.0
810 0.0
811 0.0
812 0.0
813 0.0
814 0.0
815 0.0
816 0.0
817 0.0
818 0.0
819 0.0
820 0.0
821 0.0
822 0.0
823 0.0
824 0.0
825 0.0
826 0.0
827 0.0
828 0.0
829 0.0
830 0.0
831 0.0
832 0.0
833 0.0
834 0.0
835 0.0
836 0.0
837 0.0
838 0.0
839 0.0
840 0.0
841 0.0
842 0.0
843 0.0
844 0.0
845 0.0
846 0.0
847 0.0
848 0.0
849 0.0
850 0.0
851 0.0
852 0.0
853 0.0
854 0.0
855 0.0
856 0.0
857 0.0
858 0.0
859 0.0
860 0.0
861 0.0
862 0.0
863 0.0
864 0.0
865 0.0
866 0.0
867 0.0
868 0.0
869 0.0
870 0.0
871 0.0
872 0.0
873 0.0
874 0.0
875 0.0
876 0.0
877 0.0
878 0.0
879 0.0
880 0.0
881 0.0
882 0.0
883 0.0
884 0.0
885 0.0
886 0.0
887 0.0
888 0.0
889 0.0
890 0.0
891 0.0
892 0.0
893 0.0
894 0.0
895 0.0
896 0.0
897 0.0
898 0.0
899 0.0
900 0.0
901 0.0
902 0.0
903 0.0
904 0.0
905 0.0
906 0.0
907 0.0
908 0.0
909 0.0
910 0.0
911 0.0
912 0.0
913 0.0
914 0.0
915 0.0
916 0.0
917 0.0
918 0.0
919 0.0
920 0.0
921 0.0
922 0.0
923 0.0
924 0.0
925 0.0
926 0.0
927 0.0
928 0.0
929 0.0
930 0.0
931 0.0
932 0.0
933 0.0
934 0.0
935 0.0
936 0.0
937 0.0
938 0.0
939 0.0
940 0.0
941 0.0
942 0.0
943 0.0
944 0.0
945 0.0
946 0.0
947 0.0
948 0.0
949 0.0
950 0.0
951 0.0
952 0.0
953 0.0
954 0.0
955 0.0
956 0.0
957 0.0
958 0.0
959 0.0
960 0.0
961 0.0
962 0.0
963 0.0
964 0.0
965 0.0
966 0.0
967 0.0
968 0.0
969 0.0
970 0.0
971 0.0
972 0.0
973 0.0
974 0.0
975 0.0
976 0.0
977 0.0
978 0.0
979 0.0
980 0.0
981 0.0
982 0.0
983 0.0
984 0.0
985 0.0
986 0.0
987 0.0
988 0.0
989 0.0
990 0.0
991 0.0
992 0.0
993 0.0
994 0.0
995 0.0
996 0.0
997 0.0
998 0.0
999 0.0
1000 0.0
1001 0.0
1002 0.0
1003 0.0
1004 0.0
1005 0.0
1006 0.0
1007 0.0
1008 0.0
1009 0.0
1010 0.0
1011 0.0
1012 0.0
1013 0.0
1014 0.0
1015 0.0
1016 0.0
1017 0.0
1018 0.0
1019 0.0
1020 0.0
1021 0.0
1022 0.0
1023 0.0
1024 0.0
1025 0.0
1026 0.0
1027 0.0
1028 0.0
1029 0.0
1030 0.0
1031 0.0
1032 0.0
1033 0.0
1034 0.0
1035 0.0
1036 0.0
1037 0.0
1038 0.0
1039 0.0
1040 0.0
1041 0.0
1042 0.0
1043 0.0
1044 0.0
1045 0.0
1046 0.0
1047 0.0
1048 0.0
1049 0.0
1050 0.0
1051 0.0
1052 0.0
1053 0.0
1054 0.0
1055 0.0
1056 0.0
1057 0.0
1058 0.0
1059 0.0
1060 0.0
1061 0.0
1062 0.0
1063 0.0
1064 0.0
1065 0.0
1066 0.0
1067 0.0
1068 0.0
1069 0.0
1070 0.0
1071 0.0
1072 0.0
1073 0.0
1074 0.0
1075 0.0
1076 0.0
1077 0.0
1078 0.0
1079 0.0
1080 0.0
1081 0.0
1082 0.0
1083 0.0
1084 0.0
1085 0.0
1086 0.0
1087 0.0
1088 0.0
1089 0.0
1090 0.0
1091 0.0
1092 0.0
1093 0.0
1094 0.0
1095 0.0
1096 0.0
1097 0.0
1098 0.0
1099 0.0
1100 0.0
