LED_1833K_LICA_Wetalux_Ambar_1800K
380 0.0
381 0.0
382 0.0
383 0.0
384 0.0
385 0.0
386 0.0
387 0.0
388 0.0
389 0.0
390 0.0
391 0.0
392 0.0
393 0.0
394 0.0
395 0.0
396 0.0
397 0.0
398 0.0
399 0.0
400 0.0
401 0.0
402 0.0
403 0.0
404 0.0
405 0.0
406 3.182e-05
407 0.0
408 0.0
409 0.0
410 0.0
411 0.0
412 0.00017142
413 0.0
414 0.00018253
415 2.958e-05
416 0.0002128
417 4.028e-05
418 0.00076533
419 0.00094058
420 0.0009174
421 0.0008653
422 0.00101804
423 0.00119161
424 0.00162696
425 0.00249153
426 0.00284282
427 0.00370471
428 0.00374161
429 0.00508041
430 0.00563185
431 0.00659063
432 0.00786122
433 0.00889242
434 0.01035218
435 0.01235616
436 0.01397658
437 0.01610576
438 0.01834022
439 0.02144013
440 0.02477534
441 0.02811153
442 0.03218393
443 0.0373132
444 0.04198897
445 0.04651409
446 0.05066306
447 0.05427716
448 0.057337
449 0.05994393
450 0.05928063
451 0.05748442
452 0.05547957
453 0.05215751
454 0.04773173
455 0.04365475
456 0.03933356
457 0.03574548
458 0.03318001
459 0.03054468
460 0.02914092
461 0.02733505
462 0.02484398
463 0.02396868
464 0.02308688
465 0.02180883
466 0.02019286
467 0.01905706
468 0.01808254
469 0.01621436
470 0.01498031
471 0.0138232
472 0.01304912
473 0.01204029
474 0.0109651
475 0.01072453
476 0.00998265
477 0.00923571
478 0.0091475
479 0.0089035
480 0.00851423
481 0.00803106
482 0.00799752
483 0.00763378
484 0.00745029
485 0.00727588
486 0.00707089
487 0.00651558
488 0.0066738
489 0.00638886
490 0.00643585
491 0.00625064
492 0.00623686
493 0.00640051
494 0.00661737
495 0.00683148
496 0.00714107
497 0.00735418
498 0.0076576
499 0.00798332
500 0.00846048
501 0.00877767
502 0.0091464
503 0.00971733
504 0.01014673
505 0.0107939
506 0.01166499
507 0.01219161
508 0.01285265
509 0.01398763
510 0.01483845
511 0.01565472
512 0.0167488
513 0.01764927
514 0.01903671
515 0.0204988
516 0.0215692
517 0.02291801
518 0.02426955
519 0.02607157
520 0.02768767
521 0.02976216
522 0.03180952
523 0.03426224
524 0.03659543
525 0.03917684
526 0.04186125
527 0.04549281
528 0.04863718
529 0.0525129
530 0.05667251
531 0.06063121
532 0.06574325
533 0.07045795
534 0.07589476
535 0.08283397
536 0.08942003
537 0.09609371
538 0.10400227
539 0.11285217
540 0.12140363
541 0.13309473
542 0.14341405
543 0.15514203
544 0.16673242
545 0.18038178
546 0.19402113
547 0.20859795
548 0.2261356
549 0.24109283
550 0.25907713
551 0.27964484
552 0.29825016
553 0.31998051
554 0.34028294
555 0.36107415
556 0.3877908
557 0.41159889
558 0.43728997
559 0.4618629
560 0.48792574
561 0.51418804
562 0.53691608
563 0.55854228
564 0.58202242
565 0.6044619
566 0.63083323
567 0.65452775
568 0.67478383
569 0.69780108
570 0.71607388
571 0.73620527
572 0.75999928
573 0.77580865
574 0.79237809
575 0.80925414
576 0.82380727
577 0.84365791
578 0.8582183
579 0.8701079
580 0.88119726
581 0.89616575
582 0.90944814
583 0.92448076
584 0.93734371
585 0.95110539
586 0.96051196
587 0.96659911
588 0.97217773
589 0.97451047
590 0.98300757
591 0.98767228
592 0.98907206
593 0.99458862
594 0.99368123
595 0.99734864
596 0.99536272
597 0.99443737
598 0.99661083
599 0.99858699
600 1.0
601 0.9944623
602 0.99554927
603 0.99292612
604 0.98788571
605 0.97531661
606 0.96891824
607 0.95769659
608 0.94627396
609 0.93562045
610 0.92607788
611 0.92082637
612 0.90697681
613 0.89601604
614 0.89012014
615 0.88422625
616 0.87336238
617 0.86648564
618 0.86335503
619 0.84814172
620 0.84097837
621 0.82093028
622 0.80435647
623 0.79531585
624 0.77796745
625 0.76715183
626 0.75335531
627 0.7387852
628 0.72621572
629 0.7080483
630 0.69284653
631 0.67975393
632 0.66447553
633 0.64982128
634 0.63745725
635 0.62291185
636 0.60857603
637 0.59747463
638 0.58506617
639 0.5690701
640 0.55627008
641 0.54513412
642 0.53392095
643 0.52042512
644 0.51079707
645 0.49675207
646 0.48661057
647 0.47653629
648 0.4663344
649 0.45796856
650 0.44301658
651 0.43293965
652 0.42351894
653 0.41130094
654 0.40178887
655 0.38998434
656 0.37965991
657 0.3698702
658 0.36143137
659 0.35186935
660 0.34142796
661 0.33383239
662 0.32563927
663 0.31593072
664 0.30637397
665 0.29922339
666 0.29060863
667 0.28170245
668 0.2726505
669 0.26644851
670 0.25920282
671 0.25201902
672 0.24593689
673 0.23790036
674 0.23042764
675 0.22452209
676 0.21700993
677 0.21091371
678 0.20430627
679 0.19795973
680 0.19175095
681 0.18707211
682 0.18064981
683 0.17573705
684 0.16979129
685 0.16601214
686 0.15990203
687 0.15352548
688 0.14943799
689 0.1438334
690 0.14046909
691 0.13641222
692 0.13335915
693 0.12827021
694 0.12453608
695 0.12053988
696 0.11723891
697 0.11299338
698 0.1083198
699 0.10614979
700 0.10356503
701 0.10121164
702 0.09736873
703 0.09433809
704 0.09195584
705 0.08823796
706 0.08623834
707 0.08133545
708 0.07927286
709 0.0772856
710 0.0751441
711 0.07275173
712 0.06886501
713 0.06820146
714 0.06574388
715 0.06411896
716 0.06217241
717 0.05952781
718 0.058314
719 0.05586379
720 0.05452616
721 0.05361324
722 0.05196939
723 0.04943696
724 0.04803725
725 0.04653936
726 0.04461381
727 0.04321141
728 0.04184571
729 0.04107048
730 0.03950139
731 0.03837903
732 0.03684275
733 0.03589749
734 0.03448024
735 0.03374216
736 0.03269213
737 0.0312499
738 0.029909
739 0.02909315
740 0.02821863
741 0.02818344
742 0.02695122
743 0.02532173
744 0.02416745
745 0.02320319
746 0.02253616
747 0.02219464
748 0.02176955
749 0.01988171
750 0.01987441
751 0.01931284
752 0.0188329
753 0.01828688
754 0.01787029
755 0.01680901
756 0.01613928
757 0.01618887
758 0.01548963
759 0.01378142
760 0.0152869
761 0.01320859
762 0.01295433
763 0.01246562
764 0.01270881
765 0.01231436
766 0.01179545
767 0.01075753
768 0.01098105
769 0.0111085
770 0.00932995
771 0.00851901
772 0.00949422
773 0.00899763
774 0.00919445
775 0.00788148
776 0.00769661
777 0.00808501
778 0.00737289
779 0.00771721
780 0.00669847
781 0.00649964
782 0.00595252
783 0.00660007
784 0.00599047
785 0.00644159
786 0.00504632
787 0.00428952
788 0.00546477
789 0.00480033
790 0.00402268
791 0.00420557
792 0.00317085
793 0.00313908
794 0.00376538
795 0.00346935
796 0.00410297
797 0.00252819
798 0.00402191
799 0.00121735
800 0.00183935
801 0.00175785
802 0.00284703
803 0.00086526
804 0.00238421
805 0.00172932
806 0.00137588
807 0.00119613
808 0.00214763
809 0.00224878
810 0.00110736
811 0.00117378
812 0.00100312
813 0.00202258
814 7.595e-05
815 0.00017804
816 0.00018629
817 7.556e-05
818 0.0
819 0.0
820 0.0
821 0.00015476
822 0.0
823 6.996e-05
824 1.62e-06
825 0.0
826 0.0
827 2.417e-05
828 0.0
829 0.0
830 0.0
831 0.0
832 0.0
833 0.0
834 0.0
835 0.0
836 0.0
837 0.0
838 7.08e-06
839 0.0
840 0.0
841 0.0
842 0.0
843 0.0
844 0.0
845 0.0
846 0.0
847 0.0
848 0.0
849 0.0
850 0.0
851 0.0
852 0.0
853 0.0
854 0.0
855 0.0
856 0.0
857 0.0
858 0.0
859 0.0
860 0.0
861 0.0
862 0.0
863 0.0
864 0.0
865 0.0
866 0.0
867 0.0
868 0.0
869 0.0
870 0.0
871 0.0
872 0.0
873 0.0
874 0.0
875 0.0
876 0.0
877 0.0
878 0.0
879 0.0
880 0.0
881 0.0
882 0.0
883 0.0
884 0.0
885 0.0
886 0.0
887 0.0
888 0.0
889 0.0
890 0.0
891 0.0
892 0.0
893 0.0
894 0.0
895 0.0
896 0.0
897 0.0
898 0.0
899 0.0
900 0.0
901 0.0
902 0.0
903 0.0
904 0.0
905 0.0
906 0.0
907 0.0
908 0.0
909 0.0
910 0.0
911 0.0
912 0.0
913 0.0
914 0.0
915 0.0
916 0.0
917 0.0
918 0.0
919 0.0
920 0.0
921 0.0
922 0.0
923 0.0
924 0.0
925 0.0
926 0.0
927 0.0
928 0.0
929 0.0
930 0.0
931 0.0
932 0.0
933 0.0
934 0.0
935 0.0
936 0.0
937 0.0
938 0.0
939 0.0
940 0.0
941 0.0
942 0.0
943 0.0
944 0.0
945 0.0
946 0.0
947 0.0
948 0.0
949 0.0
950 0.0
951 0.0
952 0.0
953 0.0
954 0.0
955 0.0
956 0.0
957 0.0
958 0.0
959 0.0
960 0.0
961 0.0
962 0.0
963 0.0
964 0.0
965 0.0
966 0.0
967 0.0
968 0.0
969 0.0
970 0.0
971 0.0
972 0.0
973 0.0
974 0.0
975 0.0
976 0.0
977 0.0
978 0.0
979 0.0
980 0.0
981 0.0
982 0.0
983 0.0
984 0.0
985 0.0
986 0.0
987 0.0
988 0.0
989 0.0
990 0.0
991 0.0
992 0.0
993 0.0
994 0.0
995 0.0
996 0.0
997 0.0
998 0.0
999 0.0
1000 0.0
1001 0.0
1002 0.0
1003 0.0
1004 0.0
1005 0.0
1006 0.0
1007 0.0
1008 0.0
1009 0.0
1010 0.0
1011 0.0
1012 0.0
1013 0.0
1014 0.0
1015 0.0
1016 0.0
1017 0.0
1018 0.0
1019 0.0
1020 0.0
1021 0.0
1022 0.0
1023 0.0
1024 0.0
1025 0.0
1026 0.0
1027 0.0
1028 0.0
1029 0.0
1030 0.0
1031 0.0
1032 0.0
1033 0.0
1034 0.0
1035 0.0
1036 0.0
1037 0.0
1038 0.0
1039 0.0
1040 0.0
1041 0.0
1042 0.0
1043 0.0
1044 0.0
1045 0.0
1046 0.0
1047 0.0
1048 0.0
1049 0.0
1050 0.0
1051 0.0
1052 0.0
1053 0.0
1054 0.0
1055 0.0
1056 0.0
1057 0.0
1058 0.0
1059 0.0
1060 0.0
1061 0.0
1062 0.0
1063 0.0
1064 0.0
1065 0.0
1066 0.0
1067 0.0
1068 0.0
1069 0.0
1070 0.0
1071 0.0
1072 0.0
1073 0.0
1074 0.0
1075 0.0
1076 0.0
1077 0.0
1078 0.0
1079 0.0
1080 0.0
1081 0.0
1082 0.0
1083 0.0
1084 0.0
1085 0.0
1086 0.0
1087 0.0
1088 0.0
1089 0.0
1090 0.0
1091 0.0
1092 0.0
1093 0.0
1094 0.0
1095 0.0
1096 0.0
1097 0.0
1098 0.0
1099 0.0
1100 0.0
