LED_2082K_LICA_Electric_Vintage_2200K
380 0.00074366
381 0.0
382 0.00040346
383 0.00089069
384 0.00049919
385 0.00016754
386 0.0001077
387 0.0
388 0.0
389 0.0
390 0.0002684
391 0.00201387
392 0.00044278
393 0.00071289
394 0.0
395 0.0
396 0.0
397 0.00209593
398 0.00110267
399 0.00041201
400 0.00110096
401 0.00042739
402 8.89e-05
403 0.00155571
404 0.00028208
405 0.00074195
406 0.00069751
407 0.00195062
408 0.00208397
409 0.00322083
410 0.00273873
411 0.00258829
412 0.00175402
413 0.00395082
414 0.00258145
415 0.00538686
416 0.00521419
417 0.00715968
418 0.00700924
419 0.00918553
420 0.00926588
421 0.01058566
422 0.01202341
423 0.01209864
424 0.01465786
425 0.01628538
426 0.01874203
427 0.02023448
428 0.02224152
429 0.02253386
430 0.02558373
431 0.02878234
432 0.03082186
433 0.03469575
434 0.03564456
435 0.03812173
436 0.04185543
437 0.04305384
438 0.0490835
439 0.05270437
440 0.05607223
441 0.05857162
442 0.06386274
443 0.07082754
444 0.07158146
445 0.07972927
446 0.0845041
447 0.09023801
448 0.09725238
449 0.10655415
450 0.11299582
451 0.11769714
452 0.12524319
453 0.13221482
454 0.13895053
455 0.13929073
456 0.14307572
457 0.14143112
458 0.14057975
459 0.13353119
460 0.13116514
461 0.11861518
462 0.11050497
463 0.10409237
464 0.09847643
465 0.08894215
466 0.08454855
467 0.07969508
468 0.07666914
469 0.07346882
470 0.07002917
471 0.06796913
472 0.06656386
473 0.06384394
474 0.0608898
475 0.05590469
476 0.05357967
477 0.05186668
478 0.04914675
479 0.04717562
480 0.0442967
481 0.04437363
482 0.04291708
483 0.04189133
484 0.04161609
485 0.04087585
486 0.04220418
487 0.04255123
488 0.04322993
489 0.04316838
490 0.04519251
491 0.04594815
492 0.04734316
493 0.04945106
494 0.05123756
495 0.05479689
496 0.05690308
497 0.05987944
498 0.06450554
499 0.06739643
500 0.07167035
501 0.07785729
502 0.08228679
503 0.0890396
504 0.09374605
505 0.10059972
506 0.10704651
507 0.11577387
508 0.12046664
509 0.12957524
510 0.13818806
511 0.1453221
512 0.1552171
513 0.16217847
514 0.17171446
515 0.17825015
516 0.18734507
517 0.19440902
518 0.19986939
519 0.20887883
520 0.21626589
521 0.22527362
522 0.2314691
523 0.24128204
524 0.25102489
525 0.25693317
526 0.26546393
527 0.27370406
528 0.2812313
529 0.28947485
530 0.29849626
531 0.30246589
532 0.31007519
533 0.31398156
534 0.31957698
535 0.32703413
536 0.33606409
537 0.33962
538 0.34786184
539 0.35403339
540 0.36181707
541 0.37007772
542 0.37483716
543 0.38288924
544 0.38643318
545 0.39423225
546 0.40055424
547 0.40407596
548 0.4118887
549 0.41680201
550 0.42522677
551 0.4310906
552 0.43945383
553 0.44545613
554 0.45253547
555 0.46065593
556 0.47035604
557 0.47873293
558 0.48146996
559 0.49230864
560 0.50056929
561 0.50663485
562 0.51472625
563 0.51931132
564 0.52519224
565 0.5333298
566 0.54057325
567 0.55184446
568 0.55799891
569 0.56609886
570 0.56999326
571 0.57606053
572 0.58801044
573 0.59339387
574 0.60494032
575 0.60965532
576 0.6189229
577 0.62735964
578 0.63988566
579 0.64482974
580 0.65703779
581 0.66864578
582 0.67431301
583 0.68851271
584 0.70110541
585 0.71191503
586 0.71852423
587 0.72537277
588 0.73639951
589 0.74424131
590 0.75631601
591 0.76630845
592 0.77304587
593 0.78500774
594 0.79517969
595 0.80242998
596 0.81564155
597 0.82153273
598 0.83241073
599 0.8457471
600 0.85723371
601 0.85576006
602 0.87233606
603 0.88523478
604 0.88894796
605 0.89183885
606 0.9036007
607 0.89915581
608 0.90655826
609 0.91459495
610 0.91702767
611 0.92976569
612 0.92746289
613 0.93372505
614 0.93888796
615 0.95387748
616 0.9590609
617 0.97200406
618 0.97970739
619 0.9870688
620 0.98597981
621 0.98516776
622 0.99020929
623 0.98998362
624 0.98879547
625 0.99733478
626 0.99581497
627 1.0
628 0.9950696
629 0.99273432
630 0.98872025
631 0.99309504
632 0.99156839
633 0.98750474
634 0.98971351
635 0.98358299
636 0.98177939
637 0.97793798
638 0.97307596
639 0.96718649
640 0.96471445
641 0.95912415
642 0.96087475
643 0.94576898
644 0.94560828
645 0.93293694
646 0.92740648
647 0.9189082
648 0.9182825
649 0.91727385
650 0.90156973
651 0.89247652
652 0.88045652
653 0.87324042
654 0.85883387
655 0.85147758
656 0.84129538
657 0.8282428
658 0.81693228
659 0.81269596
660 0.7947164
661 0.79281707
662 0.7813732
663 0.76927798
664 0.75478253
665 0.74719374
666 0.73208797
667 0.72353498
668 0.70620164
669 0.70219612
670 0.68923586
671 0.68675356
672 0.67732356
673 0.66366751
674 0.64349115
675 0.63625283
676 0.62730493
677 0.61401814
678 0.60195883
679 0.59665061
680 0.58363222
681 0.57217468
682 0.55867761
683 0.5511743
684 0.53600699
685 0.53536077
686 0.52102089
687 0.5088949
688 0.49845797
689 0.48631146
690 0.48194351
691 0.47118347
692 0.46515723
693 0.45271326
694 0.448665
695 0.43653901
696 0.42340095
697 0.41558137
698 0.40318185
699 0.39510242
700 0.39101142
701 0.38235244
702 0.37283355
703 0.37058033
704 0.35634302
705 0.34959193
706 0.33837201
707 0.32623747
708 0.32215673
709 0.31533725
710 0.31036923
711 0.30118713
712 0.29820563
713 0.28877906
714 0.28276479
715 0.27258429
716 0.26823856
717 0.26442793
718 0.25740501
719 0.25056843
720 0.25079922
721 0.24781773
722 0.23947161
723 0.23177512
724 0.22795593
725 0.22009362
726 0.21302796
727 0.20992851
728 0.20167812
729 0.19766746
730 0.19054368
731 0.19023254
732 0.18196163
733 0.17396597
734 0.17185294
735 0.16676354
736 0.16039539
737 0.15551627
738 0.15109532
739 0.14783517
740 0.1431424
741 0.13935057
742 0.13428853
743 0.13109163
744 0.12402768
745 0.12439866
746 0.11968537
747 0.11452588
748 0.11121103
749 0.1111888
750 0.10538994
751 0.10038602
752 0.10192293
753 0.09459912
754 0.09368279
755 0.09337849
756 0.09157831
757 0.08803779
758 0.08728216
759 0.0816628
760 0.0785377
761 0.07462791
762 0.07748802
763 0.07342779
764 0.07459201
765 0.07081386
766 0.06804435
767 0.06532443
768 0.06542358
769 0.06330029
770 0.05666716
771 0.05963155
772 0.05697146
773 0.05568244
774 0.05734928
775 0.05513538
776 0.05019814
777 0.0526736
778 0.0495656
779 0.04723545
780 0.04690551
781 0.04357868
782 0.0422435
783 0.04154429
784 0.04047581
785 0.04047581
786 0.04074079
787 0.03766014
788 0.03376916
789 0.03658482
790 0.03325629
791 0.03375206
792 0.03233996
793 0.03566336
794 0.03148859
795 0.03021838
796 0.02896014
797 0.02983373
798 0.03098598
799 0.02251505
800 0.02638381
801 0.02639065
802 0.02870199
803 0.0210585
804 0.02067384
805 0.02219365
806 0.01801717
807 0.01799666
808 0.01998489
809 0.02044989
810 0.01788553
811 0.01360306
812 0.02069949
813 0.01481172
814 0.01651275
815 0.02068581
816 0.01809068
817 0.01698459
818 0.01978145
819 0.01310557
820 0.01744959
821 0.02024132
822 0.0118593
823 0.01226788
824 0.01156183
825 0.01187468
826 0.01207299
827 0.01141823
828 0.0087872
829 0.0114849
830 0.00931374
831 0.00942658
832 0.01481685
833 0.01014631
834 0.00777342
835 0.00480902
836 0.0118063
837 0.01149858
838 0.0
839 0.00918553
840 0.01432621
841 0.00900089
842 0.0
843 0.00437992
844 0.00492186
845 0.01132591
846 0.00674597
847 0.00810508
848 0.00795463
849 0.01294316
850 0.00479706
851 0.00699215
852 0.00373712
853 0.01154644
854 0.0053219
855 0.00439189
856 0.00956334
857 0.00234211
858 0.0
859 0.00766059
860 0.0
861 0.01335346
862 0.0065904
863 0.0
864 0.00513213
865 0.01232259
866 0.00267035
867 0.00403801
868 0.00401407
869 0.0
870 0.00852392
871 0.00052313
872 0.0077512
873 0.0051612
874 0.0
875 0.00112832
876 0.00190104
877 0.0
878 0.00409955
879 0.00064622
880 0.0
881 0.0071272
882 0.0
883 0.00640918
884 0.0
885 0.00508597
886 0.00145826
887 0.00149587
888 0.0
889 0.0
890 0.0
891 0.00788454
892 0.0
893 0.00175573
894 0.00575442
895 0.00355078
896 0.00499879
897 0.00597153
898 0.0101993
899 0.00011454
900 0.0
901 0.0
902 0.0
903 0.0
904 0.0
905 0.0
906 0.0
907 0.0
908 0.0
909 0.0
910 0.0
911 0.0
912 0.0
913 0.0
914 0.0
915 0.0
916 0.0
917 0.0
918 0.0
919 0.0
920 0.0
921 0.0
922 0.0
923 0.0
924 0.0
925 0.0
926 0.0
927 0.0
928 0.0
929 0.0
930 0.0
931 0.0
932 0.0
933 0.0
934 0.0
935 0.0
936 0.0
937 0.0
938 0.0
939 0.0
940 0.0
941 0.0
942 0.0
943 0.0
944 0.0
945 0.0
946 0.0
947 0.0
948 0.0
949 0.0
950 0.0
951 0.0
952 0.0
953 0.0
954 0.0
955 0.0
956 0.0
957 0.0
958 0.0
959 0.0
960 0.0
961 0.0
962 0.0
963 0.0
964 0.0
965 0.0
966 0.0
967 0.0
968 0.0
969 0.0
970 0.0
971 0.0
972 0.0
973 0.0
974 0.0
975 0.0
976 0.0
977 0.0
978 0.0
979 0.0
980 0.0
981 0.0
982 0.0
983 0.0
984 0.0
985 0.0
986 0.0
987 0.0
988 0.0
989 0.0
990 0.0
991 0.0
992 0.0
993 0.0
994 0.0
995 0.0
996 0.0
997 0.0
998 0.0
999 0.0
1000 0.0
1001 0.0
1002 0.0
1003 0.0
1004 0.0
1005 0.0
1006 0.0
1007 0.0
1008 0.0
1009 0.0
1010 0.0
1011 0.0
1012 0.0
1013 0.0
1014 0.0
1015 0.0
1016 0.0
1017 0.0
1018 0.0
1019 0.0
1020 0.0
1021 0.0
1022 0.0
1023 0.0
1024 0.0
1025 0.0
1026 0.0
1027 0.0
1028 0.0
1029 0.0
1030 0.0
1031 0.0
1032 0.0
1033 0.0
1034 0.0
1035 0.0
1036 0.0
1037 0.0
1038 0.0
1039 0.0
1040 0.0
1041 0.0
1042 0.0
1043 0.0
1044 0.0
1045 0.0
1046 0.0
1047 0.0
1048 0.0
1049 0.0
1050 0.0
1051 0.0
1052 0.0
1053 0.0
1054 0.0
1055 0.0
1056 0.0
1057 0.0
1058 0.0
1059 0.0
1060 0.0
1061 0.0
1062 0.0
1063 0.0
1064 0.0
1065 0.0
1066 0.0
1067 0.0
1068 0.0
1069 0.0
1070 0.0
1071 0.0
1072 0.0
1073 0.0
1074 0.0
1075 0.0
1076 0.0
1077 0.0
1078 0.0
1079 0.0
1080 0.0
1081 0.0
1082 0.0
1083 0.0
1084 0.0
1085 0.0
1086 0.0
1087 0.0
1088 0.0
1089 0.0
1090 0.0
1091 0.0
1092 0.0
1093 0.0
1094 0.0
1095 0.0
1096 0.0
1097 0.0
1098 0.0
1099 0.0
1100 0.0
