LED_2140K_LICA_IKEA_2200K
380 0.00047673
381 2.584e-05
382 0.0
383 0.0
384 0.00041052
385 0.0
386 0.0
387 0.0
388 0.0
389 0.0
390 0.00018107
391 0.0003381
392 0.00019329
393 0.0
394 0.00054752
395 0.0
396 0.0
397 0.00113056
398 5.539e-05
399 0.0
400 8.11e-06
401 0.0
402 0.00011061
403 6.986e-05
404 1.545e-05
405 1.824e-05
406 0.00016624
407 7.468e-05
408 0.0006602
409 9.765e-05
410 5.945e-05
411 0.00071614
412 0.0013524
413 0.00142704
414 0.00161129
415 0.00134495
416 0.00251686
417 0.00399915
418 0.00296821
419 0.00371404
420 0.00381266
421 0.00462738
422 0.00519486
423 0.00533323
424 0.00673583
425 0.00709639
426 0.0086742
427 0.00852596
428 0.01050399
429 0.01138248
430 0.0128072
431 0.01472474
432 0.01657426
433 0.01778764
434 0.01919834
435 0.02160197
436 0.02434356
437 0.02645731
438 0.02853093
439 0.03291515
440 0.03409837
441 0.03851434
442 0.04289295
443 0.04712493
444 0.05201497
445 0.05863471
446 0.06570048
447 0.07523704
448 0.08605456
449 0.10020867
450 0.10985106
451 0.1239239
452 0.13978867
453 0.15080932
454 0.16097319
455 0.16826493
456 0.17193454
457 0.16989423
458 0.16819597
459 0.16305935
460 0.15332104
461 0.14458652
462 0.13695355
463 0.12897969
464 0.12609411
465 0.12031235
466 0.11952307
467 0.11979913
468 0.12267698
469 0.12052376
470 0.1210413
471 0.12251075
472 0.12079633
473 0.11885895
474 0.11676981
475 0.11421398
476 0.11022385
477 0.10809045
478 0.10402303
479 0.10318594
480 0.10324118
481 0.10442458
482 0.10442711
483 0.10615918
484 0.10901726
485 0.11146635
486 0.11604876
487 0.11755775
488 0.12105839
489 0.12443
490 0.1261215
491 0.12720616
492 0.13139031
493 0.1342906
494 0.13743095
495 0.14076023
496 0.14314686
497 0.1496126
498 0.1532588
499 0.1558364
500 0.16025891
501 0.1646236
502 0.16970042
503 0.17476595
504 0.17833907
505 0.18273572
506 0.18615257
507 0.19072379
508 0.19533012
509 0.19854545
510 0.20371818
511 0.20851136
512 0.21198096
513 0.21580449
514 0.2195705
515 0.22395471
516 0.22782857
517 0.23005718
518 0.2338354
519 0.23613855
520 0.23965107
521 0.24296923
522 0.24790945
523 0.25209621
524 0.25800112
525 0.25871047
526 0.26486208
527 0.27001707
528 0.27330729
529 0.27867774
530 0.28257542
531 0.28509173
532 0.29054228
533 0.29301278
534 0.29654196
535 0.30257222
536 0.30780416
537 0.31161092
538 0.31731298
539 0.32183222
540 0.32777404
541 0.33500227
542 0.33879015
543 0.34464831
544 0.34858714
545 0.35647007
546 0.36094314
547 0.36648977
548 0.37376615
549 0.37672686
550 0.38547153
551 0.3936511
552 0.39966358
553 0.40817799
554 0.41434257
555 0.42091712
556 0.431054
557 0.44131099
558 0.45160506
559 0.45911981
560 0.46798371
561 0.47817947
562 0.48493966
563 0.49235907
564 0.50063658
565 0.50967329
566 0.51999787
567 0.52918721
568 0.53683494
569 0.54829231
570 0.55658481
571 0.56430564
572 0.57755861
573 0.58624362
574 0.59439562
575 0.60518753
576 0.61280386
577 0.6280893
578 0.63937646
579 0.64923445
580 0.65883606
581 0.67016834
582 0.68236775
583 0.6965543
584 0.7134114
585 0.72730722
586 0.7407555
587 0.75191747
588 0.7608606
589 0.77202524
590 0.78372321
591 0.7954713
592 0.80437583
593 0.81827686
594 0.82712395
595 0.83905846
596 0.84762765
597 0.85425876
598 0.86722982
599 0.88122938
600 0.89123606
601 0.89845065
602 0.91188686
603 0.92214534
604 0.92714397
605 0.93112527
606 0.93518387
607 0.93931249
608 0.94231641
609 0.94653223
610 0.95124951
611 0.96007935
612 0.95871479
613 0.96553017
614 0.9708408
615 0.97757297
616 0.98151566
617 0.98691497
618 0.99713914
619 0.99749501
620 1.0
621 0.98752743
622 0.98807997
623 0.98916381
624 0.98368061
625 0.98113099
626 0.98085638
627 0.97571458
628 0.97442338
629 0.96896209
630 0.95873725
631 0.9602034
632 0.94752464
633 0.9402053
634 0.93622157
635 0.93015109
636 0.92048838
637 0.91129594
638 0.90423836
639 0.89104652
640 0.88689662
641 0.87763251
642 0.87039634
643 0.85434659
644 0.85008086
645 0.8337244
646 0.82665531
647 0.81849514
648 0.80835546
649 0.79984822
650 0.78464411
651 0.77055835
652 0.7595411
653 0.74383731
654 0.73737516
655 0.72250539
656 0.71025317
657 0.69641969
658 0.6849721
659 0.67261994
660 0.6621766
661 0.65145192
662 0.63834589
663 0.62771519
664 0.61128459
665 0.60417864
666 0.58925649
667 0.57954015
668 0.56606938
669 0.55777078
670 0.54746053
671 0.53868863
672 0.52511557
673 0.51415865
674 0.50147109
675 0.49207081
676 0.48363671
677 0.46881036
678 0.45984343
679 0.4513924
680 0.44175114
681 0.43020052
682 0.42035445
683 0.40954273
684 0.40140855
685 0.39253874
686 0.38043038
687 0.37151639
688 0.36320982
689 0.35194702
690 0.3441598
691 0.33674177
692 0.33140088
693 0.32128553
694 0.31229407
695 0.30603354
696 0.29803598
697 0.28715348
698 0.28015117
699 0.27596077
700 0.26916697
701 0.26424732
702 0.25678268
703 0.25259574
704 0.24361608
705 0.23609342
706 0.22716837
707 0.22060037
708 0.21759065
709 0.21010955
710 0.20623222
711 0.20034536
712 0.19336759
713 0.18762003
714 0.18361404
715 0.17701914
716 0.17482831
717 0.1690856
718 0.16300676
719 0.16038359
720 0.155966
721 0.15114594
722 0.14642862
723 0.13967359
724 0.13939072
725 0.13536542
726 0.13136242
727 0.12682206
728 0.12197363
729 0.12000364
730 0.11507927
731 0.11255707
732 0.10876622
733 0.10508795
734 0.10344847
735 0.09917287
736 0.09456179
737 0.09314801
738 0.09175097
739 0.08833637
740 0.08650367
741 0.08348784
742 0.08086409
743 0.07763273
744 0.07428684
745 0.07181451
746 0.06792481
747 0.06684299
748 0.06466856
749 0.06370907
750 0.06115906
751 0.0581734
752 0.0569127
753 0.0550436
754 0.05409399
755 0.05264659
756 0.05018967
757 0.0482212
758 0.04853968
759 0.04742501
760 0.0448607
761 0.04475259
762 0.04373166
763 0.03998654
764 0.04004718
765 0.03891311
766 0.03742188
767 0.03708718
768 0.03403684
769 0.03301296
770 0.03332864
771 0.03175291
772 0.02931538
773 0.03048218
774 0.02888558
775 0.0279661
776 0.02699068
777 0.02897371
778 0.02630196
779 0.02521383
780 0.02463723
781 0.02250861
782 0.02243397
783 0.02169724
784 0.02217827
785 0.01946955
786 0.01951455
787 0.01985661
788 0.01706025
789 0.01787978
790 0.01669299
791 0.01749029
792 0.01419587
793 0.01413991
794 0.01608473
795 0.01326514
796 0.01448441
797 0.01426611
798 0.01297693
799 0.01132627
800 0.01007737
801 0.00971775
802 0.01052531
803 0.010313
804 0.00978179
805 0.00994067
806 0.00977798
807 0.00645253
808 0.00947863
809 0.00897227
810 0.00623295
811 0.00843677
812 0.00726352
813 0.00758678
814 0.00906168
815 0.00633626
816 0.00743929
817 0.0060183
818 0.00440405
819 0.00338153
820 0.00555035
821 0.00500555
822 0.00201441
823 0.00484519
824 0.00249798
825 0.00217381
826 0.00145334
827 0.00187737
828 0.00046693
829 0.00140417
830 0.00422264
831 0.0058117
832 0.00425949
833 0.00297782
834 0.00260559
835 0.00537504
836 0.0018894
837 0.00238492
838 0.00188356
839 0.0001038
840 0.00057306
841 0.00067929
842 0.00384227
843 0.00087895
844 0.0
845 0.0
846 0.00071626
847 0.0
848 0.00161578
849 0.00286111
850 0.00138451
851 0.00232165
852 0.00080154
853 0.0
854 0.00071508
855 0.0
856 0.0
857 0.00092801
858 0.0
859 0.00012628
860 0.0
861 0.0
862 6.721e-05
863 0.0003823
864 0.0
865 0.0
866 0.0
867 2.51e-06
868 2.307e-05
869 0.00019436
870 0.00419387
871 0.00016772
872 3.036e-05
873 7.181e-05
874 0.0
875 0.0
876 0.0
877 0.0
878 0.0
879 0.0
880 0.0
881 0.0
882 0.0
883 0.0
884 0.0
885 0.0
886 0.00062467
887 0.0
888 0.0
889 0.0
890 0.0
891 0.0
892 0.0
893 0.0
894 0.0
895 0.0
896 0.0
897 0.0
898 0.0
899 0.0
900 0.0
901 0.0
902 0.0
903 0.0
904 0.0
905 0.0
906 0.0
907 0.0
908 0.0
909 0.0
910 0.0
911 0.0
912 0.0
913 0.0
914 0.0
915 0.0
916 0.0
917 0.0
918 0.0
919 0.0
920 0.0
921 0.0
922 0.0
923 0.0
924 0.0
925 0.0
926 0.0
927 0.0
928 0.0
929 0.0
930 0.0
931 0.0
932 0.0
933 0.0
934 0.0
935 0.0
936 0.0
937 0.0
938 0.0
939 0.0
940 0.0
941 0.0
942 0.0
943 0.0
944 0.0
945 0.0
946 0.0
947 0.0
948 0.0
949 0.0
950 0.0
951 0.0
952 0.0
953 0.0
954 0.0
955 0.0
956 0.0
957 0.0
958 0.0
959 0.0
960 0.0
961 0.0
962 0.0
963 0.0
964 0.0
965 0.0
966 0.0
967 0.0
968 0.0
969 0.0
970 0.0
971 0.0
972 0.0
973 0.0
974 0.0
975 0.0
976 0.0
977 0.0
978 0.0
979 0.0
980 0.0
981 0.0
982 0.0
983 0.0
984 0.0
985 0.0
986 0.0
987 0.0
988 0.0
989 0.0
990 0.0
991 0.0
992 0.0
993 0.0
994 0.0
995 0.0
996 0.0
997 0.0
998 0.0
999 0.0
1000 0.0
1001 0.0
1002 0.0
1003 0.0
1004 0.0
1005 0.0
1006 0.0
1007 0.0
1008 0.0
1009 0.0
1010 0.0
1011 0.0
1012 0.0
1013 0.0
1014 0.0
1015 0.0
1016 0.0
1017 0.0
1018 0.0
1019 0.0
1020 0.0
1021 0.0
1022 0.0
1023 0.0
1024 0.0
1025 0.0
1026 0.0
1027 0.0
1028 0.0
1029 0.0
1030 0.0
1031 0.0
1032 0.0
1033 0.0
1034 0.0
1035 0.0
1036 0.0
1037 0.0
1038 0.0
1039 0.0
1040 0.0
1041 0.0
1042 0.0
1043 0.0
1044 0.0
1045 0.0
1046 0.0
1047 0.0
1048 0.0
1049 0.0
1050 0.0
1051 0.0
1052 0.0
1053 0.0
1054 0.0
1055 0.0
1056 0.0
1057 0.0
1058 0.0
1059 0.0
1060 0.0
1061 0.0
1062 0.0
1063 0.0
1064 0.0
1065 0.0
1066 0.0
1067 0.0
1068 0.0
1069 0.0
1070 0.0
1071 0.0
1072 0.0
1073 0.0
1074 0.0
1075 0.0
1076 0.0
1077 0.0
1078 0.0
1079 0.0
1080 0.0
1081 0.0
1082 0.0
1083 0.0
1084 0.0
1085 0.0
1086 0.0
1087 0.0
1088 0.0
1089 0.0
1090 0.0
1091 0.0
1092 0.0
1093 0.0
1094 0.0
1095 0.0
1096 0.0
1097 0.0
1098 0.0
1099 0.0
1100 0.0
