LED_2248K_LICA_MM_Electric_2200K
380 0.0
381 0.0
382 0.00023634
383 0.00011731
384 0.0
385 1.805e-05
386 0.0
387 0.0
388 1.94e-05
389 0.0
390 0.0
391 0.00028321
392 0.0005171
393 0.00074974
394 0.0
395 0.0
396 0.0
397 0.0
398 0.00021868
399 0.00021496
400 0.0
401 3.644e-05
402 0.00032516
403 0.00056109
404 0.00052502
405 0.00070479
406 0.00029316
407 0.00021519
408 0.00104173
409 0.00098044
410 0.00140258
411 0.00127354
412 0.00198135
413 0.00175366
414 0.00168143
415 0.00296269
416 0.00244451
417 0.00335036
418 0.00326283
419 0.00454785
420 0.00429624
421 0.00470982
422 0.0064361
423 0.00562313
424 0.00685346
425 0.00781131
426 0.0093299
427 0.00948983
428 0.00972259
429 0.0125254
430 0.0143713
431 0.01576404
432 0.01672007
433 0.01844463
434 0.02215063
435 0.02357487
436 0.02702
437 0.03000447
438 0.03428953
439 0.0382584
440 0.04220317
441 0.04869065
442 0.05273856
443 0.06054682
444 0.0676809
445 0.07584946
446 0.08427858
447 0.09627026
448 0.11075752
449 0.12494054
450 0.13865816
451 0.1561712
452 0.17559915
453 0.19405026
454 0.21788948
455 0.23876004
456 0.26069021
457 0.27195794
458 0.28909798
459 0.29328999
460 0.29622572
461 0.29426299
462 0.28789814
463 0.26948243
464 0.26249488
465 0.24942748
466 0.23438429
467 0.22696
468 0.22170401
469 0.21581287
470 0.21070194
471 0.21372886
472 0.2091698
473 0.20839425
474 0.20346397
475 0.20266811
476 0.1981697
477 0.19365506
478 0.18331918
479 0.17932974
480 0.17214247
481 0.16866949
482 0.16343167
483 0.15906991
484 0.15610784
485 0.15467187
486 0.15546245
487 0.15483992
488 0.15535858
489 0.15783346
490 0.159937
491 0.16216214
492 0.1629051
493 0.16604788
494 0.16868108
495 0.17009276
496 0.17514108
497 0.17634204
498 0.18054945
499 0.18327948
500 0.1860946
501 0.19216309
502 0.19555397
503 0.20110105
504 0.20535515
505 0.20934141
506 0.21334165
507 0.2192966
508 0.22470335
509 0.22777397
510 0.23346221
511 0.24072719
512 0.24443472
513 0.2438978
514 0.25249733
515 0.25977924
516 0.26307294
517 0.26662819
518 0.26852555
519 0.27317443
520 0.27670085
521 0.27920767
522 0.28334905
523 0.28840624
524 0.29336994
525 0.29754149
526 0.30214637
527 0.30443462
528 0.30960459
529 0.31461635
530 0.31836696
531 0.32219167
532 0.32461111
533 0.32649317
534 0.33087432
535 0.333563
536 0.33755028
537 0.34141547
538 0.3443726
539 0.3523328
540 0.35402832
541 0.36173947
542 0.36375309
543 0.37018356
544 0.3737642
545 0.37646194
546 0.37987463
547 0.38602669
548 0.39098578
549 0.39483971
550 0.4011956
551 0.40961649
552 0.41153983
553 0.41953648
554 0.42659689
555 0.43265105
556 0.44309341
557 0.4477889
558 0.45625697
559 0.46141311
560 0.46647567
561 0.47202598
562 0.47640949
563 0.48034481
564 0.48876742
565 0.49265599
566 0.49957077
567 0.50884699
568 0.51125591
569 0.51804587
570 0.52357959
571 0.53106057
572 0.53806072
573 0.54550482
574 0.55341307
575 0.56146927
576 0.56983945
577 0.57670356
578 0.58603148
579 0.58938454
580 0.59899627
581 0.60730303
582 0.61494965
583 0.62914505
584 0.64465339
585 0.65596156
586 0.66226051
587 0.67418679
588 0.67920221
589 0.68768323
590 0.69868401
591 0.70819739
592 0.71475292
593 0.72918701
594 0.73924719
595 0.74696888
596 0.75772025
597 0.76606059
598 0.7781752
599 0.78540661
600 0.8026943
601 0.80721908
602 0.82083992
603 0.82949506
604 0.83695698
605 0.84327543
606 0.84777915
607 0.84845331
608 0.85852138
609 0.85945347
610 0.8756503
611 0.88150509
612 0.88303378
613 0.89703811
614 0.90952848
615 0.92177471
616 0.93447278
617 0.94549154
618 0.96139384
619 0.96752427
620 0.97284435
621 0.97321987
622 0.97604646
623 0.98160918
624 0.98116499
625 0.98623592
626 0.98678447
627 0.98547025
628 0.99721207
629 0.99490358
630 0.99427254
631 1.0
632 0.99370896
633 0.99861674
634 0.99663548
635 0.99912511
636 0.99610658
637 0.99503077
638 0.98996868
639 0.99148645
640 0.98477837
641 0.98377259
642 0.98430922
643 0.9793764
644 0.9745199
645 0.97702313
646 0.96943728
647 0.96456907
648 0.95833196
649 0.959583
650 0.947389
651 0.93993239
652 0.935355
653 0.92332791
654 0.91573679
655 0.8996147
656 0.89798433
657 0.89095181
658 0.87963876
659 0.87210481
660 0.8618754
661 0.85656719
662 0.84367503
663 0.83779532
664 0.82075595
665 0.81342065
666 0.79489751
667 0.79156226
668 0.77551136
669 0.77216576
670 0.75967634
671 0.74763117
672 0.73490152
673 0.73011759
674 0.71574239
675 0.70368089
676 0.69337597
677 0.68225805
678 0.66810203
679 0.65507901
680 0.64870201
681 0.63514174
682 0.62692297
683 0.6158974
684 0.60068392
685 0.59346617
686 0.57959502
687 0.565458
688 0.55570767
689 0.54553084
690 0.53231904
691 0.5255947
692 0.51642394
693 0.50455965
694 0.49332268
695 0.48565929
696 0.47282613
697 0.46187132
698 0.44981061
699 0.44306656
700 0.43722579
701 0.42778509
702 0.41824484
703 0.41041903
704 0.40067376
705 0.38868372
706 0.37851764
707 0.3697477
708 0.36350129
709 0.35184731
710 0.34721523
711 0.34153628
712 0.32969963
713 0.32097433
714 0.31272887
715 0.30608678
716 0.2973099
717 0.29152544
718 0.28263794
719 0.27815004
720 0.2681966
721 0.26136867
722 0.25682992
723 0.25070843
724 0.24407296
725 0.23950086
726 0.23039523
727 0.22482397
728 0.21985428
729 0.2149744
730 0.2072042
731 0.20213749
732 0.19915986
733 0.19090102
734 0.18479467
735 0.18209674
736 0.18100194
737 0.17504957
738 0.17073147
739 0.16489609
740 0.15931086
741 0.15601481
742 0.14927891
743 0.14459986
744 0.13847415
745 0.13412214
746 0.12746514
747 0.12535356
748 0.11863821
749 0.1183242
750 0.11407479
751 0.11008046
752 0.10862393
753 0.10631463
754 0.10319374
755 0.09970966
756 0.09599569
757 0.09320285
758 0.09169305
759 0.08887772
760 0.08876811
761 0.08280081
762 0.08098891
763 0.07874396
764 0.0800394
765 0.07702961
766 0.07246801
767 0.06942472
768 0.06716886
769 0.06489902
770 0.06463001
771 0.06003832
772 0.0594655
773 0.05961841
774 0.05764017
775 0.05587771
776 0.05194894
777 0.05067005
778 0.04982556
779 0.04684955
780 0.0492584
781 0.04859735
782 0.04653639
783 0.04342343
784 0.04284206
785 0.04109041
786 0.03683799
787 0.03612346
788 0.03807692
789 0.03430724
790 0.03297583
791 0.03456561
792 0.03490506
793 0.03033093
794 0.02987587
795 0.02778459
796 0.02723039
797 0.02696905
798 0.0297074
799 0.02589104
800 0.0259809
801 0.02393484
802 0.01931683
803 0.02296135
804 0.02331365
805 0.01859234
806 0.01983552
807 0.01961804
808 0.02071888
809 0.01637087
810 0.01902452
811 0.01242887
812 0.02023413
813 0.01360674
814 0.01311822
815 0.01299775
816 0.01407463
817 0.01240245
818 0.0117808
819 0.01087782
820 0.01590204
821 0.01581471
822 0.01135134
823 0.01211367
824 0.01264395
825 0.01235041
826 0.01347806
827 0.00984045
828 0.01251361
829 0.00873734
830 0.00469634
831 0.00778887
832 0.00472743
833 0.00491453
834 0.00807165
835 0.00563519
836 0.0094968
837 0.00755719
838 0.00582999
839 0.00693385
840 0.00948092
841 0.0023458
842 0.0074398
843 0.00414243
844 0.00613862
845 0.00273176
846 2.076e-05
847 0.00354407
848 0.00242373
849 0.00425267
850 0.00086357
851 0.00547298
852 0.00511913
853 0.00283111
854 0.00361956
855 0.00276778
856 0.00204235
857 0.00236455
858 0.00017565
859 0.00177333
860 1.9e-07
861 0.0
862 1.834e-05
863 0.0010432
864 0.00317067
865 0.00373601
866 0.00262569
867 0.0
868 0.00082279
869 0.00094352
870 0.0
871 0.00287311
872 1.102e-05
873 0.0018053
874 0.00241523
875 0.00017577
876 0.00306448
877 0.0
878 0.0
879 7.061e-05
880 0.0022837
881 0.00012771
882 0.0
883 0.0015315
884 8.77e-06
885 0.0
886 0.0
887 0.00174483
888 0.0
889 0.0
890 0.0
891 0.0
892 0.0
893 0.0
894 0.00058221
895 0.0
896 0.0
897 0.0
898 0.00109618
899 0.0
900 0.0
901 0.0
902 0.0
903 0.0
904 0.0
905 0.0
906 0.0
907 0.0
908 0.0
909 0.0
910 0.0
911 0.0
912 0.0
913 0.0
914 0.0
915 0.0
916 0.0
917 0.0
918 0.0
919 0.0
920 0.0
921 0.0
922 0.0
923 0.0
924 0.0
925 0.0
926 0.0
927 0.0
928 0.0
929 0.0
930 0.0
931 0.0
932 0.0
933 0.0
934 0.0
935 0.0
936 0.0
937 0.0
938 0.0
939 0.0
940 0.0
941 0.0
942 0.0
943 0.0
944 0.0
945 0.0
946 0.0
947 0.0
948 0.0
949 0.0
950 0.0
951 0.0
952 0.0
953 0.0
954 0.0
955 0.0
956 0.0
957 0.0
958 0.0
959 0.0
960 0.0
961 0.0
962 0.0
963 0.0
964 0.0
965 0.0
966 0.0
967 0.0
968 0.0
969 0.0
970 0.0
971 0.0
972 0.0
973 0.0
974 0.0
975 0.0
976 0.0
977 0.0
978 0.0
979 0.0
980 0.0
981 0.0
982 0.0
983 0.0
984 0.0
985 0.0
986 0.0
987 0.0
988 0.0
989 0.0
990 0.0
991 0.0
992 0.0
993 0.0
994 0.0
995 0.0
996 0.0
997 0.0
998 0.0
999 0.0
1000 0.0
1001 0.0
1002 0.0
1003 0.0
1004 0.0
1005 0.0
1006 0.0
1007 0.0
1008 0.0
1009 0.0
1010 0.0
1011 0.0
1012 0.0
1013 0.0
1014 0.0
1015 0.0
1016 0.0
1017 0.0
1018 0.0
1019 0.0
1020 0.0
1021 0.0
1022 0.0
1023 0.0
1024 0.0
1025 0.0
1026 0.0
1027 0.0
1028 0.0
1029 0.0
1030 0.0
1031 0.0
1032 0.0
1033 0.0
1034 0.0
1035 0.0
1036 0.0
1037 0.0
1038 0.0
1039 0.0
1040 0.0
1041 0.0
1042 0.0
1043 0.0
1044 0.0
1045 0.0
1046 0.0
1047 0.0
1048 0.0
1049 0.0
1050 0.0
1051 0.0
1052 0.0
1053 0.0
1054 0.0
1055 0.0
1056 0.0
1057 0.0
1058 0.0
1059 0.0
1060 0.0
1061 0.0
1062 0.0
1063 0.0
1064 0.0
1065 0.0
1066 0.0
1067 0.0
1068 0.0
1069 0.0
1070 0.0
1071 0.0
1072 0.0
1073 0.0
1074 0.0
1075 0.0
1076 0.0
1077 0.0
1078 0.0
1079 0.0
1080 0.0
1081 0.0
1082 0.0
1083 0.0
1084 0.0
1085 0.0
1086 0.0
1087 0.0
1088 0.0
1089 0.0
1090 0.0
1091 0.0
1092 0.0
1093 0.0
1094 0.0
1095 0.0
1096 0.0
1097 0.0
1098 0.0
1099 0.0
1100 0.0
