LED_23223K_LICA
380 0.00123445
381 0.0
382 0.00034464
383 0.0
384 0.00358734
385 0.00023858
386 0.00171433
387 0.00169488
388 0.00120882
389 0.00086156
390 0.00149343
391 0.00236932
392 0.00285182
393 0.00325284
394 0.00204653
395 0.00436407
396 0.00324207
397 0.00665567
398 0.00460966
399 0.00565144
400 0.01130958
401 0.00975507
402 0.01106525
403 0.0148577
404 0.01705464
405 0.02135983
406 0.02308378
407 0.02558008
408 0.03061315
409 0.03895481
410 0.04452195
411 0.05037955
412 0.05677667
413 0.06621962
414 0.07738183
415 0.08531703
416 0.0953816
417 0.11085422
418 0.12860851
419 0.14404306
420 0.16548562
421 0.17821719
422 0.20380229
423 0.22808997
424 0.24544627
425 0.27101714
426 0.3043589
427 0.32953962
428 0.35742291
429 0.39230129
430 0.41713225
431 0.44874607
432 0.48122993
433 0.51871537
434 0.55191362
435 0.58454087
436 0.62310753
437 0.64816012
438 0.68938122
439 0.72298227
440 0.76161367
441 0.78068744
442 0.80382875
443 0.83817107
444 0.85522027
445 0.89193526
446 0.91670022
447 0.92700808
448 0.94678254
449 0.96988327
450 0.97536118
451 0.9893772
452 0.99121621
453 1.0
454 0.99531356
455 0.99844831
456 0.98887053
457 0.97583856
458 0.9662909
459 0.94254356
460 0.92920366
461 0.89806199
462 0.8781777
463 0.82718636
464 0.81417165
465 0.78155276
466 0.7314506
467 0.70226896
468 0.67239583
469 0.62897946
470 0.59624667
471 0.57223198
472 0.54139719
473 0.51222339
474 0.47763056
475 0.45615536
476 0.4316406
477 0.41546708
478 0.39260337
479 0.36939794
480 0.35369792
481 0.33654465
482 0.31836738
483 0.30704022
484 0.29654827
485 0.28610025
486 0.2739586
487 0.26451366
488 0.25328827
489 0.24716123
490 0.23973228
491 0.23737949
492 0.22997543
493 0.23333799
494 0.22703941
495 0.22287762
496 0.22397306
497 0.22431321
498 0.22478379
499 0.22732579
500 0.22677059
501 0.23064516
502 0.23522522
503 0.23586085
504 0.2373957
505 0.24260135
506 0.24500539
507 0.25098715
508 0.2560811
509 0.25964627
510 0.26544446
511 0.27345685
512 0.27832382
513 0.2767167
514 0.28635724
515 0.28978999
516 0.29480653
517 0.29876205
518 0.30179953
519 0.30568099
520 0.30834768
521 0.31085129
522 0.31609021
523 0.31847909
524 0.32399403
525 0.32740052
526 0.3329798
527 0.33506064
528 0.34039934
529 0.34147156
530 0.34418646
531 0.34604702
532 0.34522447
533 0.34678725
534 0.34693755
535 0.34793979
536 0.35281565
537 0.3566944
538 0.3548534
539 0.35701834
540 0.35617759
541 0.35952436
542 0.35765606
543 0.35992507
544 0.35825487
545 0.35979966
546 0.35708831
547 0.36090566
548 0.36173333
549 0.35898234
550 0.3591361
551 0.36040443
552 0.35826397
553 0.35527356
554 0.36069531
555 0.35725441
556 0.3600988
557 0.36395433
558 0.36127028
559 0.36063873
560 0.36339547
561 0.35981545
562 0.35552909
563 0.35556434
564 0.34792212
565 0.3538657
566 0.34990286
567 0.35186979
568 0.34495566
569 0.34610203
570 0.33883228
571 0.33866764
572 0.33811809
573 0.33609802
574 0.33344326
575 0.3316373
576 0.32615049
577 0.32778795
578 0.32326092
579 0.32070312
580 0.31949189
581 0.31424157
582 0.31501475
583 0.31336506
584 0.31167248
585 0.31398939
586 0.30500133
587 0.30181072
588 0.30131953
589 0.29555659
590 0.29478593
591 0.29162115
592 0.28691254
593 0.28604753
594 0.28092346
595 0.28070611
596 0.27719575
597 0.27295636
598 0.26945081
599 0.26925417
600 0.2694346
601 0.26204853
602 0.25988255
603 0.25524496
604 0.25715625
605 0.24958933
606 0.24685194
607 0.23977474
608 0.24016499
609 0.23688861
610 0.23218753
611 0.23088949
612 0.2233368
613 0.22363469
614 0.22227096
615 0.22063068
616 0.21647193
617 0.21570169
618 0.21268168
619 0.21029123
620 0.2067223
621 0.20301217
622 0.2009239
623 0.19805974
624 0.1924972
625 0.19067503
626 0.18643459
627 0.18224927
628 0.18157389
629 0.17966606
630 0.17657325
631 0.17076114
632 0.16992521
633 0.16482394
634 0.16217975
635 0.16068527
636 0.15458093
637 0.15367648
638 0.14918271
639 0.14664604
640 0.14475808
641 0.14278727
642 0.13811213
643 0.13404522
644 0.13618955
645 0.13277489
646 0.12748567
647 0.1254497
648 0.12367627
649 0.12122495
650 0.11785266
651 0.11944838
652 0.11182142
653 0.11015834
654 0.11028208
655 0.10835489
656 0.10586393
657 0.1025248
658 0.10004838
659 0.09925041
660 0.09591776
661 0.0944008
662 0.09277506
663 0.09044769
664 0.08923458
665 0.08746502
666 0.08536839
667 0.08260254
668 0.08191911
669 0.08005186
670 0.07899585
671 0.07528164
672 0.07312758
673 0.06885765
674 0.06886486
675 0.06822254
676 0.07004356
677 0.06657232
678 0.06350911
679 0.06481353
680 0.06411316
681 0.06129094
682 0.05598644
683 0.05848169
684 0.05746794
685 0.05401783
686 0.05397066
687 0.05062075
688 0.0527473
689 0.04829976
690 0.04873844
691 0.04667684
692 0.04793692
693 0.04511878
694 0.04519513
695 0.04145121
696 0.04238306
697 0.04076841
698 0.03881946
699 0.04103126
700 0.04024814
701 0.03685086
702 0.03499532
703 0.03328862
704 0.03364906
705 0.03424337
706 0.03392718
707 0.03568011
708 0.03231985
709 0.02816162
710 0.02929492
711 0.02912704
712 0.0290601
713 0.02406071
714 0.02940851
715 0.0245656
716 0.02402986
717 0.02446414
718 0.02309968
719 0.02177162
720 0.02329088
721 0.02248716
722 0.02355645
723 0.0229703
724 0.02029242
725 0.01739353
726 0.01873237
727 0.01916247
728 0.01793346
729 0.0187081
730 0.02067964
731 0.01824526
732 0.01685382
733 0.01501459
734 0.01665079
735 0.01529753
736 0.01698561
737 0.01606213
738 0.0096169
739 0.01249759
740 0.01322506
741 0.01149535
742 0.01219426
743 0.01656304
744 0.01284286
745 0.01110698
746 0.01221643
747 0.01121377
748 0.00938417
749 0.01224959
750 0.00842335
751 0.00983111
752 0.00895449
753 0.00699624
754 0.00868955
755 0.00705942
756 0.00790027
757 0.00875273
758 0.00896736
759 0.00893138
760 0.00724821
761 0.00881486
762 0.01033014
763 0.00854353
764 0.00679531
765 0.00380375
766 0.00443488
767 0.00815736
768 0.00488998
769 0.00587612
770 0.00628823
771 0.00338756
772 0.00602977
773 0.00525879
774 0.00356956
775 0.00595498
776 0.00020919
777 0.00599306
778 0.00554904
779 0.00437641
780 0.00276532
781 0.00459052
782 0.00202457
783 0.00295736
784 0.00324113
785 0.00047278
786 0.00308643
787 0.00675535
788 0.00517584
789 0.00375156
790 0.0
791 0.00396315
792 0.00213387
793 0.001643
794 0.00566713
795 0.0
796 0.0
797 0.00337208
798 0.0
799 0.0
800 0.00292462
801 0.0
802 0.00263007
803 0.00164656
804 0.00098132
805 0.0
806 0.00371809
807 0.0
808 0.0
809 0.00053543
810 0.00221566
811 0.0011924
812 0.00109858
813 0.0032838
814 0.00533661
815 0.0
816 0.00257882
817 0.00199266
818 0.00057172
819 0.0
820 0.0034931
821 0.00277442
822 0.00422967
823 0.00087338
824 0.0
825 0.00229191
826 0.00351433
827 0.0
828 0.0
829 0.00499081
830 0.0
831 0.0
832 0.00236461
833 0.0
834 0.00304564
835 0.00215479
836 0.00121415
837 0.0
838 0.0
839 0.00112723
840 0.0
841 0.0038732
842 0.0
843 0.0
844 0.0
845 0.00401357
846 0.0
847 0.0
848 0.00366683
849 0.0
850 0.0
851 0.00226723
852 0.0
853 0.0
854 0.00173337
855 0.0
856 0.0
857 0.00516152
858 0.0
859 0.00095904
860 0.00277839
861 0.00400447
862 0.00716631
863 0.0
864 0.0
865 0.0
866 0.0
867 0.0
868 0.0
869 0.0
870 0.0
871 0.0
872 0.00094409
873 0.0
874 0.0
875 0.0
876 0.0
877 0.0
878 0.0
879 0.0
880 0.00393397
881 0.0
882 0.0
883 0.0
884 0.0
885 0.0
886 0.0
887 0.0
888 0.0
889 0.0
890 0.0
891 0.0
892 0.0
893 0.0
894 0.0
895 0.0
896 0.0
897 0.0
898 0.0
899 0.0
900 0.0
901 0.0
902 0.0
903 0.0
904 0.0
905 0.0
906 0.0
907 0.0
908 0.0
909 0.0
910 0.0
911 0.0
912 0.0
913 0.0
914 0.0
915 0.0
916 0.0
917 0.0
918 0.0
919 0.0
920 0.0
921 0.0
922 0.0
923 0.0
924 0.0
925 0.0
926 0.0
927 0.0
928 0.0
929 0.0
930 0.0
931 0.0
932 0.0
933 0.0
934 0.0
935 0.0
936 0.0
937 0.0
938 0.0
939 0.0
940 0.0
941 0.0
942 0.0
943 0.0
944 0.0
945 0.0
946 0.0
947 0.0
948 0.0
949 0.0
950 0.0
951 0.0
952 0.0
953 0.0
954 0.0
955 0.0
956 0.0
957 0.0
958 0.0
959 0.0
960 0.0
961 0.0
962 0.0
963 0.0
964 0.0
965 0.0
966 0.0
967 0.0
968 0.0
969 0.0
970 0.0
971 0.0
972 0.0
973 0.0
974 0.0
975 0.0
976 0.0
977 0.0
978 0.0
979 0.0
980 0.0
981 0.0
982 0.0
983 0.0
984 0.0
985 0.0
986 0.0
987 0.0
988 0.0
989 0.0
990 0.0
991 0.0
992 0.0
993 0.0
994 0.0
995 0.0
996 0.0
997 0.0
998 0.0
999 0.0
1000 0.0
1001 0.0
1002 0.0
1003 0.0
1004 0.0
1005 0.0
1006 0.0
1007 0.0
1008 0.0
1009 0.0
1010 0.0
1011 0.0
1012 0.0
1013 0.0
1014 0.0
1015 0.0
1016 0.0
1017 0.0
1018 0.0
1019 0.0
1020 0.0
1021 0.0
1022 0.0
1023 0.0
1024 0.0
1025 0.0
1026 0.0
1027 0.0
1028 0.0
1029 0.0
1030 0.0
1031 0.0
1032 0.0
1033 0.0
1034 0.0
1035 0.0
1036 0.0
1037 0.0
1038 0.0
1039 0.0
1040 0.0
1041 0.0
1042 0.0
1043 0.0
1044 0.0
1045 0.0
1046 0.0
1047 0.0
1048 0.0
1049 0.0
1050 0.0
1051 0.0
1052 0.0
1053 0.0
1054 0.0
1055 0.0
1056 0.0
1057 0.0
1058 0.0
1059 0.0
1060 0.0
1061 0.0
1062 0.0
1063 0.0
1064 0.0
1065 0.0
1066 0.0
1067 0.0
1068 0.0
1069 0.0
1070 0.0
1071 0.0
1072 0.0
1073 0.0
1074 0.0
1075 0.0
1076 0.0
1077 0.0
1078 0.0
1079 0.0
1080 0.0
1081 0.0
1082 0.0
1083 0.0
1084 0.0
1085 0.0
1086 0.0
1087 0.0
1088 0.0
1089 0.0
1090 0.0
1091 0.0
1092 0.0
1093 0.0
1094 0.0
1095 0.0
1096 0.0
1097 0.0
1098 0.0
1099 0.0
1100 0.0
