LED_2425K_Riba_Roja
380 1.9e-07
381 0.0
382 6.967e-05
383 0.00032271
384 0.00022015
385 2.63e-05
386 0.000373
387 0.00040246
388 0.00184596
389 0.00029207
390 0.00060281
391 0.00050544
392 0.00016291
393 0.00088722
394 0.00082255
395 0.00054791
396 0.000462
397 0.00082943
398 0.0
399 0.0
400 0.0
401 1.26e-06
402 0.00088679
403 0.0
404 0.00043024
405 3.138e-05
406 0.00023889
407 0.0016943
408 0.00070314
409 0.0012435
410 0.00222366
411 0.00237526
412 0.00321632
413 0.00332238
414 0.00340894
415 0.00369611
416 0.00501517
417 0.00565376
418 0.0064882
419 0.00758181
420 0.00833606
421 0.01144866
422 0.01343055
423 0.0157194
424 0.01961274
425 0.02177841
426 0.02302219
427 0.02945882
428 0.03266888
429 0.03910707
430 0.04288603
431 0.04998597
432 0.05644032
433 0.06196695
434 0.07040617
435 0.08307835
436 0.09468508
437 0.10749275
438 0.12429147
439 0.14674702
440 0.1653949
441 0.18900022
442 0.21476517
443 0.24130157
444 0.26210344
445 0.28962762
446 0.30555048
447 0.31806587
448 0.32412847
449 0.33119445
450 0.31428628
451 0.3037012
452 0.28874768
453 0.27019282
454 0.25181413
455 0.23425098
456 0.22115985
457 0.20738214
458 0.19853797
459 0.19425396
460 0.18900483
461 0.18224626
462 0.17560079
463 0.16784297
464 0.16250605
465 0.15331527
466 0.14528151
467 0.13733114
468 0.13057185
469 0.1227194
470 0.11724834
471 0.11232056
472 0.10709282
473 0.10221003
474 0.10078616
475 0.09940659
476 0.09765162
477 0.09824945
478 0.09724028
479 0.09770556
480 0.10029777
481 0.10048851
482 0.10065229
483 0.10330686
484 0.10511339
485 0.11022463
486 0.11440619
487 0.11675705
488 0.12137585
489 0.1267297
490 0.13149063
491 0.13874831
492 0.14525453
493 0.1514274
494 0.15826253
495 0.16534579
496 0.17390589
497 0.18222636
498 0.1917839
499 0.19954329
500 0.20568134
501 0.21421262
502 0.22535626
503 0.23262952
504 0.23863256
505 0.24651603
506 0.25570532
507 0.26293661
508 0.27173833
509 0.27919497
510 0.28759083
511 0.29574981
512 0.30254067
513 0.31034879
514 0.31772086
515 0.32300774
516 0.32861602
517 0.33432972
518 0.33746616
519 0.34182491
520 0.34690615
521 0.35197467
522 0.35622708
523 0.36223129
524 0.37089618
525 0.37199747
526 0.37304365
527 0.37958143
528 0.38130147
529 0.38584051
530 0.38804086
531 0.3871464
532 0.39280991
533 0.39500841
534 0.39458584
535 0.40151116
536 0.40119219
537 0.40505704
538 0.40287124
539 0.407423
540 0.40788838
541 0.41527223
542 0.41615796
543 0.41862885
544 0.41997354
545 0.42223726
546 0.42559656
547 0.42737361
548 0.4322608
549 0.43300887
550 0.43609706
551 0.44451137
552 0.44428114
553 0.44929993
554 0.45428019
555 0.45847417
556 0.47068022
557 0.47482448
558 0.48475774
559 0.48811605
560 0.49601542
561 0.50671209
562 0.51115651
563 0.5168243
564 0.52136263
565 0.53170842
566 0.54385231
567 0.55134383
568 0.55997265
569 0.56959147
570 0.57459707
571 0.58658179
572 0.60134276
573 0.60957595
574 0.61621692
575 0.62927041
576 0.63798818
577 0.65772485
578 0.66478768
579 0.67116069
580 0.68331145
581 0.69825651
582 0.71390385
583 0.7305074
584 0.74488654
585 0.76709027
586 0.78073859
587 0.79300421
588 0.80417946
589 0.81706374
590 0.8298707
591 0.8440057
592 0.85279597
593 0.86732707
594 0.87640842
595 0.8921603
596 0.90012858
597 0.90941134
598 0.91910662
599 0.9322621
600 0.94623491
601 0.95262743
602 0.9623839
603 0.97172556
604 0.98314773
605 0.97610849
606 0.98592025
607 0.98176283
608 0.98107615
609 0.98670778
610 0.98501523
611 0.99093319
612 0.98487295
613 0.98753604
614 0.98793124
615 0.99578381
616 0.98889097
617 0.99982006
618 1.0
619 0.99639021
620 0.99603825
621 0.98683177
622 0.97994381
623 0.97777163
624 0.96579258
625 0.96275439
626 0.95549429
627 0.94728984
628 0.94147081
629 0.92561357
630 0.92019753
631 0.90465922
632 0.89203644
633 0.88208295
634 0.87401139
635 0.8615108
636 0.8468555
637 0.83172483
638 0.82209759
639 0.80688829
640 0.79736747
641 0.78539963
642 0.77259427
643 0.757228
644 0.74635518
645 0.72715183
646 0.71397504
647 0.70716048
648 0.68975523
649 0.6819285
650 0.66256375
651 0.64975835
652 0.6364851
653 0.61523938
654 0.60655445
655 0.59338657
656 0.57815846
657 0.56710164
658 0.55378875
659 0.54150998
660 0.53053046
661 0.51552739
662 0.50614951
663 0.49172471
664 0.48068488
665 0.46931256
666 0.45272592
667 0.44581672
668 0.43294717
669 0.4225975
670 0.41311011
671 0.40784774
672 0.39383267
673 0.38195778
674 0.37093325
675 0.36193046
676 0.35139565
677 0.34436436
678 0.33114184
679 0.32217705
680 0.3158603
681 0.30771407
682 0.29449167
683 0.28885048
684 0.27710021
685 0.27299539
686 0.26192114
687 0.25619457
688 0.24624402
689 0.23822883
690 0.23264078
691 0.22645708
692 0.22319515
693 0.21421488
694 0.2068775
695 0.2015737
696 0.19387396
697 0.1866849
698 0.18058745
699 0.18095489
700 0.1721554
701 0.16655338
702 0.16281626
703 0.15979703
704 0.15215739
705 0.14668603
706 0.14511716
707 0.13856487
708 0.13345929
709 0.13182122
710 0.12706742
711 0.12266841
712 0.11799346
713 0.11350089
714 0.10981711
715 0.10756327
716 0.10449706
717 0.09876583
718 0.09758013
719 0.09591042
720 0.08962994
721 0.08995468
722 0.08844172
723 0.08285809
724 0.07928444
725 0.07963967
726 0.07681292
727 0.07256936
728 0.07295797
729 0.07033489
730 0.06506371
731 0.06480829
732 0.06104834
733 0.05819104
734 0.05644976
735 0.05560206
736 0.05310202
737 0.05118595
738 0.05159054
739 0.05043972
740 0.04723175
741 0.04585676
742 0.04323147
743 0.04285434
744 0.04212385
745 0.03936134
746 0.03884931
747 0.03618675
748 0.03581453
749 0.03420684
750 0.03394095
751 0.03092353
752 0.0297304
753 0.02970007
754 0.02952731
755 0.02536659
756 0.02730347
757 0.02619974
758 0.02335367
759 0.02168997
760 0.0262641
761 0.02020639
762 0.02330731
763 0.02302875
764 0.02341749
765 0.02319596
766 0.02090864
767 0.01879016
768 0.01792012
769 0.01914397
770 0.01842068
771 0.0170935
772 0.01431549
773 0.01489278
774 0.01493474
775 0.01532228
776 0.01524532
777 0.01171796
778 0.01514184
779 0.01274
780 0.01289325
781 0.01150161
782 0.00978665
783 0.01139933
784 0.00824355
785 0.00925531
786 0.01291126
787 0.0069046
788 0.00976531
789 0.00755118
790 0.01080802
791 0.00678919
792 0.00896161
793 0.006515
794 0.00725463
795 0.00792942
796 0.00752947
797 0.00533516
798 0.00405107
799 0.00260124
800 0.00529415
801 0.00652071
802 0.00331398
803 0.00524355
804 0.00512336
805 0.00010381
806 0.00378242
807 0.00433012
808 0.00257743
809 0.00845648
810 0.00823911
811 0.00266978
812 0.00831317
813 0.00419025
814 0.00105167
815 0.00699893
816 0.00178329
817 0.00200845
818 0.00759802
819 0.00559264
820 0.00014366
821 0.0015065
822 0.00011918
823 0.00157837
824 0.0006031
825 0.0009342
826 1.046e-05
827 0.00408602
828 0.00319678
829 0.00195946
830 0.00050382
831 0.00019326
832 0.01118587
833 1.352e-05
834 0.00057678
835 2.19e-06
836 0.00037096
837 0.0
838 0.00080052
839 0.00054052
840 0.0001548
841 0.0
842 0.0
843 5.561e-05
844 7.311e-05
845 0.00211614
846 0.0
847 0.00050937
848 0.00116272
849 0.0
850 0.0
851 0.0
852 0.0
853 7e-08
854 0.00236635
855 0.00357643
856 0.0
857 0.0
858 0.0
859 0.00054758
860 2.1e-07
861 0.00252751
862 0.0
863 0.00043778
864 0.0
865 0.0
866 0.00173056
867 0.0
868 0.0
869 0.00268453
870 0.0
871 0.0
872 4.05e-06
873 3.311e-05
874 0.0
875 8.38e-05
876 0.0
877 0.0
878 0.00070814
879 7.46e-06
880 0.0
881 0.0
882 0.0
883 0.00297362
884 0.00233004
885 0.0
886 0.0
887 0.0
888 0.00084758
889 0.00232164
890 0.00415252
891 0.0
892 0.0
893 0.00021809
894 3.234e-05
895 0.00046137
896 0.00048941
897 0.00024532
898 0.0051755
899 0.0
900 0.0
901 0.0
902 0.0
903 0.0
904 0.0
905 0.0
906 0.0
907 0.0
908 0.0
909 0.0
910 0.0
911 0.0
912 0.0
913 0.0
914 0.0
915 0.0
916 0.0
917 0.0
918 0.0
919 0.0
920 0.0
921 0.0
922 0.0
923 0.0
924 0.0
925 0.0
926 0.0
927 0.0
928 0.0
929 0.0
930 0.0
931 0.0
932 0.0
933 0.0
934 0.0
935 0.0
936 0.0
937 0.0
938 0.0
939 0.0
940 0.0
941 0.0
942 0.0
943 0.0
944 0.0
945 0.0
946 0.0
947 0.0
948 0.0
949 0.0
950 0.0
951 0.0
952 0.0
953 0.0
954 0.0
955 0.0
956 0.0
957 0.0
958 0.0
959 0.0
960 0.0
961 0.0
962 0.0
963 0.0
964 0.0
965 0.0
966 0.0
967 0.0
968 0.0
969 0.0
970 0.0
971 0.0
972 0.0
973 0.0
974 0.0
975 0.0
976 0.0
977 0.0
978 0.0
979 0.0
980 0.0
981 0.0
982 0.0
983 0.0
984 0.0
985 0.0
986 0.0
987 0.0
988 0.0
989 0.0
990 0.0
991 0.0
992 0.0
993 0.0
994 0.0
995 0.0
996 0.0
997 0.0
998 0.0
999 0.0
1000 0.0
1001 0.0
1002 0.0
1003 0.0
1004 0.0
1005 0.0
1006 0.0
1007 0.0
1008 0.0
1009 0.0
1010 0.0
1011 0.0
1012 0.0
1013 0.0
1014 0.0
1015 0.0
1016 0.0
1017 0.0
1018 0.0
1019 0.0
1020 0.0
1021 0.0
1022 0.0
1023 0.0
1024 0.0
1025 0.0
1026 0.0
1027 0.0
1028 0.0
1029 0.0
1030 0.0
1031 0.0
1032 0.0
1033 0.0
1034 0.0
1035 0.0
1036 0.0
1037 0.0
1038 0.0
1039 0.0
1040 0.0
1041 0.0
1042 0.0
1043 0.0
1044 0.0
1045 0.0
1046 0.0
1047 0.0
1048 0.0
1049 0.0
1050 0.0
1051 0.0
1052 0.0
1053 0.0
1054 0.0
1055 0.0
1056 0.0
1057 0.0
1058 0.0
1059 0.0
1060 0.0
1061 0.0
1062 0.0
1063 0.0
1064 0.0
1065 0.0
1066 0.0
1067 0.0
1068 0.0
1069 0.0
1070 0.0
1071 0.0
1072 0.0
1073 0.0
1074 0.0
1075 0.0
1076 0.0
1077 0.0
1078 0.0
1079 0.0
1080 0.0
1081 0.0
1082 0.0
1083 0.0
1084 0.0
1085 0.0
1086 0.0
1087 0.0
1088 0.0
1089 0.0
1090 0.0
1091 0.0
1092 0.0
1093 0.0
1094 0.0
1095 0.0
1096 0.0
1097 0.0
1098 0.0
1099 0.0
1100 0.0
