LED_25000K_LICA
380 0.00092154
381 0.0
382 0.0
383 0.0
384 0.0
385 0.00091881
386 0.00101014
387 0.00039578
388 0.00366308
389 0.00231558
390 0.00236105
391 0.00525419
392 0.00469951
393 0.00444267
394 0.00691296
395 0.00703934
396 0.00987338
397 0.01056008
398 0.01392572
399 0.01629436
400 0.0200329
401 0.02274047
402 0.02725908
403 0.03126371
404 0.03780718
405 0.04039051
406 0.04774715
407 0.05455155
408 0.06275165
409 0.0682766
410 0.08002509
411 0.09146717
412 0.1024907
413 0.11299966
414 0.1271904
415 0.14190027
416 0.1557335
417 0.17479004
418 0.19095004
419 0.20860777
420 0.23089025
421 0.24618995
422 0.26865001
423 0.29777689
424 0.32319124
425 0.34020229
426 0.37251274
427 0.39648884
428 0.42904719
429 0.4600303
430 0.48314162
431 0.51483051
432 0.54945246
433 0.57595921
434 0.60945234
435 0.64780913
436 0.67096767
437 0.70838686
438 0.73654781
439 0.76999731
440 0.79262971
441 0.82452443
442 0.84754646
443 0.88148162
444 0.89330011
445 0.92223061
446 0.93100944
447 0.95148865
448 0.96728841
449 0.9958577
450 0.99746019
451 1.0
452 0.99776932
453 0.98948929
454 0.97380968
455 0.95637266
456 0.94112612
457 0.89978506
458 0.88735046
459 0.84916522
460 0.82094498
461 0.78297579
462 0.75987732
463 0.71399506
464 0.6853506
465 0.65852742
466 0.61955403
467 0.5882245
468 0.56384786
469 0.53065714
470 0.5037328
471 0.48150874
472 0.45220261
473 0.43197586
474 0.40772724
475 0.39002112
476 0.37162158
477 0.35597877
478 0.33548914
479 0.32046965
480 0.3084797
481 0.29977059
482 0.29193064
483 0.28214665
484 0.26831021
485 0.26571315
486 0.25894848
487 0.25252214
488 0.24804607
489 0.24101491
490 0.23835613
491 0.24062624
492 0.23616537
493 0.23515776
494 0.23382593
495 0.23776309
496 0.23754081
497 0.23939119
498 0.24216584
499 0.24345911
500 0.24594566
501 0.24708053
502 0.25135368
503 0.25627869
504 0.25835223
505 0.26028994
506 0.26829327
507 0.27133859
508 0.27609661
509 0.28105686
510 0.28373239
511 0.29139865
512 0.29741256
513 0.29426881
514 0.30224235
515 0.30917634
516 0.31071671
517 0.31325156
518 0.3132278
519 0.31873172
520 0.32020921
521 0.32664421
522 0.32623986
523 0.32814321
524 0.33609591
525 0.33589534
526 0.33445564
527 0.34273518
528 0.34333951
529 0.34639466
530 0.34452276
531 0.34666776
532 0.34581126
533 0.34597328
534 0.34613821
535 0.34732117
536 0.35079663
537 0.34838262
538 0.35057912
539 0.35408847
540 0.34890828
541 0.35016329
542 0.35121773
543 0.35333965
544 0.3491438
545 0.35142287
546 0.34697718
547 0.34874228
548 0.34581652
549 0.34915646
550 0.3443884
551 0.34313534
552 0.34321313
553 0.34548305
554 0.34294091
555 0.34145379
556 0.34193788
557 0.3417635
558 0.34145788
559 0.3386032
560 0.34011281
561 0.34175386
562 0.33449293
563 0.33387068
564 0.32960424
565 0.32918246
566 0.32977978
567 0.326327
568 0.32148086
569 0.31980973
570 0.31603458
571 0.31546909
572 0.31126234
573 0.31120207
574 0.30622527
575 0.30350027
576 0.30161971
577 0.29822759
578 0.29490615
579 0.29393953
580 0.29298411
581 0.2911236
582 0.2883323
583 0.28421395
584 0.28403889
585 0.28076156
586 0.27564991
587 0.27300992
588 0.2695437
589 0.26854885
590 0.25998948
591 0.26175107
592 0.2587226
593 0.25612116
594 0.25387996
595 0.24630863
596 0.24855694
597 0.23850509
598 0.24187034
599 0.23868862
600 0.23844853
601 0.2318406
602 0.23022253
603 0.22576847
604 0.22336565
605 0.2168734
606 0.21615457
607 0.21140842
608 0.20892469
609 0.20514789
610 0.20194504
611 0.19841855
612 0.19750519
613 0.19367757
614 0.19494387
615 0.1890687
616 0.18811094
617 0.18779665
618 0.1861112
619 0.18328953
620 0.17894247
621 0.17528046
622 0.17211811
623 0.16864089
624 0.16412287
625 0.16431311
626 0.16172618
627 0.15891191
628 0.15475334
629 0.15329913
630 0.14975016
631 0.14738521
632 0.14419677
633 0.13933165
634 0.13700886
635 0.13629908
636 0.13526519
637 0.13049577
638 0.12371318
639 0.12645482
640 0.1225643
641 0.12139886
642 0.1183146
643 0.11681443
644 0.11432097
645 0.11054465
646 0.10869651
647 0.10639125
648 0.10464106
649 0.10206795
650 0.100833
651 0.09869861
652 0.09541047
653 0.09373787
654 0.09188496
655 0.09067873
656 0.08812948
657 0.08647519
658 0.08352188
659 0.08216074
660 0.07932077
661 0.08036985
662 0.07817617
663 0.0738444
664 0.07289735
665 0.07443383
666 0.07118989
667 0.06944466
668 0.06807214
669 0.06569765
670 0.06177782
671 0.06225325
672 0.06217205
673 0.0612102
674 0.06085482
675 0.0592792
676 0.05696995
677 0.05662723
678 0.05312713
679 0.0549485
680 0.05382405
681 0.05156368
682 0.04757336
683 0.04843044
684 0.04719325
685 0.04565209
686 0.04224644
687 0.04452269
688 0.04376024
689 0.03989142
690 0.04173236
691 0.04140834
692 0.03799635
693 0.03803569
694 0.03586323
695 0.03481697
696 0.03384013
697 0.03202762
698 0.03374549
699 0.0322611
700 0.03105769
701 0.03301157
702 0.02859373
703 0.02888426
704 0.02836376
705 0.02853872
706 0.02716639
707 0.02520521
708 0.02646703
709 0.02549106
710 0.0233005
711 0.02286665
712 0.0242087
713 0.0214767
714 0.02227488
715 0.02123494
716 0.02074375
717 0.02153005
718 0.02005062
719 0.01747683
720 0.0196009
721 0.01942643
722 0.01737528
723 0.01717189
724 0.01913531
725 0.01781712
726 0.01267821
727 0.01684875
728 0.0152629
729 0.01541157
730 0.01563005
731 0.01196035
732 0.01651177
733 0.01380528
734 0.01374413
735 0.01382796
736 0.01037966
737 0.01390069
738 0.01220911
739 0.01064926
740 0.01278803
741 0.00982752
742 0.00950729
743 0.00898251
744 0.00926749
745 0.00887258
746 0.01056154
747 0.00881251
748 0.00939464
749 0.00841322
750 0.0076093
751 0.00703369
752 0.00855304
753 0.0079453
754 0.00854982
755 0.0080189
756 0.0060513
757 0.00634514
758 0.0051431
759 0.00692104
760 0.0061769
761 0.00161545
762 0.00752041
763 0.00776654
764 0.0055381
765 0.00445542
766 0.00225901
767 0.00223331
768 0.00465959
769 0.00373581
770 0.00764844
771 0.00183286
772 0.00396783
773 0.00181329
774 0.00113223
775 0.00532186
776 0.00245734
777 0.00752109
778 0.00900626
779 0.0005611
780 0.00148498
781 0.0058888
782 0.00311074
783 0.00168964
784 0.00237624
785 0.00098541
786 0.00304045
787 0.00114051
788 0.00032188
789 0.00214023
790 0.0034335
791 0.00355121
792 0.00039237
793 0.000742
794 0.00231928
795 0.00064873
796 0.00282051
797 0.0
798 0.00127253
799 0.00286636
800 0.0
801 0.00046793
802 0.00445766
803 0.00211511
804 0.0
805 0.00055156
806 0.00246786
807 0.0
808 0.00117186
809 0.0
810 0.00259998
811 0.0
812 0.0
813 0.00295467
814 0.00338073
815 0.0
816 0.0
817 0.0
818 0.0012073
819 0.00195047
820 0.0
821 0.00037913
822 0.00286461
823 0.0
824 0.0
825 0.00075963
826 0.0
827 0.0
828 0.0
829 0.00435095
830 0.0
831 0.0003324
832 0.00113564
833 0.0
834 0.0
835 0.0
836 0.0
837 0.00489025
838 0.0
839 0.0
840 0.0
841 0.0013475
842 0.0004762
843 0.0
844 0.00297531
845 0.0
846 0.00472648
847 0.0
848 0.00161048
849 0.0
850 0.0011594
851 0.0
852 0.0
853 0.0
854 0.00190121
855 0.0
856 6.504e-05
857 0.0
858 0.0
859 0.0
860 0.0
861 0.0
862 0.00376999
863 0.0
864 0.00365919
865 0.0
866 0.0
867 0.0
868 0.00187463
869 0.0
870 0.0
871 0.00284154
872 0.0
873 0.0
874 0.0
875 0.00215961
876 0.0
877 0.00033191
878 0.00138684
879 0.0
880 0.0
881 0.0
882 0.00360116
883 0.0
884 0.0
885 0.0
886 0.0
887 0.0011592
888 0.0
889 0.0
890 0.0
891 0.0
892 0.0
893 0.0
894 0.0
895 0.0
896 0.0
897 0.0
898 0.0
899 0.00107128
900 0.0
901 0.0
902 0.0
903 0.0
904 0.0
905 0.0
906 0.0
907 0.0
908 0.0
909 0.0
910 0.0
911 0.0
912 0.0
913 0.0
914 0.0
915 0.0
916 0.0
917 0.0
918 0.0
919 0.0
920 0.0
921 0.0
922 0.0
923 0.0
924 0.0
925 0.0
926 0.0
927 0.0
928 0.0
929 0.0
930 0.0
931 0.0
932 0.0
933 0.0
934 0.0
935 0.0
936 0.0
937 0.0
938 0.0
939 0.0
940 0.0
941 0.0
942 0.0
943 0.0
944 0.0
945 0.0
946 0.0
947 0.0
948 0.0
949 0.0
950 0.0
951 0.0
952 0.0
953 0.0
954 0.0
955 0.0
956 0.0
957 0.0
958 0.0
959 0.0
960 0.0
961 0.0
962 0.0
963 0.0
964 0.0
965 0.0
966 0.0
967 0.0
968 0.0
969 0.0
970 0.0
971 0.0
972 0.0
973 0.0
974 0.0
975 0.0
976 0.0
977 0.0
978 0.0
979 0.0
980 0.0
981 0.0
982 0.0
983 0.0
984 0.0
985 0.0
986 0.0
987 0.0
988 0.0
989 0.0
990 0.0
991 0.0
992 0.0
993 0.0
994 0.0
995 0.0
996 0.0
997 0.0
998 0.0
999 0.0
1000 0.0
1001 0.0
1002 0.0
1003 0.0
1004 0.0
1005 0.0
1006 0.0
1007 0.0
1008 0.0
1009 0.0
1010 0.0
1011 0.0
1012 0.0
1013 0.0
1014 0.0
1015 0.0
1016 0.0
1017 0.0
1018 0.0
1019 0.0
1020 0.0
1021 0.0
1022 0.0
1023 0.0
1024 0.0
1025 0.0
1026 0.0
1027 0.0
1028 0.0
1029 0.0
1030 0.0
1031 0.0
1032 0.0
1033 0.0
1034 0.0
1035 0.0
1036 0.0
1037 0.0
1038 0.0
1039 0.0
1040 0.0
1041 0.0
1042 0.0
1043 0.0
1044 0.0
1045 0.0
1046 0.0
1047 0.0
1048 0.0
1049 0.0
1050 0.0
1051 0.0
1052 0.0
1053 0.0
1054 0.0
1055 0.0
1056 0.0
1057 0.0
1058 0.0
1059 0.0
1060 0.0
1061 0.0
1062 0.0
1063 0.0
1064 0.0
1065 0.0
1066 0.0
1067 0.0
1068 0.0
1069 0.0
1070 0.0
1071 0.0
1072 0.0
1073 0.0
1074 0.0
1075 0.0
1076 0.0
1077 0.0
1078 0.0
1079 0.0
1080 0.0
1081 0.0
1082 0.0
1083 0.0
1084 0.0
1085 0.0
1086 0.0
1087 0.0
1088 0.0
1089 0.0
1090 0.0
1091 0.0
1092 0.0
1093 0.0
1094 0.0
1095 0.0
1096 0.0
1097 0.0
1098 0.0
1099 0.0
1100 0.0
