LED_2584K_Riba_Roja
380 0.0
381 0.0
382 0.0009914
383 2.82e-06
384 1.53e-06
385 0.00064522
386 0.0
387 0.0
388 2.672e-05
389 0.00074464
390 0.0
391 0.00102556
392 3.76e-05
393 2.833e-05
394 0.00107334
395 0.00199799
396 1.906e-05
397 0.00132147
398 0.0
399 0.00026846
400 0.00166571
401 0.00081259
402 0.00032606
403 0.00129248
404 0.0035435
405 0.00259675
406 0.00360772
407 0.001113
408 0.00106853
409 0.00429087
410 0.00332558
411 0.00462727
412 0.0081367
413 0.00662525
414 0.00621302
415 0.00673859
416 0.00669676
417 0.01011925
418 0.01018856
419 0.01331847
420 0.01394467
421 0.01505941
422 0.01862821
423 0.02523691
424 0.02540413
425 0.02959604
426 0.02967366
427 0.03807067
428 0.03545157
429 0.04550845
430 0.04882262
431 0.05238894
432 0.06249601
433 0.06470021
434 0.0729588
435 0.08019988
436 0.09208347
437 0.09692865
438 0.11587183
439 0.12294038
440 0.135989
441 0.15411786
442 0.17008201
443 0.19223165
444 0.21694803
445 0.23976668
446 0.26742612
447 0.29271864
448 0.31931451
449 0.34882501
450 0.3605971
451 0.36174035
452 0.35913453
453 0.36468941
454 0.34107857
455 0.33266214
456 0.30542725
457 0.29413027
458 0.27321377
459 0.26138025
460 0.25130139
461 0.23324101
462 0.22408082
463 0.21479375
464 0.21301531
465 0.20810885
466 0.19889328
467 0.19638787
468 0.191962
469 0.18042346
470 0.17848939
471 0.16855342
472 0.16240111
473 0.1558135
474 0.15242143
475 0.14717522
476 0.14058764
477 0.14203418
478 0.13586422
479 0.13934815
480 0.14097272
481 0.14174257
482 0.14036075
483 0.14328389
484 0.14865683
485 0.15137469
486 0.15321822
487 0.1566572
488 0.16257519
489 0.16346362
490 0.16744728
491 0.1740095
492 0.18068815
493 0.1842719
494 0.1938736
495 0.19881898
496 0.2022154
497 0.21252099
498 0.22211439
499 0.2309381
500 0.23395383
501 0.24539841
502 0.24899682
503 0.2556983
504 0.26543995
505 0.27207429
506 0.27697458
507 0.28257258
508 0.2890433
509 0.29829604
510 0.30161103
511 0.30917162
512 0.31893942
513 0.32032429
514 0.32729528
515 0.33459616
516 0.33931828
517 0.33964705
518 0.34443413
519 0.34705252
520 0.35102808
521 0.35305079
522 0.36138436
523 0.36275427
524 0.37110853
525 0.37357322
526 0.3823912
527 0.38196328
528 0.38837384
529 0.3950889
530 0.39012962
531 0.39408496
532 0.40020432
533 0.40226547
534 0.4051863
535 0.41263375
536 0.41212103
537 0.41626753
538 0.42271257
539 0.42211129
540 0.43366051
541 0.44135533
542 0.43938035
543 0.44950501
544 0.4517738
545 0.45598667
546 0.4602067
547 0.46732335
548 0.47576157
549 0.48037713
550 0.48714009
551 0.49930053
552 0.50880647
553 0.51257779
554 0.51646811
555 0.52498868
556 0.53884658
557 0.55116293
558 0.56626295
559 0.56703512
560 0.58532752
561 0.59205391
562 0.60274546
563 0.60912656
564 0.61872874
565 0.62433466
566 0.6380684
567 0.64950672
568 0.65996229
569 0.67762816
570 0.67860089
571 0.69326131
572 0.70341002
573 0.71704177
574 0.72309035
575 0.73161311
576 0.74216769
577 0.75673795
578 0.76687142
579 0.77720171
580 0.78847711
581 0.80490453
582 0.81742757
583 0.82684249
584 0.84854237
585 0.85958643
586 0.87641219
587 0.88253396
588 0.89115723
589 0.90101008
590 0.90753284
591 0.92234731
592 0.93147159
593 0.93249213
594 0.94779337
595 0.9481343
596 0.95238421
597 0.95848619
598 0.96569944
599 0.97349628
600 0.98024849
601 0.98990981
602 0.99280441
603 0.9919906
604 1.0
605 0.99207816
606 0.99611775
607 0.99044112
608 0.99037051
609 0.99063332
610 0.98366967
611 0.98318074
612 0.98526377
613 0.97097758
614 0.9778481
615 0.97414869
616 0.97054036
617 0.96815723
618 0.97634379
619 0.97066256
620 0.96350941
621 0.94564939
622 0.93178119
623 0.93197267
624 0.91843714
625 0.91333899
626 0.90465817
627 0.89593967
628 0.88012607
629 0.87244464
630 0.85682468
631 0.84675433
632 0.83528384
633 0.81712362
634 0.80769154
635 0.79138273
636 0.7761124
637 0.77422174
638 0.762764
639 0.74320942
640 0.73538762
641 0.70869981
642 0.70489289
643 0.68694194
644 0.67981481
645 0.66243776
646 0.65427381
647 0.63482111
648 0.62451761
649 0.61934525
650 0.5951895
651 0.5814219
652 0.58079349
653 0.55865385
654 0.55671757
655 0.54014557
656 0.52362261
657 0.51042585
658 0.50676708
659 0.49151078
660 0.48067062
661 0.46150571
662 0.46037263
663 0.43872629
664 0.42935955
665 0.42423132
666 0.4144225
667 0.40122386
668 0.38716105
669 0.37930266
670 0.36972007
671 0.35987401
672 0.35059254
673 0.33940931
674 0.32803428
675 0.32555082
676 0.31553765
677 0.30282133
678 0.30069673
679 0.29064505
680 0.28147302
681 0.27177974
682 0.26488511
683 0.25477904
684 0.24603401
685 0.24463638
686 0.23352987
687 0.23614429
688 0.22219159
689 0.21905199
690 0.2047308
691 0.20336288
692 0.19396191
693 0.19223789
694 0.18978743
695 0.17992235
696 0.17762427
697 0.1717473
698 0.16770597
699 0.15617437
700 0.15309329
701 0.1559829
702 0.14650783
703 0.14545885
704 0.14070973
705 0.12737943
706 0.12487661
707 0.12581226
708 0.12264253
709 0.120732
710 0.11522803
711 0.10821038
712 0.10528982
713 0.10021372
714 0.09763487
715 0.09629894
716 0.08717784
717 0.08934865
718 0.0911997
719 0.0830723
720 0.08409059
721 0.07845958
722 0.07419592
723 0.07325177
724 0.0705388
725 0.07051393
726 0.06966195
727 0.06394817
728 0.06882238
729 0.06152478
730 0.0568697
731 0.05183575
732 0.06081046
733 0.05314931
734 0.0534922
735 0.05115456
736 0.05159245
737 0.04593671
738 0.04497457
739 0.04381375
740 0.0465683
741 0.03909446
742 0.03738539
743 0.03776288
744 0.03223358
745 0.03714927
746 0.03241024
747 0.03288724
748 0.03071901
749 0.03373414
750 0.03012147
751 0.02793396
752 0.02803317
753 0.02953124
754 0.02771026
755 0.02033746
756 0.0203417
757 0.02430213
758 0.02519633
759 0.02206506
760 0.01832986
761 0.02155908
762 0.02104826
763 0.01929788
764 0.01785044
765 0.01465705
766 0.01132607
767 0.01917271
768 0.01460357
769 0.01454555
770 0.0161208
771 0.01209736
772 0.00824328
773 0.01471884
774 0.01372376
775 0.01240377
776 0.01157858
777 0.0094922
778 0.00028803
779 0.01431446
780 0.00787243
781 0.0045112
782 0.00752525
783 0.00829606
784 0.00634136
785 0.00563301
786 0.00780311
787 0.01126296
788 0.01365531
789 0.00817983
790 0.00062555
791 0.00406744
792 0.00748779
793 0.00596692
794 0.00733103
795 0.00648031
796 0.0
797 0.00414184
798 0.00695029
799 0.00450186
800 0.01196283
801 0.00327857
802 0.0017156
803 0.00710998
804 0.00789355
805 0.01188341
806 0.00903093
807 0.00310384
808 0.00120481
809 0.00899904
810 0.00137982
811 0.0
812 0.00663475
813 0.00858159
814 0.01141764
815 0.0
816 0.00375508
817 0.0081805
818 0.00445141
819 0.00060432
820 3.79e-06
821 0.00106806
822 0.0
823 0.00414787
824 0.0
825 0.00242007
826 0.00461099
827 0.00044243
828 0.00018693
829 0.00065827
830 0.00122555
831 0.00193092
832 0.00731989
833 0.00018151
834 0.00035612
835 0.0
836 0.0025713
837 0.0
838 0.0
839 0.00310751
840 0.0
841 0.0004039
842 0.0070841
843 0.0
844 0.0
845 0.0
846 0.00515039
847 0.00176193
848 0.01332239
849 0.00213238
850 0.00438754
851 0.00465512
852 0.0
853 0.0
854 0.00195651
855 0.00014664
856 0.0
857 0.00410099
858 0.0
859 0.0
860 0.0
861 0.0
862 3.54e-06
863 0.010406
864 0.0
865 0.0
866 0.0
867 0.00262377
868 2.951e-05
869 0.00015629
870 0.00513855
871 0.0
872 0.00796294
873 0.0
874 0.0
875 0.00244149
876 0.0
877 0.00914167
878 0.00513151
879 0.00163317
880 0.0
881 0.00383988
882 0.01526861
883 0.00444756
884 0.00854174
885 0.00942589
886 0.0
887 0.0
888 0.00337262
889 0.0
890 0.01102888
891 0.0
892 0.00024319
893 0.0
894 0.0
895 0.0
896 0.00074032
897 0.0
898 0.00012377
899 0.01238456
900 0.00416834
901 0.0
902 0.0
903 0.0
904 0.0
905 0.0
906 0.0
907 0.0
908 0.0
909 0.0
910 0.0
911 0.0
912 0.0
913 0.0
914 0.0
915 0.0
916 0.0
917 0.0
918 0.0
919 0.0
920 0.0
921 0.0
922 0.0
923 0.0
924 0.0
925 0.0
926 0.0
927 0.0
928 0.0
929 0.0
930 0.0
931 0.0
932 0.0
933 0.0
934 0.0
935 0.0
936 0.0
937 0.0
938 0.0
939 0.0
940 0.0
941 0.0
942 0.0
943 0.0
944 0.0
945 0.0
946 0.0
947 0.0
948 0.0
949 0.0
950 0.0
951 0.0
952 0.0
953 0.0
954 0.0
955 0.0
956 0.0
957 0.0
958 0.0
959 0.0
960 0.0
961 0.0
962 0.0
963 0.0
964 0.0
965 0.0
966 0.0
967 0.0
968 0.0
969 0.0
970 0.0
971 0.0
972 0.0
973 0.0
974 0.0
975 0.0
976 0.0
977 0.0
978 0.0
979 0.0
980 0.0
981 0.0
982 0.0
983 0.0
984 0.0
985 0.0
986 0.0
987 0.0
988 0.0
989 0.0
990 0.0
991 0.0
992 0.0
993 0.0
994 0.0
995 0.0
996 0.0
997 0.0
998 0.0
999 0.0
1000 0.0
1001 0.0
1002 0.0
1003 0.0
1004 0.0
1005 0.0
1006 0.0
1007 0.0
1008 0.0
1009 0.0
1010 0.0
1011 0.0
1012 0.0
1013 0.0
1014 0.0
1015 0.0
1016 0.0
1017 0.0
1018 0.0
1019 0.0
1020 0.0
1021 0.0
1022 0.0
1023 0.0
1024 0.0
1025 0.0
1026 0.0
1027 0.0
1028 0.0
1029 0.0
1030 0.0
1031 0.0
1032 0.0
1033 0.0
1034 0.0
1035 0.0
1036 0.0
1037 0.0
1038 0.0
1039 0.0
1040 0.0
1041 0.0
1042 0.0
1043 0.0
1044 0.0
1045 0.0
1046 0.0
1047 0.0
1048 0.0
1049 0.0
1050 0.0
1051 0.0
1052 0.0
1053 0.0
1054 0.0
1055 0.0
1056 0.0
1057 0.0
1058 0.0
1059 0.0
1060 0.0
1061 0.0
1062 0.0
1063 0.0
1064 0.0
1065 0.0
1066 0.0
1067 0.0
1068 0.0
1069 0.0
1070 0.0
1071 0.0
1072 0.0
1073 0.0
1074 0.0
1075 0.0
1076 0.0
1077 0.0
1078 0.0
1079 0.0
1080 0.0
1081 0.0
1082 0.0
1083 0.0
1084 0.0
1085 0.0
1086 0.0
1087 0.0
1088 0.0
1089 0.0
1090 0.0
1091 0.0
1092 0.0
1093 0.0
1094 0.0
1095 0.0
1096 0.0
1097 0.0
1098 0.0
1099 0.0
1100 0.0
