LED_2618K_LICA_Ryet_Ikea_2700K
380 0.00020388
381 8.085e-05
382 0.00027214
383 8.91e-05
384 2.96e-06
385 7.646e-05
386 0.0
387 0.0
388 5.944e-05
389 0.0
390 0.00049293
391 0.0003829
392 1.61e-05
393 0.0
394 0.0
395 9.219e-05
396 0.00056845
397 7.2e-06
398 0.0
399 0.0
400 0.00026256
401 0.00089526
402 4.369e-05
403 4.69e-05
404 1.647e-05
405 0.00072402
406 0.0008175
407 4.307e-05
408 0.00073861
409 5.115e-05
410 7.873e-05
411 0.00134702
412 0.00170367
413 0.0009937
414 0.00163632
415 0.00249544
416 0.00333084
417 0.00393237
418 0.00416063
419 0.00473569
420 0.0058406
421 0.00699497
422 0.00667092
423 0.00914417
424 0.00981415
425 0.0109568
426 0.012528
427 0.01475838
428 0.0163764
429 0.01852651
430 0.02037323
431 0.02325479
432 0.0258375
433 0.02913801
434 0.03348461
435 0.03909179
436 0.04325336
437 0.04931621
438 0.05629071
439 0.06547971
440 0.07444317
441 0.08611577
442 0.09871579
443 0.11596664
444 0.13277866
445 0.15513485
446 0.17654809
447 0.20016476
448 0.22827805
449 0.25973424
450 0.27519954
451 0.29313072
452 0.30887298
453 0.31702028
454 0.31650477
455 0.31118735
456 0.30295899
457 0.29046945
458 0.27691592
459 0.26965493
460 0.26097148
461 0.25067499
462 0.24558418
463 0.2391143
464 0.23931032
465 0.23728706
466 0.23393156
467 0.23093672
468 0.22970814
469 0.22118901
470 0.21380713
471 0.20880747
472 0.20137128
473 0.19396638
474 0.18669895
475 0.18443629
476 0.17767351
477 0.17444348
478 0.17243293
479 0.17320054
480 0.17461955
481 0.17618302
482 0.1769931
483 0.1799844
484 0.18317931
485 0.18896625
486 0.19304685
487 0.19581236
488 0.20005288
489 0.20524617
490 0.20842667
491 0.21301828
492 0.21907972
493 0.22522879
494 0.23094464
495 0.23560552
496 0.24391044
497 0.25274133
498 0.25857001
499 0.26552453
500 0.27248109
501 0.27952778
502 0.28620187
503 0.29507292
504 0.29947651
505 0.30464784
506 0.31139283
507 0.31658284
508 0.32261978
509 0.32888007
510 0.33472818
511 0.34205485
512 0.34758351
513 0.35266923
514 0.35771148
515 0.36424176
516 0.3667896
517 0.36964266
518 0.37294388
519 0.37602681
520 0.38005758
521 0.38285088
522 0.38820168
523 0.39256011
524 0.3979218
525 0.40043816
526 0.40605179
527 0.40989295
528 0.4146388
529 0.41789898
530 0.42107379
531 0.42232485
532 0.42717711
533 0.42946018
534 0.43265218
535 0.43814549
536 0.44135358
537 0.44402895
538 0.44901498
539 0.45387284
540 0.45686768
541 0.46577804
542 0.46896709
543 0.4742618
544 0.47516479
545 0.48250229
546 0.48545355
547 0.49080209
548 0.49825144
549 0.50035977
550 0.50703362
551 0.51674978
552 0.52300024
553 0.5290417
554 0.53506833
555 0.54135099
556 0.55173411
557 0.56044234
558 0.57249861
559 0.5793358
560 0.58777037
561 0.59967222
562 0.60438364
563 0.61219697
564 0.61988666
565 0.63021289
566 0.64084593
567 0.65109338
568 0.65771667
569 0.66964966
570 0.67378298
571 0.68556867
572 0.69800346
573 0.70456034
574 0.71291027
575 0.72376416
576 0.73437888
577 0.74510533
578 0.75803979
579 0.7671475
580 0.77662151
581 0.79046025
582 0.80054468
583 0.81499382
584 0.82961658
585 0.84339583
586 0.8543448
587 0.86585288
588 0.87449602
589 0.88322782
590 0.89248646
591 0.90311715
592 0.91243695
593 0.9203448
594 0.92628248
595 0.93733434
596 0.94350081
597 0.94961422
598 0.95697081
599 0.96722459
600 0.97821945
601 0.98190166
602 0.9888161
603 0.99660258
604 1.0
605 0.99426734
606 0.9965979
607 0.99400223
608 0.99463821
609 0.99007073
610 0.99213017
611 0.99337105
612 0.98861987
613 0.98744874
614 0.99115395
615 0.99519291
616 0.99038699
617 0.9926612
618 0.9987075
619 0.99379017
620 0.98963304
621 0.97823692
622 0.96936601
623 0.9648587
624 0.9583217
625 0.95004042
626 0.94317998
627 0.93344273
628 0.92730985
629 0.91179679
630 0.89975715
631 0.88972537
632 0.87403672
633 0.86308789
634 0.8576364
635 0.84591064
636 0.83147851
637 0.81738937
638 0.80890612
639 0.79244958
640 0.77868903
641 0.77039338
642 0.75738543
643 0.7440957
644 0.73298573
645 0.71757042
646 0.70723861
647 0.69104152
648 0.68206058
649 0.67243766
650 0.6547306
651 0.64463888
652 0.63343534
653 0.61765365
654 0.60455384
655 0.59399464
656 0.57689195
657 0.56663557
658 0.55345948
659 0.54164445
660 0.52736456
661 0.51966949
662 0.50682893
663 0.49318028
664 0.48522147
665 0.47024448
666 0.46001487
667 0.45023655
668 0.43731225
669 0.42992289
670 0.4195813
671 0.40853162
672 0.40213973
673 0.39209114
674 0.37936085
675 0.36903946
676 0.35903431
677 0.34947085
678 0.34097968
679 0.33269876
680 0.32514204
681 0.31435147
682 0.30593474
683 0.29782635
684 0.29072349
685 0.28332354
686 0.27424054
687 0.26623244
688 0.2597699
689 0.24915234
690 0.24399243
691 0.23906054
692 0.23513683
693 0.22563033
694 0.21829042
695 0.21382501
696 0.20669341
697 0.20038742
698 0.19468056
699 0.18776291
700 0.18569927
701 0.18151808
702 0.17609933
703 0.17102827
704 0.16580803
705 0.16050517
706 0.15449194
707 0.14767369
708 0.14482878
709 0.14399615
710 0.13717715
711 0.13403511
712 0.13212811
713 0.12365155
714 0.12200874
715 0.11680407
716 0.11213625
717 0.11029031
718 0.10856523
719 0.10364065
720 0.10038986
721 0.09824313
722 0.0968371
723 0.09255011
724 0.09157691
725 0.08809853
726 0.08396806
727 0.08285144
728 0.07907678
729 0.07653764
730 0.07568625
731 0.07369699
732 0.0731753
733 0.06798265
734 0.06792586
735 0.06300604
736 0.06100381
737 0.05839794
738 0.05745256
739 0.05613328
740 0.05392319
741 0.05358414
742 0.05123346
743 0.04788787
744 0.0475628
745 0.04645088
746 0.0438278
747 0.04272641
748 0.04144205
749 0.0413741
750 0.03851134
751 0.03544006
752 0.03502084
753 0.03495149
754 0.03505773
755 0.03214074
756 0.02959618
757 0.03199752
758 0.02862289
759 0.02888158
760 0.02779374
761 0.02649429
762 0.0274994
763 0.0257045
764 0.02219329
765 0.02241712
766 0.02239669
767 0.02117344
768 0.020477
769 0.0214312
770 0.02045792
771 0.01881054
772 0.01868768
773 0.01789419
774 0.01773718
775 0.01659611
776 0.0188762
777 0.01709146
778 0.01740306
779 0.01561028
780 0.01183212
781 0.01333825
782 0.01398961
783 0.01204876
784 0.01151942
785 0.01291442
786 0.01119554
787 0.01126726
788 0.01016818
789 0.00814877
790 0.00793104
791 0.00994571
792 0.00505562
793 0.00851305
794 0.00592023
795 0.00870149
796 0.00767475
797 0.00666707
798 0.00773219
799 0.01034717
800 0.00764215
801 0.00496766
802 0.00545221
803 0.00410553
804 0.00531792
805 0.00491879
806 0.00386746
807 0.00379049
808 0.00602488
809 0.00119879
810 0.00446536
811 0.00285135
812 0.00195384
813 0.00368999
814 0.00382833
815 0.00241375
816 0.00430118
817 0.00193643
818 0.00247996
819 0.00086486
820 0.00254366
821 0.00156852
822 0.00295953
823 0.00139187
824 0.00404952
825 0.00093795
826 0.00170613
827 0.00026502
828 0.00266933
829 0.0
830 0.00475692
831 0.00325187
832 0.0028027
833 0.0
834 0.00125524
835 4.41e-06
836 0.00162268
837 0.00033319
838 0.00019149
839 0.0
840 0.00258069
841 7.62e-05
842 0.0
843 0.00222251
844 0.0
845 0.0
846 0.00259077
847 0.0
848 0.0
849 0.00111053
850 0.0
851 0.0
852 0.0
853 0.0
854 0.00019012
855 0.00083797
856 0.00371453
857 0.0
858 0.0
859 0.00090038
860 0.0
861 0.0
862 0.0
863 0.00093591
864 0.0
865 0.0
866 0.0
867 0.00160217
868 0.00041769
869 0.0
870 0.0
871 0.00032269
872 0.0
873 0.0
874 0.00033905
875 0.00102268
876 0.0
877 0.0
878 0.0
879 0.0
880 0.0
881 0.0
882 0.0
883 0.0
884 1.119e-05
885 0.0
886 0.0
887 0.0
888 0.0
889 0.0
890 0.0
891 0.0
892 0.0
893 0.0
894 0.0
895 0.0
896 0.0
897 0.0
898 0.0
899 3.361e-05
900 0.0
901 0.0
902 0.0
903 0.0
904 0.0
905 0.0
906 0.0
907 0.0
908 0.0
909 0.0
910 0.0
911 0.0
912 0.0
913 0.0
914 0.0
915 0.0
916 0.0
917 0.0
918 0.0
919 0.0
920 0.0
921 0.0
922 0.0
923 0.0
924 0.0
925 0.0
926 0.0
927 0.0
928 0.0
929 0.0
930 0.0
931 0.0
932 0.0
933 0.0
934 0.0
935 0.0
936 0.0
937 0.0
938 0.0
939 0.0
940 0.0
941 0.0
942 0.0
943 0.0
944 0.0
945 0.0
946 0.0
947 0.0
948 0.0
949 0.0
950 0.0
951 0.0
952 0.0
953 0.0
954 0.0
955 0.0
956 0.0
957 0.0
958 0.0
959 0.0
960 0.0
961 0.0
962 0.0
963 0.0
964 0.0
965 0.0
966 0.0
967 0.0
968 0.0
969 0.0
970 0.0
971 0.0
972 0.0
973 0.0
974 0.0
975 0.0
976 0.0
977 0.0
978 0.0
979 0.0
980 0.0
981 0.0
982 0.0
983 0.0
984 0.0
985 0.0
986 0.0
987 0.0
988 0.0
989 0.0
990 0.0
991 0.0
992 0.0
993 0.0
994 0.0
995 0.0
996 0.0
997 0.0
998 0.0
999 0.0
1000 0.0
1001 0.0
1002 0.0
1003 0.0
1004 0.0
1005 0.0
1006 0.0
1007 0.0
1008 0.0
1009 0.0
1010 0.0
1011 0.0
1012 0.0
1013 0.0
1014 0.0
1015 0.0
1016 0.0
1017 0.0
1018 0.0
1019 0.0
1020 0.0
1021 0.0
1022 0.0
1023 0.0
1024 0.0
1025 0.0
1026 0.0
1027 0.0
1028 0.0
1029 0.0
1030 0.0
1031 0.0
1032 0.0
1033 0.0
1034 0.0
1035 0.0
1036 0.0
1037 0.0
1038 0.0
1039 0.0
1040 0.0
1041 0.0
1042 0.0
1043 0.0
1044 0.0
1045 0.0
1046 0.0
1047 0.0
1048 0.0
1049 0.0
1050 0.0
1051 0.0
1052 0.0
1053 0.0
1054 0.0
1055 0.0
1056 0.0
1057 0.0
1058 0.0
1059 0.0
1060 0.0
1061 0.0
1062 0.0
1063 0.0
1064 0.0
1065 0.0
1066 0.0
1067 0.0
1068 0.0
1069 0.0
1070 0.0
1071 0.0
1072 0.0
1073 0.0
1074 0.0
1075 0.0
1076 0.0
1077 0.0
1078 0.0
1079 0.0
1080 0.0
1081 0.0
1082 0.0
1083 0.0
1084 0.0
1085 0.0
1086 0.0
1087 0.0
1088 0.0
1089 0.0
1090 0.0
1091 0.0
1092 0.0
1093 0.0
1094 0.0
1095 0.0
1096 0.0
1097 0.0
1098 0.0
1099 0.0
1100 0.0
