LED_2695K_LICA_Radium_RL-D_2700K
380 0.00123565
381 0.0
382 0.00019459
383 0.00084184
384 0.00033239
385 0.00017392
386 0.00024833
387 9.819e-05
388 0.00016408
389 0.00029446
390 0.00031474
391 0.00107611
392 0.0006745
393 0.00021476
394 0.00062634
395 0.00062782
396 0.00029952
397 3.859e-05
398 0.00014227
399 0.0001622
400 5.299e-05
401 0.00123266
402 0.00076936
403 0.00137463
404 0.00160803
405 0.00095874
406 0.00129551
407 0.00191346
408 0.00240765
409 0.00389004
410 0.00371674
411 0.00485821
412 0.00581681
413 0.00648672
414 0.00780823
415 0.00893193
416 0.01041505
417 0.01361951
418 0.01670335
419 0.01895377
420 0.02251775
421 0.024358
422 0.02877135
423 0.03300521
424 0.0379902
425 0.04367777
426 0.04932622
427 0.0547002
428 0.06133061
429 0.06995547
430 0.07794042
431 0.08560226
432 0.09439688
433 0.10427231
434 0.11471161
435 0.1272815
436 0.1363892
437 0.14942363
438 0.16418979
439 0.17949758
440 0.19297707
441 0.21022936
442 0.22716917
443 0.24634039
444 0.26355015
445 0.28682886
446 0.30577633
447 0.32640412
448 0.34449
449 0.36994305
450 0.36842879
451 0.37030289
452 0.36723195
453 0.35489749
454 0.33859964
455 0.31382662
456 0.29374482
457 0.27080787
458 0.24975384
459 0.23427773
460 0.21733551
461 0.20887105
462 0.19973529
463 0.18839499
464 0.18555793
465 0.18239327
466 0.17626284
467 0.17149353
468 0.16732406
469 0.16031721
470 0.15377006
471 0.14902062
472 0.14204776
473 0.13667475
474 0.1321311
475 0.12874721
476 0.12392215
477 0.12372559
478 0.12043966
479 0.12134967
480 0.12230923
481 0.12524898
482 0.12604138
483 0.12913617
484 0.13109207
485 0.13546982
486 0.14010349
487 0.14267467
488 0.14664253
489 0.15195588
490 0.15753157
491 0.16382566
492 0.16988687
493 0.17685245
494 0.18636693
495 0.19382405
496 0.20398549
497 0.21474177
498 0.22334825
499 0.2325433
500 0.24234617
501 0.25322124
502 0.26369263
503 0.27479573
504 0.28382343
505 0.29460978
506 0.3040129
507 0.31449392
508 0.32332122
509 0.33446652
510 0.34565337
511 0.3572497
512 0.36753786
513 0.37385055
514 0.38421235
515 0.39373156
516 0.40052031
517 0.40689707
518 0.41506664
519 0.42228569
520 0.42858052
521 0.43447036
522 0.44189503
523 0.44943264
524 0.45936541
525 0.4622066
526 0.46935249
527 0.47544916
528 0.48233116
529 0.48875483
530 0.49322659
531 0.49787988
532 0.50258551
533 0.50555761
534 0.50933716
535 0.51768585
536 0.52013078
537 0.52542545
538 0.53127854
539 0.53561315
540 0.54051289
541 0.54930532
542 0.55323207
543 0.56012222
544 0.56240517
545 0.56821902
546 0.57095062
547 0.57862192
548 0.58354518
549 0.5878078
550 0.59326101
551 0.60159605
552 0.60641775
553 0.61351239
554 0.61939778
555 0.62414349
556 0.63234127
557 0.64094083
558 0.64672302
559 0.65317228
560 0.65886852
561 0.66604967
562 0.6697272
563 0.67636859
564 0.68260859
565 0.68883157
566 0.70029196
567 0.70730483
568 0.71621844
569 0.72385924
570 0.73117215
571 0.73756651
572 0.74795715
573 0.75547601
574 0.76194862
575 0.76967148
576 0.77748599
577 0.78794925
578 0.79641381
579 0.8026311
580 0.81100508
581 0.81805286
582 0.82857035
583 0.84034323
584 0.85215869
585 0.86154266
586 0.86969175
587 0.87599936
588 0.88299188
589 0.88635075
590 0.89704325
591 0.90286691
592 0.90864411
593 0.91803474
594 0.92170084
595 0.92759615
596 0.93330956
597 0.93709059
598 0.94628576
599 0.95334577
600 0.96014253
601 0.96469001
602 0.97261586
603 0.98003453
604 0.9799388
605 0.97811916
606 0.98164313
607 0.97797857
608 0.97800317
609 0.97787693
610 0.97814054
611 0.98078897
612 0.97567716
613 0.97584914
614 0.97785045
615 0.98546983
616 0.98685948
617 0.99076379
618 0.9972942
619 0.99757421
620 1.0
621 0.99321702
622 0.99186951
623 0.99266897
624 0.99092407
625 0.99305218
626 0.99133039
627 0.98962176
628 0.99006278
629 0.98547273
630 0.97909593
631 0.97520237
632 0.968976
633 0.96571429
634 0.96193147
635 0.95231978
636 0.94575064
637 0.93734474
638 0.92986534
639 0.91908101
640 0.90852627
641 0.90207801
642 0.8922799
643 0.87902717
644 0.86992717
645 0.85660428
646 0.84621074
647 0.83409963
648 0.82308767
649 0.81767997
650 0.79865166
651 0.78637011
652 0.77234845
653 0.75910124
654 0.74637693
655 0.73201593
656 0.71749981
657 0.70501102
658 0.69240239
659 0.68117181
660 0.66762649
661 0.65713432
662 0.64618399
663 0.63219148
664 0.6152704
665 0.60618003
666 0.59230193
667 0.58222626
668 0.56713404
669 0.55928386
670 0.54714122
671 0.53627763
672 0.52607556
673 0.51661988
674 0.49954691
675 0.49027504
676 0.48052683
677 0.47198664
678 0.45904104
679 0.44673947
680 0.43834834
681 0.42715074
682 0.41581704
683 0.40649147
684 0.39778591
685 0.38937622
686 0.37970377
687 0.37046699
688 0.35770619
689 0.34938152
690 0.34103545
691 0.33431951
692 0.32818325
693 0.31914307
694 0.30926247
695 0.30155747
696 0.29504217
697 0.28498151
698 0.27735016
699 0.27301871
700 0.26636543
701 0.26107573
702 0.25257473
703 0.24723753
704 0.23993851
705 0.23231551
706 0.22531616
707 0.21921756
708 0.21297739
709 0.20747166
710 0.20319603
711 0.19667155
712 0.19301548
713 0.18576317
714 0.17931064
715 0.17584442
716 0.16997962
717 0.16608628
718 0.16219217
719 0.15638825
720 0.15420449
721 0.14932884
722 0.14404866
723 0.14096664
724 0.13560316
725 0.13072897
726 0.12743828
727 0.12299843
728 0.12087074
729 0.11897128
730 0.11432721
731 0.1097166
732 0.1094706
733 0.10394385
734 0.10037265
735 0.09766259
736 0.09600241
737 0.09255888
738 0.08858509
739 0.08744286
740 0.0848227
741 0.0821568
742 0.0795079
743 0.0766325
744 0.07433968
745 0.07006051
746 0.06976188
747 0.06645457
748 0.06527198
749 0.0614363
750 0.06070483
751 0.05788496
752 0.05729293
753 0.05425446
754 0.05304708
755 0.05121409
756 0.0515589
757 0.04722637
758 0.0471785
759 0.04771339
760 0.04647144
761 0.04316634
762 0.04295816
763 0.04171802
764 0.0392958
765 0.03792641
766 0.03583613
767 0.03556786
768 0.03486538
769 0.03212794
770 0.03336936
771 0.03177447
772 0.02837607
773 0.03051958
774 0.03035301
775 0.0286928
776 0.02642225
777 0.02632688
778 0.02634236
779 0.02583011
780 0.0244534
781 0.023313
782 0.02231427
783 0.02251087
784 0.01900819
785 0.02030962
786 0.02003889
787 0.01774572
788 0.01888955
789 0.01753367
790 0.01873311
791 0.01587747
792 0.01815822
793 0.01639811
794 0.01381496
795 0.01419274
796 0.01316445
797 0.01403549
798 0.01507438
799 0.01367937
800 0.01253328
801 0.0111848
802 0.01174539
803 0.01047539
804 0.01105828
805 0.0106875
806 0.01004603
807 0.00932184
808 0.00860198
809 0.01015991
810 0.00931644
811 0.00745906
812 0.0088199
813 0.00755078
814 0.00739374
815 0.00778762
816 0.00748148
817 0.00663108
818 0.00526259
819 0.00480765
820 0.00413189
821 0.00444365
822 0.0048996
823 0.00371692
824 0.00494601
825 0.00413515
826 0.00476126
827 0.00362834
828 0.00466668
829 0.00412087
830 0.00318607
831 0.00344662
832 0.00341297
833 0.00157812
834 0.00184854
835 0.00209819
836 0.00354965
837 0.00247385
838 0.00300225
839 0.00204
840 0.0029662
841 0.0009002
842 0.00072975
843 0.00319201
844 0.00055649
845 0.0
846 0.00279094
847 0.0022171
848 0.0
849 0.0
850 0.0
851 0.00152118
852 0.00366796
853 0.0021003
854 0.00149757
855 0.00082711
856 0.00046668
857 0.00106429
858 0.00014834
859 0.00157565
860 0.0
861 0.0
862 9.148e-05
863 0.00019746
864 0.0
865 0.00056764
866 0.00025853
867 0.0
868 0.0
869 0.0
870 0.0
871 2.536e-05
872 0.0
873 0.0
874 0.00193192
875 0.0
876 0.00019563
877 0.0
878 0.00107723
879 0.0
880 0.0
881 0.00302493
882 0.00011634
883 0.0
884 0.00063328
885 0.00015321
886 0.0
887 0.0
888 0.0
889 0.0
890 0.0
891 0.0
892 0.0
893 0.00075048
894 0.0
895 0.0
896 0.0
897 0.0
898 0.0
899 0.0
900 0.00076884
901 0.0
902 0.0
903 0.0
904 0.0
905 0.0
906 0.0
907 0.0
908 0.0
909 0.0
910 0.0
911 0.0
912 0.0
913 0.0
914 0.0
915 0.0
916 0.0
917 0.0
918 0.0
919 0.0
920 0.0
921 0.0
922 0.0
923 0.0
924 0.0
925 0.0
926 0.0
927 0.0
928 0.0
929 0.0
930 0.0
931 0.0
932 0.0
933 0.0
934 0.0
935 0.0
936 0.0
937 0.0
938 0.0
939 0.0
940 0.0
941 0.0
942 0.0
943 0.0
944 0.0
945 0.0
946 0.0
947 0.0
948 0.0
949 0.0
950 0.0
951 0.0
952 0.0
953 0.0
954 0.0
955 0.0
956 0.0
957 0.0
958 0.0
959 0.0
960 0.0
961 0.0
962 0.0
963 0.0
964 0.0
965 0.0
966 0.0
967 0.0
968 0.0
969 0.0
970 0.0
971 0.0
972 0.0
973 0.0
974 0.0
975 0.0
976 0.0
977 0.0
978 0.0
979 0.0
980 0.0
981 0.0
982 0.0
983 0.0
984 0.0
985 0.0
986 0.0
987 0.0
988 0.0
989 0.0
990 0.0
991 0.0
992 0.0
993 0.0
994 0.0
995 0.0
996 0.0
997 0.0
998 0.0
999 0.0
1000 0.0
1001 0.0
1002 0.0
1003 0.0
1004 0.0
1005 0.0
1006 0.0
1007 0.0
1008 0.0
1009 0.0
1010 0.0
1011 0.0
1012 0.0
1013 0.0
1014 0.0
1015 0.0
1016 0.0
1017 0.0
1018 0.0
1019 0.0
1020 0.0
1021 0.0
1022 0.0
1023 0.0
1024 0.0
1025 0.0
1026 0.0
1027 0.0
1028 0.0
1029 0.0
1030 0.0
1031 0.0
1032 0.0
1033 0.0
1034 0.0
1035 0.0
1036 0.0
1037 0.0
1038 0.0
1039 0.0
1040 0.0
1041 0.0
1042 0.0
1043 0.0
1044 0.0
1045 0.0
1046 0.0
1047 0.0
1048 0.0
1049 0.0
1050 0.0
1051 0.0
1052 0.0
1053 0.0
1054 0.0
1055 0.0
1056 0.0
1057 0.0
1058 0.0
1059 0.0
1060 0.0
1061 0.0
1062 0.0
1063 0.0
1064 0.0
1065 0.0
1066 0.0
1067 0.0
1068 0.0
1069 0.0
1070 0.0
1071 0.0
1072 0.0
1073 0.0
1074 0.0
1075 0.0
1076 0.0
1077 0.0
1078 0.0
1079 0.0
1080 0.0
1081 0.0
1082 0.0
1083 0.0
1084 0.0
1085 0.0
1086 0.0
1087 0.0
1088 0.0
1089 0.0
1090 0.0
1091 0.0
1092 0.0
1093 0.0
1094 0.0
1095 0.0
1096 0.0
1097 0.0
1098 0.0
1099 0.0
1100 0.0
