CFL_Compact_Fluorescent_Lamp_2776K_LICA_Philips_Master_PL_2700K
380 0.00233985
381 0.00196452
382 0.0020304
383 0.00140603
384 0.0009629
385 0.0014735
386 0.00046047
387 0.00109151
388 0.00058918
389 6.711e-05
390 0.00042275
391 0.00202462
392 0.001289
393 0.00073224
394 0.00029639
395 0.0
396 4.437e-05
397 6.15e-06
398 0.00023666
399 0.00083053
400 0.00117429
401 0.00114068
402 0.00121189
403 0.00272413
404 0.03964904
405 0.29963917
406 0.21179557
407 0.0651523
408 0.04652926
409 0.03493843
410 0.01041229
411 0.00252073
412 0.00078048
413 0.00104503
414 0.00127847
415 0.00149501
416 0.00174031
417 0.00158856
418 0.00224954
419 0.00122149
420 0.00190206
421 0.00133511
422 0.00062721
423 9.392e-05
424 5.354e-05
425 0.00020426
426 0.00082391
427 0.00196344
428 0.00187904
429 0.00128577
430 0.00144716
431 0.00123227
432 0.00175944
433 0.00303547
434 0.01071034
435 0.08850396
436 0.76421885
437 0.66212939
438 0.23090735
439 0.05889171
440 0.00853568
441 0.00256018
442 0.00095381
443 0.00154465
444 1.875e-05
445 6.349e-05
446 0.00029598
447 1.393e-05
448 9.66e-05
449 0.0
450 0.000158
451 0.0
452 2.909e-05
453 0.0
454 0.00051631
455 0.0
456 6.552e-05
457 0.0
458 1.758e-05
459 0.0
460 0.00030078
461 2.82e-06
462 0.00021628
463 0.00012443
464 0.00102149
465 0.001152
466 0.00103968
467 0.00245761
468 0.00264776
469 0.00106292
470 0.00048029
471 0.00100384
472 0.00034682
473 0.00141454
474 0.00179395
475 0.00168351
476 0.00145796
477 0.0013259
478 0.00189916
479 0.00260359
480 0.00484792
481 0.00691758
482 0.01183704
483 0.02012919
484 0.03255308
485 0.04851419
486 0.06857272
487 0.08194505
488 0.08343546
489 0.07849509
490 0.06782595
491 0.06072589
492 0.05941448
493 0.05088443
494 0.04442352
495 0.03896484
496 0.03498218
497 0.03055353
498 0.02660503
499 0.0227163
500 0.01888531
501 0.01540971
502 0.01212177
503 0.00957207
504 0.00714394
505 0.00578603
506 0.00465511
507 0.00345434
508 0.00299294
509 0.00313668
510 0.00286125
511 0.00233812
512 0.00226001
513 0.00236337
514 0.00197952
515 0.00180331
516 0.00144158
517 0.00124945
518 0.00097014
519 0.00097111
520 0.00133914
521 0.00103338
522 0.00068358
523 0.00068117
524 0.00043369
525 0.00078674
526 0.0010723
527 0.00145332
528 0.00200617
529 0.00208229
530 0.00255294
531 0.00289465
532 0.00449887
533 0.01159756
534 0.0186826
535 0.01627763
536 0.01868738
537 0.02880316
538 0.04992571
539 0.06995258
540 0.11787558
541 0.23851065
542 0.37948507
543 0.36881568
544 0.35325232
545 0.36815357
546 0.64776057
547 0.58345424
548 0.38653758
549 0.28543017
550 0.19780471
551 0.14608995
552 0.10950167
553 0.08310463
554 0.06353141
555 0.04559197
556 0.03296942
557 0.02480984
558 0.01940474
559 0.01505489
560 0.01250796
561 0.01114799
562 0.01058779
563 0.00993078
564 0.00922815
565 0.00854045
566 0.00740027
567 0.00741699
568 0.00701315
569 0.00720579
570 0.00643252
571 0.00537381
572 0.00427706
573 0.00423916
574 0.00417388
575 0.00557296
576 0.0196017
577 0.12075688
578 0.08789587
579 0.13645858
580 0.12009939
581 0.08958854
582 0.08488759
583 0.09262521
584 0.09414634
585 0.09352769
586 0.09075538
587 0.12692866
588 0.1363905
589 0.09190178
590 0.07390879
591 0.06785052
592 0.07864504
593 0.11704027
594 0.11201705
595 0.08164861
596 0.06558163
597 0.05325018
598 0.05334882
599 0.07054931
600 0.08039964
601 0.06624285
602 0.05043658
603 0.03946333
604 0.03486354
605 0.03496221
606 0.03869013
607 0.04786319
608 0.06770655
609 0.11267064
610 0.27191307
611 0.86718118
612 1.0
613 0.7029948
614 0.56798338
615 0.42582515
616 0.27750586
617 0.18310589
618 0.12763526
619 0.09415259
620 0.08218661
621 0.08060967
622 0.08124959
623 0.08718087
624 0.09308573
625 0.09793889
626 0.10225331
627 0.10329684
628 0.0994591
629 0.09644371
630 0.11564381
631 0.16150638
632 0.12996514
633 0.0789695
634 0.05470857
635 0.03485768
636 0.02398042
637 0.01978385
638 0.01780255
639 0.01502137
640 0.01485054
641 0.01415589
642 0.01398553
643 0.01433346
644 0.0145239
645 0.01431689
646 0.01408298
647 0.01378573
648 0.01362656
649 0.01713198
650 0.03625444
651 0.04594015
652 0.03424941
653 0.03229448
654 0.02647772
655 0.02047563
656 0.01714369
657 0.01758449
658 0.0191992
659 0.01549603
660 0.01243146
661 0.01298682
662 0.02446033
663 0.02878164
664 0.02103205
665 0.01648226
666 0.01389715
667 0.01244608
668 0.01095688
669 0.01080622
670 0.01000047
671 0.00978454
672 0.01012445
673 0.00835306
674 0.00827464
675 0.00845943
676 0.00818961
677 0.00701038
678 0.00745979
679 0.00844016
680 0.0085905
681 0.00966148
682 0.00936065
683 0.00883091
684 0.00920916
685 0.00883945
686 0.01228719
687 0.02511974
688 0.02923887
689 0.02156983
690 0.01669333
691 0.01324876
692 0.008208
693 0.01605665
694 0.02096985
695 0.01309344
696 0.020273
697 0.01811446
698 0.00800064
699 0.00559596
700 0.00378839
701 0.00400481
702 0.0047841
703 0.00701437
704 0.01105812
705 0.01840411
706 0.05337573
707 0.08340926
708 0.07499116
709 0.09416823
710 0.0635509
711 0.05103926
712 0.07588501
713 0.06106989
714 0.03340943
715 0.02158794
716 0.00928722
717 0.00382474
718 0.00345636
719 0.00202755
720 0.00115066
721 0.00137812
722 0.00023374
723 0.00187135
724 1.509e-05
725 0.00077068
726 0.00133175
727 0.0060856
728 0.00505648
729 0.00087647
730 0.00041212
731 0.0002129
732 0.00199124
733 0.00029922
734 1.9e-07
735 0.0
736 9.915e-05
737 0.00348498
738 0.0320347
739 0.02299418
740 0.00841309
741 0.00549682
742 0.00467202
743 0.00292967
744 0.00124267
745 0.00020704
746 0.00127943
747 0.00128414
748 0.00056911
749 0.00198074
750 0.03500965
751 0.05078055
752 0.03130874
753 0.0113443
754 0.00567325
755 0.00085738
756 0.00028103
757 0.0
758 0.00057136
759 0.0
760 0.0
761 0.00055448
762 0.00512088
763 0.09379904
764 0.06862818
765 0.02881525
766 0.01392437
767 0.00482366
768 0.00134202
769 0.0
770 0.0
771 0.0037045
772 0.04340599
773 0.02603608
774 0.01019291
775 0.00465507
776 3.52e-06
777 0.0
778 0.0
779 0.0
780 0.0
781 0.0
782 0.0
783 0.0
784 0.0
785 0.0
786 0.0
787 0.0
788 0.0
789 0.0
790 0.0
791 0.0
792 0.0
793 0.0
794 0.03003648
795 0.03731634
796 0.01322349
797 0.00629668
798 0.00214761
799 0.0
800 0.02838194
801 0.07651066
802 0.0420349
803 0.0144162
804 0.00756078
805 0.00386104
806 0.00026861
807 0.00010056
808 0.0
809 0.00568865
810 0.08248922
811 0.23004593
812 0.14612682
813 0.05718359
814 0.02907977
815 0.01152769
816 0.0
817 0.0
818 0.0
819 0.0
820 0.0
821 0.0
822 2.315e-05
823 0.0
824 0.0
825 0.00248609
826 0.03039729
827 0.0147144
828 0.00369824
829 0.00166356
830 0.0
831 0.0
832 0.0
833 0.0
834 0.0
835 0.0
836 0.0
837 0.0
838 0.0
839 7.466e-05
840 0.0490912
841 0.06465028
842 0.11740174
843 0.06068711
844 0.02466905
845 0.00796403
846 0.0001318
847 0.0
848 0.0
849 0.0
850 0.0
851 0.01621549
852 0.02574547
853 0.00910149
854 0.00139221
855 0.0
856 0.0
857 0.0
858 0.0
859 0.0
860 0.0
861 0.0
862 0.0
863 0.0
864 0.0
865 0.0
866 7.182e-05
867 0.0
868 0.0
869 0.0
870 0.0
871 0.0
872 0.0
873 0.0
874 0.0
875 0.0
876 0.0
877 0.0
878 0.0
879 0.0
880 0.0
881 0.0
882 0.0
883 0.0
884 0.0
885 0.0
886 0.0
887 0.0
888 0.0
889 0.0
890 0.0
891 0.0
892 0.0
893 0.0
894 0.0
895 0.0
896 0.0
897 0.0
898 0.0
899 0.0
900 0.0
901 0.0
902 0.0
903 0.0
904 0.0
905 0.0
906 0.0
907 0.0
908 0.0
909 0.0
910 0.0
911 0.0
912 0.0
913 0.0
914 0.0
915 0.0
916 0.0
917 0.0
918 0.0
919 0.0
920 0.0
921 0.0
922 0.0
923 0.0
924 0.0
925 0.0
926 0.0
927 0.0
928 0.0
929 0.0
930 0.0
931 0.0
932 0.0
933 0.0
934 0.0
935 0.0
936 0.0
937 0.0
938 0.0
939 0.0
940 0.0
941 0.0
942 0.0
943 0.0
944 0.0
945 0.0
946 0.0
947 0.0
948 0.0
949 0.0
950 0.0
951 0.0
952 0.0
953 0.0
954 0.0
955 0.0
956 0.0
957 0.0
958 0.0
959 0.0
960 0.0
961 0.0
962 0.0
963 0.0
964 0.0
965 0.0
966 0.0
967 0.0
968 0.0
969 0.0
970 0.0
971 0.0
972 0.0
973 0.0
974 0.0
975 0.0
976 0.0
977 0.0
978 0.0
979 0.0
980 0.0
981 0.0
982 0.0
983 0.0
984 0.0
985 0.0
986 0.0
987 0.0
988 0.0
989 0.0
990 0.0
991 0.0
992 0.0
993 0.0
994 0.0
995 0.0
996 0.0
997 0.0
998 0.0
999 0.0
1000 0.0
1001 0.0
1002 0.0
1003 0.0
1004 0.0
1005 0.0
1006 0.0
1007 0.0
1008 0.0
1009 0.0
1010 0.0
1011 0.0
1012 0.0
1013 0.0
1014 0.0
1015 0.0
1016 0.0
1017 0.0
1018 0.0
1019 0.0
1020 0.0
1021 0.0
1022 0.0
1023 0.0
1024 0.0
1025 0.0
1026 0.0
1027 0.0
1028 0.0
1029 0.0
1030 0.0
1031 0.0
1032 0.0
1033 0.0
1034 0.0
1035 0.0
1036 0.0
1037 0.0
1038 0.0
1039 0.0
1040 0.0
1041 0.0
1042 0.0
1043 0.0
1044 0.0
1045 0.0
1046 0.0
1047 0.0
1048 0.0
1049 0.0
1050 0.0
1051 0.0
1052 0.0
1053 0.0
1054 0.0
1055 0.0
1056 0.0
1057 0.0
1058 0.0
1059 0.0
1060 0.0
1061 0.0
1062 0.0
1063 0.0
1064 0.0
1065 0.0
1066 0.0
1067 0.0
1068 0.0
1069 0.0
1070 0.0
1071 0.0
1072 0.0
1073 0.0
1074 0.0
1075 0.0
1076 0.0
1077 0.0
1078 0.0
1079 0.0
1080 0.0
1081 0.0
1082 0.0
1083 0.0
1084 0.0
1085 0.0
1086 0.0
1087 0.0
1088 0.0
1089 0.0
1090 0.0
1091 0.0
1092 0.0
1093 0.0
1094 0.0
1095 0.0
1096 0.0
1097 0.0
1098 0.0
1099 0.0
1100 0.0
