LED_2701K_LICA_Attralux_2700K
380 0.00016721
381 0.0
382 0.0
383 0.0
384 5.83e-06
385 0.0
386 0.00074774
387 0.00067199
388 0.00014973
389 0.0
390 0.0006111
391 0.00122881
392 0.00237982
393 2.528e-05
394 0.00042198
395 0.00029421
396 0.0
397 0.0001407
398 0.00147926
399 0.0
400 0.00173659
401 0.00051918
402 0.00157529
403 0.0
404 0.00129734
405 0.00089306
406 0.00154755
407 0.00244505
408 0.00240892
409 0.00150213
410 0.00248313
411 0.00297375
412 0.00359345
413 0.00404858
414 0.00496778
415 0.00587974
416 0.00700356
417 0.00892192
418 0.00897156
419 0.01230911
420 0.01386651
421 0.01459819
422 0.01438055
423 0.01828605
424 0.02179126
425 0.02077554
426 0.02407156
427 0.02981362
428 0.03195169
429 0.03318284
430 0.03950274
431 0.04202059
432 0.05017952
433 0.05282868
434 0.06105861
435 0.07010328
436 0.07752427
437 0.08499391
438 0.09436074
439 0.09846743
440 0.11252355
441 0.12143956
442 0.13368028
443 0.15340147
444 0.16425836
445 0.18831312
446 0.20940725
447 0.22526884
448 0.25115259
449 0.28424466
450 0.29698331
451 0.31845486
452 0.34248691
453 0.35643582
454 0.36373118
455 0.36371559
456 0.36569545
457 0.35460531
458 0.35346771
459 0.34544256
460 0.33227237
461 0.32192667
462 0.30543373
463 0.28735781
464 0.28692259
465 0.27356396
466 0.26464581
467 0.25935994
468 0.25678237
469 0.24607332
470 0.24605548
471 0.24456573
472 0.23445081
473 0.23005329
474 0.22640881
475 0.21865572
476 0.21065978
477 0.20854263
478 0.19975674
479 0.19942696
480 0.1950498
481 0.19642499
482 0.19418243
483 0.19445809
484 0.19640552
485 0.19731106
486 0.19910286
487 0.20496462
488 0.20561588
489 0.20545555
490 0.21133333
491 0.21602284
492 0.22193209
493 0.22457171
494 0.2295029
495 0.23551304
496 0.24019238
497 0.2500043
498 0.25306345
499 0.26175756
500 0.26774769
501 0.27060307
502 0.27767847
503 0.29074546
504 0.28915596
505 0.30131895
506 0.30692367
507 0.30917625
508 0.31757696
509 0.32427353
510 0.32974351
511 0.33783167
512 0.34259969
513 0.35099143
514 0.35445802
515 0.36342516
516 0.36487242
517 0.36899326
518 0.37598089
519 0.37768229
520 0.38321744
521 0.38008139
522 0.39009789
523 0.39640431
524 0.40102307
525 0.40406036
526 0.40834994
527 0.41246655
528 0.41982887
529 0.42463015
530 0.42857044
531 0.42997948
532 0.43523525
533 0.43713126
534 0.44436522
535 0.44372707
536 0.45261095
537 0.45435631
538 0.45893305
539 0.46540382
540 0.47106848
541 0.48444962
542 0.48651297
543 0.49473794
544 0.49479832
545 0.50621951
546 0.50491418
547 0.5152145
548 0.52037862
549 0.52518086
550 0.52604434
551 0.53848195
552 0.54941525
553 0.55425937
554 0.55865048
555 0.56458482
556 0.57979056
557 0.58573088
558 0.6023649
559 0.60692608
560 0.61616821
561 0.62966875
562 0.63514544
563 0.64202677
564 0.65377838
565 0.66157223
566 0.67105232
567 0.67965459
568 0.68515939
569 0.70517511
570 0.70825352
571 0.71388748
572 0.73350373
573 0.73964555
574 0.75105927
575 0.75695983
576 0.76773453
577 0.78008789
578 0.79607565
579 0.80356482
580 0.80613183
581 0.82197894
582 0.83434908
583 0.84629799
584 0.8597346
585 0.87579494
586 0.88404567
587 0.89136074
588 0.90505869
589 0.91059053
590 0.92197884
591 0.92851874
592 0.93690397
593 0.94167094
594 0.94744029
595 0.9601636
596 0.96025193
597 0.96435939
598 0.96616768
599 0.98207013
600 0.98510843
601 0.97918302
602 0.99677741
603 1.0
604 0.99755918
605 0.99025218
606 0.9977657
607 0.99471339
608 0.97947398
609 0.98179466
610 0.99080177
611 0.99048016
612 0.97823639
613 0.97591175
614 0.97314548
615 0.97899772
616 0.97501928
617 0.97334439
618 0.97914809
619 0.97128537
620 0.9684747
621 0.95772757
622 0.95162197
623 0.93828322
624 0.92363482
625 0.92161728
626 0.91470034
627 0.9097945
628 0.89212213
629 0.87508908
630 0.87072404
631 0.85526883
632 0.84369511
633 0.83744061
634 0.83290899
635 0.81378542
636 0.800975
637 0.78397637
638 0.78135559
639 0.76447968
640 0.75101091
641 0.73673203
642 0.73144759
643 0.71525649
644 0.69960765
645 0.69172448
646 0.68083414
647 0.66328584
648 0.65603324
649 0.64424855
650 0.63419628
651 0.62055773
652 0.61043178
653 0.59177696
654 0.5818469
655 0.56327689
656 0.55267941
657 0.54484027
658 0.52874031
659 0.5225309
660 0.50678774
661 0.49675664
662 0.48991804
663 0.47673487
664 0.4582895
665 0.44652188
666 0.43992383
667 0.42396134
668 0.41732621
669 0.40487894
670 0.39563588
671 0.38399456
672 0.37412952
673 0.36856612
674 0.35416861
675 0.34646828
676 0.33510553
677 0.33021236
678 0.31884621
679 0.30990155
680 0.30403403
681 0.29001369
682 0.28427901
683 0.27873713
684 0.26737639
685 0.2657181
686 0.26396909
687 0.25534835
688 0.24516831
689 0.24045185
690 0.22789783
691 0.22435727
692 0.22528206
693 0.21379448
694 0.2115914
695 0.20466249
696 0.19838031
697 0.19084984
698 0.18607772
699 0.17687189
700 0.17929595
701 0.17259932
702 0.1671482
703 0.16024172
704 0.16142412
705 0.14809959
706 0.14759161
707 0.14159259
708 0.13664081
709 0.13454309
710 0.1355615
711 0.13190278
712 0.12483003
713 0.1183041
714 0.1161667
715 0.11068424
716 0.10659975
717 0.1081135
718 0.10838865
719 0.10276546
720 0.09828119
721 0.09392694
722 0.0949444
723 0.08246814
724 0.08509526
725 0.08408687
726 0.07668792
727 0.07769653
728 0.07662424
729 0.07179067
730 0.07296323
731 0.0667887
732 0.0667797
733 0.06628668
734 0.06089949
735 0.06099999
736 0.05533031
737 0.06078577
738 0.05620013
739 0.05208809
740 0.05208452
741 0.0532508
742 0.05248353
743 0.04895965
744 0.05225089
745 0.04432496
746 0.03811236
747 0.03599698
748 0.04073041
749 0.0344278
750 0.0354569
751 0.03474657
752 0.03328943
753 0.03273689
754 0.03138644
755 0.03212185
756 0.03185039
757 0.02722218
758 0.02898219
759 0.02849983
760 0.02839659
761 0.02176397
762 0.02561554
763 0.01615195
764 0.02034132
765 0.01702881
766 0.02284717
767 0.02124988
768 0.02357177
769 0.01600948
770 0.02058998
771 0.01923189
772 0.01663957
773 0.01377051
774 0.02222288
775 0.01819416
776 0.01745891
777 0.01260972
778 0.01202995
779 0.01249792
780 0.01030614
781 0.01936738
782 0.01416433
783 0.01511197
784 0.01076547
785 0.00930056
786 0.01715026
787 0.00991282
788 0.00966031
789 0.01510848
790 0.00615172
791 0.01574532
792 0.00639298
793 0.00968339
794 0.00923257
795 0.00591952
796 0.00618846
797 0.00265841
798 0.00536352
799 0.00345153
800 0.00099057
801 7.026e-05
802 0.00411129
803 0.0107559
804 0.00183326
805 0.00452731
806 0.00777696
807 0.00115981
808 0.00575204
809 0.00449444
810 0.00338898
811 1.954e-05
812 0.00100886
813 0.00174862
814 7.93e-05
815 0.00670005
816 0.00090117
817 0.00434644
818 0.00302585
819 0.00212982
820 0.00641103
821 0.0
822 0.00356965
823 0.0
824 0.01105164
825 0.00133783
826 0.01019373
827 0.00121611
828 6.053e-05
829 0.00224388
830 0.00110777
831 0.00360847
832 0.00111015
833 0.00019963
834 0.00170506
835 0.0085133
836 6.452e-05
837 0.0
838 0.0079648
839 0.00491016
840 0.00142675
841 0.00088264
842 0.00977022
843 0.00742503
844 0.00102769
845 0.0
846 0.00890665
847 0.00144453
848 0.0024049
849 0.00162576
850 0.0025159
851 0.0033841
852 0.0
853 0.0
854 0.00218679
855 0.00153133
856 0.00073756
857 0.0
858 0.00605989
859 0.0
860 6e-07
861 0.0026082
862 0.0
863 0.0
864 0.0
865 0.0
866 0.0
867 0.0
868 0.0
869 0.0
870 0.00899522
871 0.00137766
872 0.0
873 0.0
874 4.888e-05
875 0.00112724
876 0.0
877 0.0
878 0.0
879 0.0
880 0.00466499
881 0.00045628
882 0.00322275
883 0.0
884 2.33e-05
885 0.00335805
886 0.0
887 0.00279815
888 0.0
889 0.0
890 0.0
891 0.00123803
892 0.0003811
893 0.0
894 0.00384246
895 0.0
896 0.0
897 0.00036473
898 0.0
899 0.0033174
900 0.0
901 0.0
902 0.0
903 0.0
904 0.0
905 0.0
906 0.0
907 0.0
908 0.0
909 0.0
910 0.0
911 0.0
912 0.0
913 0.0
914 0.0
915 0.0
916 0.0
917 0.0
918 0.0
919 0.0
920 0.0
921 0.0
922 0.0
923 0.0
924 0.0
925 0.0
926 0.0
927 0.0
928 0.0
929 0.0
930 0.0
931 0.0
932 0.0
933 0.0
934 0.0
935 0.0
936 0.0
937 0.0
938 0.0
939 0.0
940 0.0
941 0.0
942 0.0
943 0.0
944 0.0
945 0.0
946 0.0
947 0.0
948 0.0
949 0.0
950 0.0
951 0.0
952 0.0
953 0.0
954 0.0
955 0.0
956 0.0
957 0.0
958 0.0
959 0.0
960 0.0
961 0.0
962 0.0
963 0.0
964 0.0
965 0.0
966 0.0
967 0.0
968 0.0
969 0.0
970 0.0
971 0.0
972 0.0
973 0.0
974 0.0
975 0.0
976 0.0
977 0.0
978 0.0
979 0.0
980 0.0
981 0.0
982 0.0
983 0.0
984 0.0
985 0.0
986 0.0
987 0.0
988 0.0
989 0.0
990 0.0
991 0.0
992 0.0
993 0.0
994 0.0
995 0.0
996 0.0
997 0.0
998 0.0
999 0.0
1000 0.0
1001 0.0
1002 0.0
1003 0.0
1004 0.0
1005 0.0
1006 0.0
1007 0.0
1008 0.0
1009 0.0
1010 0.0
1011 0.0
1012 0.0
1013 0.0
1014 0.0
1015 0.0
1016 0.0
1017 0.0
1018 0.0
1019 0.0
1020 0.0
1021 0.0
1022 0.0
1023 0.0
1024 0.0
1025 0.0
1026 0.0
1027 0.0
1028 0.0
1029 0.0
1030 0.0
1031 0.0
1032 0.0
1033 0.0
1034 0.0
1035 0.0
1036 0.0
1037 0.0
1038 0.0
1039 0.0
1040 0.0
1041 0.0
1042 0.0
1043 0.0
1044 0.0
1045 0.0
1046 0.0
1047 0.0
1048 0.0
1049 0.0
1050 0.0
1051 0.0
1052 0.0
1053 0.0
1054 0.0
1055 0.0
1056 0.0
1057 0.0
1058 0.0
1059 0.0
1060 0.0
1061 0.0
1062 0.0
1063 0.0
1064 0.0
1065 0.0
1066 0.0
1067 0.0
1068 0.0
1069 0.0
1070 0.0
1071 0.0
1072 0.0
1073 0.0
1074 0.0
1075 0.0
1076 0.0
1077 0.0
1078 0.0
1079 0.0
1080 0.0
1081 0.0
1082 0.0
1083 0.0
1084 0.0
1085 0.0
1086 0.0
1087 0.0
1088 0.0
1089 0.0
1090 0.0
1091 0.0
1092 0.0
1093 0.0
1094 0.0
1095 0.0
1096 0.0
1097 0.0
1098 0.0
1099 0.0
1100 0.0
