LED_2771K_LICA_Philips_2700K
380 0.0007429
381 0.00268772
382 0.0
383 0.0
384 2.75e-06
385 9.13e-05
386 0.0
387 0.00069059
388 0.00076157
389 9.896e-05
390 0.00153396
391 0.00259332
392 1.009e-05
393 2.16e-06
394 0.0
395 0.0
396 0.00216072
397 0.00206838
398 0.00075659
399 0.00050633
400 0.00022808
401 0.00062795
402 0.00183389
403 0.00076287
404 0.0
405 0.00022424
406 0.00188398
407 0.00343835
408 0.00287974
409 0.00402983
410 0.00217156
411 0.00354968
412 0.00744146
413 0.00452935
414 0.00732928
415 0.01107896
416 0.01101732
417 0.0156028
418 0.0193354
419 0.02356916
420 0.02623097
421 0.03471513
422 0.03843554
423 0.04963761
424 0.04733231
425 0.05647865
426 0.067631
427 0.07263099
428 0.07739828
429 0.08950066
430 0.10012478
431 0.11155202
432 0.12128267
433 0.13463022
434 0.15109417
435 0.15290437
436 0.1734023
437 0.18641871
438 0.20284835
439 0.21695122
440 0.23506914
441 0.26029969
442 0.27756381
443 0.29956014
444 0.32432118
445 0.35134968
446 0.37589052
447 0.3980489
448 0.42203626
449 0.44190558
450 0.4458226
451 0.45176211
452 0.44890177
453 0.43475092
454 0.40823813
455 0.39183337
456 0.36679288
457 0.33556453
458 0.31697151
459 0.28701935
460 0.27531104
461 0.26413729
462 0.24876892
463 0.23276639
464 0.23193867
465 0.21879986
466 0.21277549
467 0.20665286
468 0.1938571
469 0.1835775
470 0.17885623
471 0.16698731
472 0.16148878
473 0.15267185
474 0.14309202
475 0.14200701
476 0.13554542
477 0.13354275
478 0.13038526
479 0.13025492
480 0.12992319
481 0.13137862
482 0.13037869
483 0.13509352
484 0.1347632
485 0.14059311
486 0.14402101
487 0.14781462
488 0.15368804
489 0.15579207
490 0.16233255
491 0.16678036
492 0.1779271
493 0.18461348
494 0.19501185
495 0.20375123
496 0.20945917
497 0.22149071
498 0.22840193
499 0.2351201
500 0.24588852
501 0.26064615
502 0.27133905
503 0.28118667
504 0.28738461
505 0.29622956
506 0.30508772
507 0.31595931
508 0.3251591
509 0.33185799
510 0.34131979
511 0.3555755
512 0.36406611
513 0.36521707
514 0.37764949
515 0.38682004
516 0.39501906
517 0.39984834
518 0.40389524
519 0.40792009
520 0.41667042
521 0.41904089
522 0.42440911
523 0.43110517
524 0.43965748
525 0.4359622
526 0.44937179
527 0.45307655
528 0.45565651
529 0.46625347
530 0.46664025
531 0.46994094
532 0.47765511
533 0.47915952
534 0.47905173
535 0.48591554
536 0.49065933
537 0.49276773
538 0.50854418
539 0.50735901
540 0.51061498
541 0.51494137
542 0.52141744
543 0.52606819
544 0.5293936
545 0.53596312
546 0.54302611
547 0.54835291
548 0.55579754
549 0.56023476
550 0.56244263
551 0.57232822
552 0.58455654
553 0.59165773
554 0.59566223
555 0.59922366
556 0.6124429
557 0.62594157
558 0.63771439
559 0.64389629
560 0.65402565
561 0.66168946
562 0.66316295
563 0.66882391
564 0.6764558
565 0.68246374
566 0.70016007
567 0.70286099
568 0.70817864
569 0.71785129
570 0.726873
571 0.73833036
572 0.75199607
573 0.75296945
574 0.75988901
575 0.77197309
576 0.78758
577 0.79463374
578 0.80292342
579 0.81000996
580 0.82222945
581 0.83007266
582 0.84134702
583 0.85572406
584 0.86348968
585 0.88285689
586 0.89035983
587 0.90212545
588 0.9039969
589 0.90338759
590 0.91485081
591 0.93064357
592 0.93045082
593 0.93593769
594 0.94900409
595 0.95252234
596 0.95814258
597 0.9688202
598 0.96552308
599 0.9724604
600 0.98294431
601 0.97892309
602 0.99011665
603 1.0
604 0.99813527
605 0.99042494
606 0.98907919
607 0.98653021
608 0.98714884
609 0.98496244
610 0.98025959
611 0.97790417
612 0.96885092
613 0.97964002
614 0.97594279
615 0.96874096
616 0.97505574
617 0.97587007
618 0.98317272
619 0.97377569
620 0.97264096
621 0.95489171
622 0.94917428
623 0.94944118
624 0.9344079
625 0.92901
626 0.91883415
627 0.90932155
628 0.90619092
629 0.89604846
630 0.8871421
631 0.86726437
632 0.8546089
633 0.84753489
634 0.83712928
635 0.82427858
636 0.80881719
637 0.80091525
638 0.79185806
639 0.78051902
640 0.76649006
641 0.76256798
642 0.74198288
643 0.72558777
644 0.71708025
645 0.70642697
646 0.69107128
647 0.6789425
648 0.66291776
649 0.65765269
650 0.63836796
651 0.63344479
652 0.61385362
653 0.6023709
654 0.59245341
655 0.57937857
656 0.56833691
657 0.55782593
658 0.53929314
659 0.5326243
660 0.53153538
661 0.50588876
662 0.50233376
663 0.48299129
664 0.47359289
665 0.46316384
666 0.45648738
667 0.44842591
668 0.43304242
669 0.41545253
670 0.41695576
671 0.4090693
672 0.38735713
673 0.38165202
674 0.37524625
675 0.36225747
676 0.35949574
677 0.34418369
678 0.33322682
679 0.3274906
680 0.32203779
681 0.30991802
682 0.30518646
683 0.29685417
684 0.28616231
685 0.27942082
686 0.27417324
687 0.26995909
688 0.26332123
689 0.24486547
690 0.24175422
691 0.24125807
692 0.23144433
693 0.22103261
694 0.22228832
695 0.20967802
696 0.20274735
697 0.19794382
698 0.19162577
699 0.19479953
700 0.18544828
701 0.17988311
702 0.17730453
703 0.1739034
704 0.16347087
705 0.16104394
706 0.15526286
707 0.14554319
708 0.14129798
709 0.14032077
710 0.13982556
711 0.13188692
712 0.12902438
713 0.12820483
714 0.12435796
715 0.11864792
716 0.1165668
717 0.11422066
718 0.1075967
719 0.10544705
720 0.10036018
721 0.09782135
722 0.09073883
723 0.09135321
724 0.09125319
725 0.089946
726 0.08645902
727 0.08072811
728 0.08131986
729 0.07676408
730 0.07537606
731 0.07809074
732 0.07159872
733 0.06943278
734 0.06631751
735 0.06149582
736 0.05922881
737 0.06379949
738 0.05900648
739 0.05450361
740 0.051359
741 0.05116175
742 0.05081754
743 0.04993861
744 0.04846467
745 0.04551945
746 0.03910351
747 0.04508139
748 0.04048554
749 0.04317763
750 0.04348782
751 0.03568517
752 0.03568389
753 0.03766313
754 0.03248877
755 0.03504275
756 0.02751841
757 0.03062361
758 0.02687572
759 0.03392929
760 0.02614524
761 0.02921774
762 0.02726549
763 0.02619401
764 0.02899363
765 0.02196614
766 0.02298475
767 0.02458347
768 0.020219
769 0.01598544
770 0.02246762
771 0.02007393
772 0.0192789
773 0.02248792
774 0.01947901
775 0.01358226
776 0.00869323
777 0.01660377
778 0.02055058
779 0.01741714
780 0.01678836
781 0.00992607
782 0.0109476
783 0.01463157
784 0.01602536
785 0.01338964
786 0.00945039
787 0.00835798
788 0.01025882
789 0.01834936
790 0.00940607
791 0.00907179
792 0.00967755
793 0.00817999
794 0.00038153
795 0.00473563
796 0.0007656
797 0.01373662
798 0.00328127
799 0.0021916
800 0.00525756
801 0.00128827
802 0.00169728
803 0.00033343
804 0.00710774
805 0.00627126
806 0.00337699
807 1.899e-05
808 0.00721743
809 0.00594892
810 0.00576837
811 1.879e-05
812 0.0
813 0.00482116
814 0.0047816
815 0.0044937
816 0.00309058
817 0.00114181
818 0.00141842
819 0.0031337
820 0.00044042
821 0.00328388
822 0.00133351
823 0.00693173
824 0.0
825 0.00347619
826 0.00436824
827 0.00304683
828 0.00332777
829 0.0
830 0.0
831 0.0
832 0.00321103
833 0.01365368
834 0.00631917
835 0.0032071
836 0.00141265
837 0.00014589
838 0.00032638
839 0.00175673
840 0.00148563
841 0.00730295
842 0.0
843 0.0
844 0.0
845 0.00121462
846 0.0
847 0.00010913
848 0.00058984
849 0.00696029
850 0.00080204
851 0.0
852 0.0
853 2.1e-07
854 0.0
855 0.0
856 0.0
857 0.0
858 0.0
859 0.0
860 2.25e-06
861 0.00050178
862 0.01066731
863 0.00292537
864 0.0
865 0.0
866 0.00468271
867 0.0
868 0.01079325
869 0.0
870 0.0
871 0.0
872 0.0
873 0.0
874 0.00023901
875 0.0
876 0.00857941
877 0.00870438
878 0.00886624
879 0.02052375
880 0.0
881 0.0101083
882 0.0
883 0.0
884 0.00096376
885 0.000287
886 0.00210488
887 0.0
888 0.0
889 1.438e-05
890 0.0
891 0.0191507
892 0.0
893 0.0
894 0.01046259
895 6.749e-05
896 0.0
897 0.0
898 0.0
899 0.0
900 0.0
901 0.0
902 0.0
903 0.0
904 0.0
905 0.0
906 0.0
907 0.0
908 0.0
909 0.0
910 0.0
911 0.0
912 0.0
913 0.0
914 0.0
915 0.0
916 0.0
917 0.0
918 0.0
919 0.0
920 0.0
921 0.0
922 0.0
923 0.0
924 0.0
925 0.0
926 0.0
927 0.0
928 0.0
929 0.0
930 0.0
931 0.0
932 0.0
933 0.0
934 0.0
935 0.0
936 0.0
937 0.0
938 0.0
939 0.0
940 0.0
941 0.0
942 0.0
943 0.0
944 0.0
945 0.0
946 0.0
947 0.0
948 0.0
949 0.0
950 0.0
951 0.0
952 0.0
953 0.0
954 0.0
955 0.0
956 0.0
957 0.0
958 0.0
959 0.0
960 0.0
961 0.0
962 0.0
963 0.0
964 0.0
965 0.0
966 0.0
967 0.0
968 0.0
969 0.0
970 0.0
971 0.0
972 0.0
973 0.0
974 0.0
975 0.0
976 0.0
977 0.0
978 0.0
979 0.0
980 0.0
981 0.0
982 0.0
983 0.0
984 0.0
985 0.0
986 0.0
987 0.0
988 0.0
989 0.0
990 0.0
991 0.0
992 0.0
993 0.0
994 0.0
995 0.0
996 0.0
997 0.0
998 0.0
999 0.0
1000 0.0
1001 0.0
1002 0.0
1003 0.0
1004 0.0
1005 0.0
1006 0.0
1007 0.0
1008 0.0
1009 0.0
1010 0.0
1011 0.0
1012 0.0
1013 0.0
1014 0.0
1015 0.0
1016 0.0
1017 0.0
1018 0.0
1019 0.0
1020 0.0
1021 0.0
1022 0.0
1023 0.0
1024 0.0
1025 0.0
1026 0.0
1027 0.0
1028 0.0
1029 0.0
1030 0.0
1031 0.0
1032 0.0
1033 0.0
1034 0.0
1035 0.0
1036 0.0
1037 0.0
1038 0.0
1039 0.0
1040 0.0
1041 0.0
1042 0.0
1043 0.0
1044 0.0
1045 0.0
1046 0.0
1047 0.0
1048 0.0
1049 0.0
1050 0.0
1051 0.0
1052 0.0
1053 0.0
1054 0.0
1055 0.0
1056 0.0
1057 0.0
1058 0.0
1059 0.0
1060 0.0
1061 0.0
1062 0.0
1063 0.0
1064 0.0
1065 0.0
1066 0.0
1067 0.0
1068 0.0
1069 0.0
1070 0.0
1071 0.0
1072 0.0
1073 0.0
1074 0.0
1075 0.0
1076 0.0
1077 0.0
1078 0.0
1079 0.0
1080 0.0
1081 0.0
1082 0.0
1083 0.0
1084 0.0
1085 0.0
1086 0.0
1087 0.0
1088 0.0
1089 0.0
1090 0.0
1091 0.0
1092 0.0
1093 0.0
1094 0.0
1095 0.0
1096 0.0
1097 0.0
1098 0.0
1099 0.0
1100 0.0
