LED_2790K_Riba_Roja_Plaza_de_la_Torre
380 0.00129715
381 0.00015936
382 0.0
383 3.963e-05
384 0.00176575
385 5.237e-05
386 0.0
387 5.453e-05
388 1.696e-05
389 1.3e-07
390 0.00045462
391 0.00033207
392 0.0
393 6.741e-05
394 0.00045971
395 0.00044419
396 3.368e-05
397 0.00099845
398 0.0
399 0.0
400 0.0
401 7.058e-05
402 0.00069992
403 0.00016884
404 0.0014946
405 0.00014878
406 0.00074902
407 0.0011286
408 0.00185588
409 0.00166771
410 0.0014431
411 0.00182362
412 0.00262128
413 0.00263654
414 0.00320027
415 0.00452586
416 0.00603475
417 0.00649146
418 0.00702893
419 0.00827751
420 0.01039894
421 0.01129706
422 0.01681979
423 0.01732376
424 0.02030029
425 0.02240624
426 0.02745525
427 0.03308174
428 0.03611883
429 0.04177013
430 0.0474828
431 0.05385718
432 0.06004104
433 0.06934789
434 0.07821298
435 0.08849148
436 0.09887824
437 0.1088691
438 0.12277806
439 0.1368116
440 0.15139398
441 0.17126057
442 0.18872014
443 0.21377958
444 0.23515863
445 0.26978439
446 0.29972359
447 0.33660933
448 0.37552297
449 0.42389854
450 0.44283525
451 0.48137134
452 0.50747519
453 0.52663852
454 0.53536401
455 0.53362888
456 0.51907186
457 0.49871155
458 0.47547028
459 0.45307506
460 0.42316242
461 0.3937607
462 0.36354093
463 0.33866583
464 0.32553821
465 0.31031081
466 0.2932778
467 0.28589695
468 0.28210755
469 0.27060468
470 0.26095502
471 0.25206153
472 0.24218159
473 0.23126334
474 0.21972083
475 0.21103113
476 0.19760676
477 0.191388
478 0.1799294
479 0.17645245
480 0.17237185
481 0.16906711
482 0.16568198
483 0.16648457
484 0.16756067
485 0.16722601
486 0.17212885
487 0.1733055
488 0.17468425
489 0.17877649
490 0.18379809
491 0.18771198
492 0.19248874
493 0.19868477
494 0.20469127
495 0.21132017
496 0.21608699
497 0.22722947
498 0.23580761
499 0.24287995
500 0.25241419
501 0.26088264
502 0.27409251
503 0.28360737
504 0.29008421
505 0.29896031
506 0.30851669
507 0.31784477
508 0.32817864
509 0.33882637
510 0.34707783
511 0.35821649
512 0.36521151
513 0.37366052
514 0.38259595
515 0.39051879
516 0.39684166
517 0.40481263
518 0.41146139
519 0.41575191
520 0.42371102
521 0.42877634
522 0.43514565
523 0.44292993
524 0.45342132
525 0.45604135
526 0.46022205
527 0.46885409
528 0.47606892
529 0.48033344
530 0.48797323
531 0.49218989
532 0.49727214
533 0.50270735
534 0.50645911
535 0.51448055
536 0.51752867
537 0.52448237
538 0.53080323
539 0.53792035
540 0.54372854
541 0.55319735
542 0.55825036
543 0.5657976
544 0.5709552
545 0.57759649
546 0.58357423
547 0.58934732
548 0.59939555
549 0.60365732
550 0.61206109
551 0.6203816
552 0.62848522
553 0.63794712
554 0.64508992
555 0.64920855
556 0.66410046
557 0.67157055
558 0.68223288
559 0.69073381
560 0.69892185
561 0.70914204
562 0.71504044
563 0.7252151
564 0.72831485
565 0.73777259
566 0.7514313
567 0.75912363
568 0.76685694
569 0.77536219
570 0.77935116
571 0.7908482
572 0.79963542
573 0.80450937
574 0.81213742
575 0.82036952
576 0.82492524
577 0.83347858
578 0.84173042
579 0.853941
580 0.86202621
581 0.86692114
582 0.88021644
583 0.88385421
584 0.88685145
585 0.90466919
586 0.91115712
587 0.91762568
588 0.92285911
589 0.92527237
590 0.93132414
591 0.9390015
592 0.94033063
593 0.94929069
594 0.95370738
595 0.9594677
596 0.96115417
597 0.96179355
598 0.97085907
599 0.97777772
600 0.98512915
601 0.9847538
602 0.99100368
603 1.0
604 0.99816688
605 0.99372804
606 0.99742099
607 0.99314909
608 0.99254768
609 0.99159827
610 0.99256948
611 0.99482774
612 0.98848689
613 0.98542294
614 0.98993212
615 0.99716864
616 0.99488627
617 0.99501826
618 0.99895485
619 0.99542791
620 0.99462168
621 0.98923713
622 0.98378997
623 0.98402921
624 0.97943658
625 0.97734388
626 0.97162976
627 0.96960569
628 0.97049034
629 0.9591359
630 0.9547482
631 0.94512655
632 0.93528781
633 0.92877265
634 0.92432688
635 0.91665637
636 0.90526807
637 0.90061577
638 0.89457816
639 0.88252124
640 0.87137936
641 0.86194293
642 0.85300992
643 0.84380642
644 0.83776662
645 0.82236801
646 0.81683492
647 0.80293053
648 0.79316212
649 0.78834
650 0.77575902
651 0.7602883
652 0.75283324
653 0.7386767
654 0.73149658
655 0.7161214
656 0.70292555
657 0.69211352
658 0.67738841
659 0.67109375
660 0.66191943
661 0.64753654
662 0.63726861
663 0.6259915
664 0.61079219
665 0.6016454
666 0.58856125
667 0.57843886
668 0.56256103
669 0.55947778
670 0.55032247
671 0.53912241
672 0.52592042
673 0.51672334
674 0.50604641
675 0.50195557
676 0.48505689
677 0.47684089
678 0.46976741
679 0.45628265
680 0.44987848
681 0.43715842
682 0.42859023
683 0.4207194
684 0.4094488
685 0.39703025
686 0.39207898
687 0.37848617
688 0.369983
689 0.35777515
690 0.35412088
691 0.34810025
692 0.33930197
693 0.33327884
694 0.32241319
695 0.31359994
696 0.30752806
697 0.29993276
698 0.29155336
699 0.28961939
700 0.28186612
701 0.27257389
702 0.26812635
703 0.26378957
704 0.25262768
705 0.24653372
706 0.23874756
707 0.23422302
708 0.2269618
709 0.22263924
710 0.21716653
711 0.21031513
712 0.20396832
713 0.19904392
714 0.1935913
715 0.18899825
716 0.18452745
717 0.17893306
718 0.17615212
719 0.17225114
720 0.16329533
721 0.16107511
722 0.15784567
723 0.14995636
724 0.14904284
725 0.14624374
726 0.14063846
727 0.13568445
728 0.13488935
729 0.12954356
730 0.12890328
731 0.12245226
732 0.11469172
733 0.11385777
734 0.10839847
735 0.10380504
736 0.10188178
737 0.10077034
738 0.10036104
739 0.09474841
740 0.09432728
741 0.09075272
742 0.08870657
743 0.08448584
744 0.08187933
745 0.07787427
746 0.07683335
747 0.07578891
748 0.06929118
749 0.07312796
750 0.06805517
751 0.06566986
752 0.06441045
753 0.0622307
754 0.06034287
755 0.05776362
756 0.05561967
757 0.05506118
758 0.05055833
759 0.04942853
760 0.05357679
761 0.04852241
762 0.04633306
763 0.04699385
764 0.04604301
765 0.04552279
766 0.04035308
767 0.04259271
768 0.03952607
769 0.03819525
770 0.03683946
771 0.03597352
772 0.03460979
773 0.03474176
774 0.03549926
775 0.03335331
776 0.03147319
777 0.02909884
778 0.02815486
779 0.03016602
780 0.0267757
781 0.02505772
782 0.02509696
783 0.02206564
784 0.0206757
785 0.02258276
786 0.0286933
787 0.02008278
788 0.02017589
789 0.02109266
790 0.01758754
791 0.01776048
792 0.01971609
793 0.01788908
794 0.01837752
795 0.0188999
796 0.01385845
797 0.01575339
798 0.01401522
799 0.01092677
800 0.01572716
801 0.00705867
802 0.01091216
803 0.01215147
804 0.01382088
805 0.00990288
806 0.01334447
807 0.01135818
808 0.01118726
809 0.02411262
810 0.0125825
811 0.00569918
812 0.01350351
813 0.01153526
814 0.00591325
815 0.00545903
816 0.00554132
817 0.00690116
818 0.01140756
819 0.01033735
820 0.00531655
821 0.005428
822 0.00496675
823 0.00316813
824 0.00137256
825 0.00567611
826 0.00141353
827 0.00548664
828 0.00142411
829 0.00110173
830 0.00230346
831 0.00390811
832 0.01281981
833 3.776e-05
834 0.00024376
835 0.00694245
836 0.00160147
837 9.64e-06
838 0.00018559
839 0.00495059
840 0.00518165
841 0.00339017
842 0.00564764
843 0.0
844 0.0
845 0.0
846 0.0
847 0.0004613
848 0.0008899
849 0.0
850 0.00337703
851 0.00358754
852 0.0
853 0.0
854 0.00409918
855 0.0
856 0.0
857 0.00101207
858 0.00627916
859 0.00607532
860 2.4e-07
861 0.00029742
862 0.00054409
863 0.00063774
864 0.00146894
865 0.0
866 0.00407312
867 0.0
868 0.00066
869 0.00085056
870 0.00014594
871 0.00462835
872 0.00068525
873 0.00026086
874 0.0
875 0.0
876 0.0
877 0.00010755
878 0.00218258
879 0.00045704
880 0.0
881 0.00014369
882 0.0
883 0.00152976
884 0.0
885 0.0
886 0.0
887 0.0
888 0.00583572
889 0.00052007
890 0.0
891 0.00121327
892 0.00030445
893 0.0
894 0.0
895 0.00269607
896 0.0
897 0.00831444
898 0.0
899 0.0
900 0.0
901 0.0
902 0.0
903 0.0
904 0.0
905 0.0
906 0.0
907 0.0
908 0.0
909 0.0
910 0.0
911 0.0
912 0.0
913 0.0
914 0.0
915 0.0
916 0.0
917 0.0
918 0.0
919 0.0
920 0.0
921 0.0
922 0.0
923 0.0
924 0.0
925 0.0
926 0.0
927 0.0
928 0.0
929 0.0
930 0.0
931 0.0
932 0.0
933 0.0
934 0.0
935 0.0
936 0.0
937 0.0
938 0.0
939 0.0
940 0.0
941 0.0
942 0.0
943 0.0
944 0.0
945 0.0
946 0.0
947 0.0
948 0.0
949 0.0
950 0.0
951 0.0
952 0.0
953 0.0
954 0.0
955 0.0
956 0.0
957 0.0
958 0.0
959 0.0
960 0.0
961 0.0
962 0.0
963 0.0
964 0.0
965 0.0
966 0.0
967 0.0
968 0.0
969 0.0
970 0.0
971 0.0
972 0.0
973 0.0
974 0.0
975 0.0
976 0.0
977 0.0
978 0.0
979 0.0
980 0.0
981 0.0
982 0.0
983 0.0
984 0.0
985 0.0
986 0.0
987 0.0
988 0.0
989 0.0
990 0.0
991 0.0
992 0.0
993 0.0
994 0.0
995 0.0
996 0.0
997 0.0
998 0.0
999 0.0
1000 0.0
1001 0.0
1002 0.0
1003 0.0
1004 0.0
1005 0.0
1006 0.0
1007 0.0
1008 0.0
1009 0.0
1010 0.0
1011 0.0
1012 0.0
1013 0.0
1014 0.0
1015 0.0
1016 0.0
1017 0.0
1018 0.0
1019 0.0
1020 0.0
1021 0.0
1022 0.0
1023 0.0
1024 0.0
1025 0.0
1026 0.0
1027 0.0
1028 0.0
1029 0.0
1030 0.0
1031 0.0
1032 0.0
1033 0.0
1034 0.0
1035 0.0
1036 0.0
1037 0.0
1038 0.0
1039 0.0
1040 0.0
1041 0.0
1042 0.0
1043 0.0
1044 0.0
1045 0.0
1046 0.0
1047 0.0
1048 0.0
1049 0.0
1050 0.0
1051 0.0
1052 0.0
1053 0.0
1054 0.0
1055 0.0
1056 0.0
1057 0.0
1058 0.0
1059 0.0
1060 0.0
1061 0.0
1062 0.0
1063 0.0
1064 0.0
1065 0.0
1066 0.0
1067 0.0
1068 0.0
1069 0.0
1070 0.0
1071 0.0
1072 0.0
1073 0.0
1074 0.0
1075 0.0
1076 0.0
1077 0.0
1078 0.0
1079 0.0
1080 0.0
1081 0.0
1082 0.0
1083 0.0
1084 0.0
1085 0.0
1086 0.0
1087 0.0
1088 0.0
1089 0.0
1090 0.0
1091 0.0
1092 0.0
1093 0.0
1094 0.0
1095 0.0
1096 0.0
1097 0.0
1098 0.0
1099 0.0
1100 0.0
