LED_2796K_LICA_LAES_2700K
380 0.00222209
381 0.00010321
382 3.013e-05
383 0.0
384 2.57e-06
385 0.0
386 0.0
387 0.00030599
388 5.241e-05
389 0.00170722
390 0.00015752
391 0.00107021
392 0.00333099
393 0.00134481
394 0.0006935
395 0.00046877
396 0.0
397 0.00229317
398 0.00046888
399 0.0
400 0.00162347
401 0.00187946
402 0.00058482
403 0.00214166
404 0.00221653
405 0.00378211
406 0.00381799
407 0.00292194
408 0.00472212
409 0.00374938
410 0.00634007
411 0.00692176
412 0.00917515
413 0.0078688
414 0.01126701
415 0.01313472
416 0.01340144
417 0.01344613
418 0.01826025
419 0.02020993
420 0.0230408
421 0.02533607
422 0.03077426
423 0.03305103
424 0.03623428
425 0.04035209
426 0.04468363
427 0.04879292
428 0.05287996
429 0.05610059
430 0.064707
431 0.06834649
432 0.07213378
433 0.08271306
434 0.09163562
435 0.09996162
436 0.11019465
437 0.11252562
438 0.12497334
439 0.13338718
440 0.14705473
441 0.16337012
442 0.17464675
443 0.19356961
444 0.21146511
445 0.23195551
446 0.2623162
447 0.28251569
448 0.30674986
449 0.33848454
450 0.35797285
451 0.38467848
452 0.40079669
453 0.41025327
454 0.41803535
455 0.42010267
456 0.40546783
457 0.39267859
458 0.37715284
459 0.35861058
460 0.34243821
461 0.32809752
462 0.31050639
463 0.30631623
464 0.29529898
465 0.29123858
466 0.27899651
467 0.27300038
468 0.26873241
469 0.26085234
470 0.25621069
471 0.25014757
472 0.24159352
473 0.23853178
474 0.22428523
475 0.22587423
476 0.21614887
477 0.21302748
478 0.20689224
479 0.20308193
480 0.19666776
481 0.19670098
482 0.19471026
483 0.20148484
484 0.20040018
485 0.20180314
486 0.20598504
487 0.20588707
488 0.20829565
489 0.21388096
490 0.21382625
491 0.22097565
492 0.22106067
493 0.22682308
494 0.23426145
495 0.24135251
496 0.24718192
497 0.25222093
498 0.25888011
499 0.26302
500 0.27069972
501 0.28205417
502 0.2897057
503 0.29445847
504 0.30854582
505 0.31164875
506 0.31427346
507 0.32519501
508 0.33630413
509 0.34315483
510 0.34641929
511 0.35979119
512 0.36329593
513 0.36656083
514 0.37797756
515 0.38144295
516 0.39387396
517 0.39485323
518 0.40019173
519 0.40430852
520 0.41048023
521 0.41196773
522 0.41730932
523 0.42558619
524 0.4311627
525 0.43595579
526 0.43830161
527 0.44721772
528 0.45225014
529 0.46108343
530 0.46332163
531 0.46782157
532 0.46810599
533 0.47123121
534 0.47583339
535 0.47905847
536 0.48542803
537 0.49086352
538 0.49355101
539 0.49859168
540 0.50530261
541 0.51704685
542 0.5199651
543 0.52720819
544 0.52709905
545 0.53256308
546 0.5367702
547 0.54701949
548 0.55221822
549 0.55721462
550 0.56507194
551 0.57367358
552 0.57840585
553 0.59077
554 0.60102222
555 0.6044351
556 0.61842104
557 0.6217053
558 0.63373905
559 0.64520603
560 0.65123245
561 0.66525136
562 0.66624396
563 0.67505378
564 0.6810508
565 0.69102288
566 0.70135818
567 0.71229576
568 0.71981604
569 0.72603237
570 0.73462215
571 0.74720161
572 0.75613158
573 0.76115579
574 0.77553442
575 0.78838519
576 0.79705611
577 0.80024535
578 0.80644712
579 0.8156345
580 0.8278239
581 0.84102304
582 0.84871194
583 0.86681877
584 0.87551682
585 0.88584941
586 0.89317544
587 0.90192508
588 0.91528088
589 0.91457723
590 0.91990292
591 0.93104218
592 0.94064746
593 0.95072168
594 0.95034743
595 0.9558285
596 0.96106945
597 0.96232203
598 0.97210306
599 0.97975962
600 0.98587177
601 0.98576659
602 0.99357276
603 0.98992494
604 1.0
605 0.99316573
606 0.98912376
607 0.97930048
608 0.97441924
609 0.98003747
610 0.97710137
611 0.96776743
612 0.96989818
613 0.96452376
614 0.96395661
615 0.97626372
616 0.97570008
617 0.97380301
618 0.97307217
619 0.97039989
620 0.96191905
621 0.94450452
622 0.94640717
623 0.93750654
624 0.92921781
625 0.92172333
626 0.90974521
627 0.90512484
628 0.89621735
629 0.88629948
630 0.87604162
631 0.86554892
632 0.84696068
633 0.84475128
634 0.83618029
635 0.83527375
636 0.80567756
637 0.80358597
638 0.78842349
639 0.77205143
640 0.76870355
641 0.7591281
642 0.74992811
643 0.73086314
644 0.72580906
645 0.70806273
646 0.69890502
647 0.69558078
648 0.67122214
649 0.66475367
650 0.65843884
651 0.64169034
652 0.62714369
653 0.62418533
654 0.60241348
655 0.59377045
656 0.58368454
657 0.56662597
658 0.55256776
659 0.54644374
660 0.53447799
661 0.52619057
662 0.51658141
663 0.51008166
664 0.49194545
665 0.48040343
666 0.46765098
667 0.46628564
668 0.45111601
669 0.44085007
670 0.43522869
671 0.42388053
672 0.41681844
673 0.41005605
674 0.39535342
675 0.39001122
676 0.3779389
677 0.3699062
678 0.35743757
679 0.3527466
680 0.34422258
681 0.33310785
682 0.32318703
683 0.31889704
684 0.30963403
685 0.29712567
686 0.29380583
687 0.284731
688 0.27695671
689 0.27150494
690 0.26322937
691 0.26025427
692 0.25239985
693 0.2462768
694 0.23778807
695 0.23421495
696 0.22915499
697 0.22268733
698 0.21379843
699 0.20715639
700 0.20422276
701 0.20437446
702 0.19505501
703 0.19055706
704 0.18703379
705 0.17821987
706 0.16986891
707 0.16577293
708 0.172293
709 0.16109559
710 0.1529012
711 0.14702517
712 0.14595348
713 0.14364565
714 0.14056164
715 0.13760057
716 0.1296905
717 0.12734265
718 0.12832048
719 0.11944762
720 0.11670906
721 0.11641067
722 0.11158005
723 0.10789724
724 0.10709643
725 0.09862094
726 0.09973061
727 0.09348804
728 0.091795
729 0.09023171
730 0.08558067
731 0.08498063
732 0.08194956
733 0.07901808
734 0.07917757
735 0.07083376
736 0.07407596
737 0.07206524
738 0.06913667
739 0.06900666
740 0.0614664
741 0.06266723
742 0.05824399
743 0.0555317
744 0.05923618
745 0.05398901
746 0.05344581
747 0.05427302
748 0.05170915
749 0.04637652
750 0.04363971
751 0.03895734
752 0.04346165
753 0.04321743
754 0.04526228
755 0.04177298
756 0.03827073
757 0.03288392
758 0.03974935
759 0.03580893
760 0.03893907
761 0.02974065
762 0.03252481
763 0.03345043
764 0.02852194
765 0.02827753
766 0.03383658
767 0.02527646
768 0.03006652
769 0.0267719
770 0.02347409
771 0.02944956
772 0.02192637
773 0.02001097
774 0.02008003
775 0.01960336
776 0.02366792
777 0.02015867
778 0.01500994
779 0.01870148
780 0.02061494
781 0.01429014
782 0.01941787
783 0.01403871
784 0.01266018
785 0.01831285
786 0.01329568
787 0.0160644
788 0.01124937
789 0.01831128
790 0.01386198
791 0.00641641
792 0.01321154
793 0.01622549
794 0.01325264
795 0.00809846
796 0.01196681
797 0.00393578
798 0.00487062
799 0.00130049
800 0.00308787
801 0.00773458
802 0.0091878
803 0.0012728
804 0.00270018
805 5.622e-05
806 0.01204406
807 0.01526501
808 0.01021369
809 0.00911291
810 0.0
811 8.39e-06
812 0.01012017
813 0.00361224
814 0.00319115
815 0.01061421
816 0.00723465
817 0.00287566
818 0.00227645
819 0.00604307
820 0.00448952
821 0.00977997
822 0.00031804
823 0.01278606
824 0.00863956
825 0.0
826 0.00464168
827 0.00211076
828 0.01386094
829 0.00271573
830 0.00060547
831 0.00356051
832 0.0
833 0.00170823
834 0.00549354
835 0.0
836 0.00334282
837 0.00502862
838 0.0
839 0.0
840 0.0
841 0.0057964
842 0.00748697
843 0.00228717
844 0.00140971
845 0.00435807
846 4.825e-05
847 0.0
848 0.00225892
849 0.00590773
850 0.00085375
851 0.0
852 0.0
853 0.009609
854 0.00443062
855 0.00032
856 0.00074612
857 0.00884487
858 0.0
859 0.00259997
860 0.00309673
861 0.00275112
862 0.00286465
863 0.00492577
864 0.0
865 0.00411721
866 0.0053705
867 0.00075668
868 0.00924676
869 0.00172707
870 0.0004426
871 0.00097946
872 5.223e-05
873 0.00928091
874 0.01814192
875 0.0
876 0.00117577
877 0.0
878 0.00342294
879 0.00093818
880 0.00565329
881 0.00183325
882 0.0
883 0.00012852
884 0.0
885 0.0
886 0.0
887 0.0
888 0.0
889 0.00328597
890 0.0
891 0.0
892 0.0
893 0.00017425
894 5.53e-06
895 0.0
896 0.0095616
897 0.00043692
898 0.0
899 0.0
900 0.00261958
901 0.0
902 0.0
903 0.0
904 0.0
905 0.0
906 0.0
907 0.0
908 0.0
909 0.0
910 0.0
911 0.0
912 0.0
913 0.0
914 0.0
915 0.0
916 0.0
917 0.0
918 0.0
919 0.0
920 0.0
921 0.0
922 0.0
923 0.0
924 0.0
925 0.0
926 0.0
927 0.0
928 0.0
929 0.0
930 0.0
931 0.0
932 0.0
933 0.0
934 0.0
935 0.0
936 0.0
937 0.0
938 0.0
939 0.0
940 0.0
941 0.0
942 0.0
943 0.0
944 0.0
945 0.0
946 0.0
947 0.0
948 0.0
949 0.0
950 0.0
951 0.0
952 0.0
953 0.0
954 0.0
955 0.0
956 0.0
957 0.0
958 0.0
959 0.0
960 0.0
961 0.0
962 0.0
963 0.0
964 0.0
965 0.0
966 0.0
967 0.0
968 0.0
969 0.0
970 0.0
971 0.0
972 0.0
973 0.0
974 0.0
975 0.0
976 0.0
977 0.0
978 0.0
979 0.0
980 0.0
981 0.0
982 0.0
983 0.0
984 0.0
985 0.0
986 0.0
987 0.0
988 0.0
989 0.0
990 0.0
991 0.0
992 0.0
993 0.0
994 0.0
995 0.0
996 0.0
997 0.0
998 0.0
999 0.0
1000 0.0
1001 0.0
1002 0.0
1003 0.0
1004 0.0
1005 0.0
1006 0.0
1007 0.0
1008 0.0
1009 0.0
1010 0.0
1011 0.0
1012 0.0
1013 0.0
1014 0.0
1015 0.0
1016 0.0
1017 0.0
1018 0.0
1019 0.0
1020 0.0
1021 0.0
1022 0.0
1023 0.0
1024 0.0
1025 0.0
1026 0.0
1027 0.0
1028 0.0
1029 0.0
1030 0.0
1031 0.0
1032 0.0
1033 0.0
1034 0.0
1035 0.0
1036 0.0
1037 0.0
1038 0.0
1039 0.0
1040 0.0
1041 0.0
1042 0.0
1043 0.0
1044 0.0
1045 0.0
1046 0.0
1047 0.0
1048 0.0
1049 0.0
1050 0.0
1051 0.0
1052 0.0
1053 0.0
1054 0.0
1055 0.0
1056 0.0
1057 0.0
1058 0.0
1059 0.0
1060 0.0
1061 0.0
1062 0.0
1063 0.0
1064 0.0
1065 0.0
1066 0.0
1067 0.0
1068 0.0
1069 0.0
1070 0.0
1071 0.0
1072 0.0
1073 0.0
1074 0.0
1075 0.0
1076 0.0
1077 0.0
1078 0.0
1079 0.0
1080 0.0
1081 0.0
1082 0.0
1083 0.0
1084 0.0
1085 0.0
1086 0.0
1087 0.0
1088 0.0
1089 0.0
1090 0.0
1091 0.0
1092 0.0
1093 0.0
1094 0.0
1095 0.0
1096 0.0
1097 0.0
1098 0.0
1099 0.0
1100 0.0
