LED_2810K_LICA_Vel_Light_2700K
380 2e-08
381 0.00014331
382 0.00066953
383 0.00090797
384 0.0
385 0.0
386 0.0
387 0.0
388 5.39e-06
389 0.0
390 0.0
391 0.00078446
392 0.0
393 0.0
394 0.0
395 0.0
396 0.0
397 0.0
398 0.00032763
399 0.00018353
400 1.363e-05
401 0.0
402 0.00065868
403 0.00055102
404 2.99e-06
405 1.63e-05
406 0.00143615
407 0.00049995
408 0.00168926
409 0.00095499
410 0.002034
411 0.00186139
412 0.00626125
413 0.00596921
414 0.00625776
415 0.0043468
416 0.00505583
417 0.00718548
418 0.0064559
419 0.0096938
420 0.01021281
421 0.01247101
422 0.01068631
423 0.01496287
424 0.0140442
425 0.01871866
426 0.0207064
427 0.02037724
428 0.02410629
429 0.02854548
430 0.02776266
431 0.03442604
432 0.03685944
433 0.04049383
434 0.04537476
435 0.0518504
436 0.05506078
437 0.06077176
438 0.06488916
439 0.07395766
440 0.08066231
441 0.08598788
442 0.09735539
443 0.10424606
444 0.11570654
445 0.12998468
446 0.14088488
447 0.15946319
448 0.17893718
449 0.20263317
450 0.21784019
451 0.24029552
452 0.26645215
453 0.28516672
454 0.31266656
455 0.33130908
456 0.34890192
457 0.3618554
458 0.37483477
459 0.37736971
460 0.37735809
461 0.37693624
462 0.36912996
463 0.35028626
464 0.35206042
465 0.34262966
466 0.32648288
467 0.32260828
468 0.31919968
469 0.30958599
470 0.30586326
471 0.30248901
472 0.303055
473 0.29263825
474 0.2922006
475 0.28257085
476 0.27703407
477 0.27155103
478 0.26305875
479 0.2591087
480 0.25069199
481 0.24659353
482 0.24252089
483 0.24051038
484 0.23947072
485 0.2404587
486 0.24019436
487 0.23913461
488 0.24025507
489 0.24047582
490 0.2447292
491 0.24813931
492 0.24877345
493 0.25378689
494 0.25593652
495 0.26300019
496 0.26915226
497 0.27448666
498 0.27410562
499 0.28133883
500 0.28610392
501 0.29246921
502 0.29764075
503 0.30601683
504 0.31386411
505 0.31736162
506 0.32185015
507 0.33280523
508 0.3353765
509 0.34404933
510 0.34754632
511 0.35883553
512 0.36116237
513 0.36434815
514 0.37755295
515 0.38220567
516 0.3873755
517 0.38954968
518 0.39431398
519 0.39702651
520 0.4014915
521 0.40354137
522 0.40903494
523 0.41633163
524 0.42106889
525 0.42423019
526 0.43108848
527 0.43474796
528 0.44063389
529 0.44759945
530 0.44910473
531 0.45212968
532 0.45439622
533 0.45752969
534 0.46112937
535 0.46460439
536 0.47057839
537 0.47503525
538 0.4781644
539 0.48586271
540 0.48949979
541 0.49624225
542 0.50212
543 0.50421657
544 0.51318206
545 0.5208124
546 0.52208812
547 0.52859647
548 0.53666279
549 0.53982995
550 0.55006899
551 0.55321842
552 0.5628141
553 0.57083148
554 0.58120617
555 0.5890005
556 0.59959317
557 0.61084881
558 0.62136359
559 0.62949297
560 0.64137258
561 0.64659625
562 0.65660097
563 0.66174651
564 0.6697854
565 0.68204731
566 0.68904701
567 0.70214004
568 0.71237794
569 0.72408935
570 0.73348816
571 0.74279893
572 0.74850446
573 0.76555302
574 0.77561944
575 0.7864418
576 0.79310123
577 0.80434037
578 0.8146467
579 0.82514757
580 0.83933178
581 0.8454341
582 0.85432956
583 0.86897581
584 0.88307097
585 0.89884029
586 0.90466571
587 0.9133665
588 0.91907209
589 0.92745714
590 0.9345887
591 0.94135357
592 0.94507347
593 0.95308634
594 0.95983478
595 0.96626245
596 0.97148315
597 0.97688025
598 0.98352823
599 0.98168885
600 0.98849408
601 0.99259839
602 0.99894495
603 0.99978104
604 1.0
605 0.99247878
606 0.99235016
607 0.98687217
608 0.98460625
609 0.97825892
610 0.97725766
611 0.97264208
612 0.96096096
613 0.96448831
614 0.9631929
615 0.9642388
616 0.96220764
617 0.95545194
618 0.95985366
619 0.95508138
620 0.94674962
621 0.93102053
622 0.91719009
623 0.91148508
624 0.90243419
625 0.89357352
626 0.87857004
627 0.87187541
628 0.8650264
629 0.84869386
630 0.8367106
631 0.81984647
632 0.80464124
633 0.79814823
634 0.79155741
635 0.77531584
636 0.76575269
637 0.75092203
638 0.73503612
639 0.72210987
640 0.70614731
641 0.69924096
642 0.6830133
643 0.66703438
644 0.65714172
645 0.64764982
646 0.63259017
647 0.62111406
648 0.6114374
649 0.599611
650 0.58203568
651 0.57020597
652 0.55882831
653 0.54263053
654 0.52808924
655 0.51289116
656 0.50798765
657 0.49209768
658 0.47685473
659 0.47074186
660 0.45430457
661 0.44514913
662 0.44020755
663 0.42168304
664 0.41200399
665 0.40606433
666 0.39050951
667 0.38427385
668 0.37093842
669 0.3631092
670 0.35752664
671 0.34648113
672 0.33381702
673 0.33045143
674 0.31445534
675 0.30460156
676 0.29775516
677 0.294124
678 0.28046553
679 0.27731726
680 0.26659985
681 0.25911628
682 0.25345022
683 0.24477082
684 0.24007885
685 0.22990997
686 0.22429585
687 0.21575024
688 0.21092748
689 0.20331839
690 0.20060881
691 0.18561271
692 0.19234149
693 0.17922769
694 0.17688812
695 0.17141403
696 0.16603503
697 0.1627827
698 0.15282403
699 0.15062545
700 0.14511862
701 0.14585381
702 0.13887955
703 0.13332365
704 0.13378105
705 0.12514838
706 0.12031165
707 0.12454229
708 0.11592651
709 0.10624926
710 0.10612058
711 0.10498256
712 0.10161001
713 0.09789134
714 0.09161015
715 0.09094203
716 0.0886064
717 0.08503332
718 0.08307408
719 0.08337693
720 0.07793993
721 0.08256961
722 0.07464439
723 0.07141549
724 0.070711
725 0.06727567
726 0.06593729
727 0.06226794
728 0.06031073
729 0.06344141
730 0.0552311
731 0.05309542
732 0.05027897
733 0.05213441
734 0.05025273
735 0.05339279
736 0.04759788
737 0.04191535
738 0.04704581
739 0.04162049
740 0.04376838
741 0.04030645
742 0.04261307
743 0.03579233
744 0.03225404
745 0.03190838
746 0.03157496
747 0.03130614
748 0.02777557
749 0.02846125
750 0.02716011
751 0.02384566
752 0.02914024
753 0.02131577
754 0.02424156
755 0.01919359
756 0.02004939
757 0.02313309
758 0.01670388
759 0.01608856
760 0.0165441
761 0.01801485
762 0.01838742
763 0.01709782
764 0.01890114
765 0.01147035
766 0.01152484
767 0.01277587
768 0.0184552
769 0.01408296
770 0.01342159
771 0.01565088
772 0.01340097
773 0.01155321
774 0.01586425
775 0.00911392
776 0.00516535
777 0.01150791
778 0.00889818
779 0.01012568
780 0.00900526
781 0.0099144
782 0.01323215
783 0.00650917
784 0.00843231
785 0.00441577
786 0.00593977
787 0.00253253
788 0.00493487
789 0.0046891
790 0.01086854
791 0.00758166
792 0.00425883
793 0.00503264
794 0.00165048
795 0.00387398
796 0.00016343
797 0.00107664
798 0.0
799 0.0
800 0.00328603
801 0.00072829
802 0.00600434
803 0.00490725
804 0.0
805 0.00309951
806 0.0
807 3.534e-05
808 0.00170436
809 0.0
810 0.00021015
811 0.0
812 0.0030383
813 0.0
814 0.0
815 0.0013057
816 0.00010792
817 0.00032953
818 0.00050255
819 0.0
820 8.907e-05
821 0.0
822 9.11e-05
823 0.0
824 0.00374884
825 0.0
826 0.0
827 0.00302641
828 0.0
829 5.209e-05
830 0.0
831 0.0
832 0.0
833 0.00012162
834 0.0
835 0.0
836 0.0
837 8.66e-06
838 0.0
839 8.873e-05
840 0.00376125
841 0.0
842 0.0
843 0.0
844 0.0
845 0.00109293
846 0.0
847 0.0
848 0.0
849 0.0
850 0.0
851 0.0
852 0.0
853 0.0
854 0.0
855 0.0
856 0.00038594
857 0.0
858 0.0
859 0.0
860 0.0
861 0.0
862 0.0
863 0.0
864 0.0
865 0.0
866 0.00144346
867 0.0
868 0.0
869 0.0
870 0.0
871 0.0
872 5.009e-05
873 0.0
874 0.0
875 0.0
876 0.00035082
877 0.0
878 0.0
879 0.0
880 0.0
881 0.00030899
882 0.0
883 0.0
884 0.0
885 0.00128097
886 0.0
887 0.0
888 0.0
889 0.00362829
890 0.0
891 0.0
892 0.0
893 0.0
894 0.0
895 0.002215
896 0.0
897 0.0
898 0.0
899 0.0
900 0.0
901 0.0
902 0.0
903 0.0
904 0.0
905 0.0
906 0.0
907 0.0
908 0.0
909 0.0
910 0.0
911 0.0
912 0.0
913 0.0
914 0.0
915 0.0
916 0.0
917 0.0
918 0.0
919 0.0
920 0.0
921 0.0
922 0.0
923 0.0
924 0.0
925 0.0
926 0.0
927 0.0
928 0.0
929 0.0
930 0.0
931 0.0
932 0.0
933 0.0
934 0.0
935 0.0
936 0.0
937 0.0
938 0.0
939 0.0
940 0.0
941 0.0
942 0.0
943 0.0
944 0.0
945 0.0
946 0.0
947 0.0
948 0.0
949 0.0
950 0.0
951 0.0
952 0.0
953 0.0
954 0.0
955 0.0
956 0.0
957 0.0
958 0.0
959 0.0
960 0.0
961 0.0
962 0.0
963 0.0
964 0.0
965 0.0
966 0.0
967 0.0
968 0.0
969 0.0
970 0.0
971 0.0
972 0.0
973 0.0
974 0.0
975 0.0
976 0.0
977 0.0
978 0.0
979 0.0
980 0.0
981 0.0
982 0.0
983 0.0
984 0.0
985 0.0
986 0.0
987 0.0
988 0.0
989 0.0
990 0.0
991 0.0
992 0.0
993 0.0
994 0.0
995 0.0
996 0.0
997 0.0
998 0.0
999 0.0
1000 0.0
1001 0.0
1002 0.0
1003 0.0
1004 0.0
1005 0.0
1006 0.0
1007 0.0
1008 0.0
1009 0.0
1010 0.0
1011 0.0
1012 0.0
1013 0.0
1014 0.0
1015 0.0
1016 0.0
1017 0.0
1018 0.0
1019 0.0
1020 0.0
1021 0.0
1022 0.0
1023 0.0
1024 0.0
1025 0.0
1026 0.0
1027 0.0
1028 0.0
1029 0.0
1030 0.0
1031 0.0
1032 0.0
1033 0.0
1034 0.0
1035 0.0
1036 0.0
1037 0.0
1038 0.0
1039 0.0
1040 0.0
1041 0.0
1042 0.0
1043 0.0
1044 0.0
1045 0.0
1046 0.0
1047 0.0
1048 0.0
1049 0.0
1050 0.0
1051 0.0
1052 0.0
1053 0.0
1054 0.0
1055 0.0
1056 0.0
1057 0.0
1058 0.0
1059 0.0
1060 0.0
1061 0.0
1062 0.0
1063 0.0
1064 0.0
1065 0.0
1066 0.0
1067 0.0
1068 0.0
1069 0.0
1070 0.0
1071 0.0
1072 0.0
1073 0.0
1074 0.0
1075 0.0
1076 0.0
1077 0.0
1078 0.0
1079 0.0
1080 0.0
1081 0.0
1082 0.0
1083 0.0
1084 0.0
1085 0.0
1086 0.0
1087 0.0
1088 0.0
1089 0.0
1090 0.0
1091 0.0
1092 0.0
1093 0.0
1094 0.0
1095 0.0
1096 0.0
1097 0.0
1098 0.0
1099 0.0
1100 0.0
