LED_2870K_LICA
380 0.0
381 0.00088716
382 0.0
383 0.0
384 0.00224199
385 0.0
386 0.00083914
387 0.0
388 0.0
389 0.0
390 0.0
391 0.0029302
392 0.0
393 0.0
394 0.0
395 0.0
396 0.0
397 0.0
398 0.0010626
399 0.0
400 0.0
401 0.0
402 0.0
403 0.00100823
404 0.00639805
405 0.00138793
406 0.0
407 4.528e-05
408 0.00086623
409 0.0016769
410 0.00230218
411 0.00161996
412 0.00069456
413 0.00198251
414 0.00599658
415 0.00463592
416 0.00725451
417 0.0113118
418 0.01232963
419 0.01551348
420 0.01534095
421 0.01897721
422 0.02291136
423 0.02844627
424 0.03160782
425 0.03668363
426 0.04205201
427 0.04985103
428 0.05651833
429 0.06592222
430 0.07147496
431 0.08502223
432 0.09136368
433 0.10246351
434 0.11430163
435 0.12386758
436 0.13837969
437 0.15334506
438 0.16596213
439 0.18363802
440 0.19739983
441 0.21739779
442 0.23301743
443 0.25204352
444 0.2744006
445 0.28849357
446 0.29802694
447 0.31524288
448 0.32065276
449 0.33537066
450 0.32610535
451 0.31895339
452 0.30828986
453 0.29742001
454 0.27391287
455 0.25775816
456 0.24145476
457 0.22499976
458 0.20721788
459 0.17956135
460 0.17009333
461 0.16213448
462 0.14397085
463 0.13449613
464 0.13057724
465 0.12539031
466 0.11772094
467 0.10820147
468 0.10863175
469 0.09987767
470 0.09350174
471 0.08887234
472 0.08543296
473 0.08040757
474 0.07331341
475 0.07235903
476 0.06802289
477 0.06513899
478 0.0610637
479 0.06224429
480 0.05970304
481 0.06081623
482 0.05882583
483 0.06102168
484 0.05916402
485 0.06055675
486 0.05987162
487 0.06029813
488 0.06077936
489 0.06493782
490 0.06485362
491 0.0664554
492 0.07058077
493 0.07118976
494 0.07694881
495 0.07826677
496 0.08487131
497 0.08876498
498 0.09460224
499 0.09858184
500 0.10846077
501 0.11688146
502 0.12173844
503 0.13037608
504 0.13590893
505 0.14325622
506 0.15165427
507 0.16177896
508 0.17028729
509 0.17680265
510 0.19132676
511 0.19773407
512 0.20997127
513 0.21833348
514 0.22903732
515 0.24060533
516 0.2486916
517 0.26062148
518 0.26903051
519 0.27736082
520 0.29217442
521 0.30006433
522 0.31080092
523 0.31957833
524 0.33228406
525 0.34804089
526 0.3542172
527 0.36630313
528 0.3803263
529 0.39615911
530 0.40874256
531 0.42153952
532 0.42752975
533 0.44058894
534 0.44759255
535 0.46129621
536 0.47810176
537 0.48798824
538 0.50405
539 0.51414416
540 0.52060001
541 0.5375184
542 0.55317988
543 0.56604475
544 0.5808611
545 0.59157505
546 0.60214307
547 0.61865175
548 0.62863804
549 0.6428327
550 0.6635844
551 0.68116185
552 0.69208967
553 0.7098381
554 0.72199315
555 0.74566253
556 0.75862002
557 0.77263187
558 0.78076667
559 0.78552109
560 0.79801999
561 0.81931122
562 0.83117867
563 0.84186175
564 0.85432207
565 0.86904066
566 0.88293898
567 0.90001137
568 0.90822695
569 0.90873287
570 0.92028699
571 0.91793576
572 0.92843586
573 0.93792773
574 0.94327501
575 0.95431087
576 0.96329888
577 0.96047003
578 0.96298161
579 0.96698864
580 0.97689827
581 0.98378955
582 0.98763041
583 0.99571222
584 0.99712656
585 0.99805796
586 0.99757074
587 0.9969031
588 1.0
589 0.99772526
590 0.9958628
591 0.99273897
592 0.99277464
593 0.98168923
594 0.97084407
595 0.97556214
596 0.97124864
597 0.96787168
598 0.95595656
599 0.9593805
600 0.96318826
601 0.95185314
602 0.94929028
603 0.95234397
604 0.92572912
605 0.90922644
606 0.89570593
607 0.88667539
608 0.88818165
609 0.86496108
610 0.85500377
611 0.852799
612 0.8328542
613 0.83119719
614 0.81313166
615 0.80421585
616 0.79532114
617 0.78706491
618 0.78129729
619 0.76460973
620 0.75173508
621 0.73744455
622 0.72942516
623 0.70839649
624 0.70010425
625 0.68976519
626 0.67221775
627 0.65590801
628 0.64334257
629 0.63404192
630 0.62268313
631 0.61082581
632 0.59456185
633 0.58940767
634 0.57987928
635 0.56352134
636 0.54665166
637 0.53430694
638 0.52779981
639 0.50819372
640 0.50227157
641 0.49290129
642 0.48551576
643 0.46823243
644 0.4603986
645 0.44694892
646 0.44388203
647 0.42811953
648 0.41781546
649 0.4162761
650 0.39294302
651 0.38556572
652 0.37612925
653 0.3613803
654 0.3596065
655 0.3553887
656 0.33804843
657 0.33130069
658 0.32760492
659 0.31380213
660 0.30683384
661 0.29877518
662 0.29607461
663 0.27994083
664 0.27365065
665 0.27374
666 0.25513064
667 0.25147878
668 0.23899051
669 0.23590665
670 0.23738684
671 0.22677647
672 0.22004022
673 0.22348801
674 0.20732009
675 0.20511944
676 0.19953548
677 0.19447151
678 0.18826708
679 0.18529108
680 0.17958211
681 0.17272272
682 0.16138195
683 0.15933187
684 0.15671224
685 0.1554303
686 0.14474516
687 0.14624404
688 0.1410451
689 0.13360915
690 0.13079059
691 0.12331828
692 0.1317057
693 0.119202
694 0.1151219
695 0.11650606
696 0.11334124
697 0.11183172
698 0.10508176
699 0.09981902
700 0.10139508
701 0.09887493
702 0.09463328
703 0.08821774
704 0.09435288
705 0.08696066
706 0.08063532
707 0.07784129
708 0.07931805
709 0.07675657
710 0.0732335
711 0.07267767
712 0.07041185
713 0.06358351
714 0.05997023
715 0.06233758
716 0.06116763
717 0.06368246
718 0.05438816
719 0.05898275
720 0.05627326
721 0.05259327
722 0.05677283
723 0.0488951
724 0.04862619
725 0.0458325
726 0.04250305
727 0.04029091
728 0.04493386
729 0.03937048
730 0.03830874
731 0.03911203
732 0.0383758
733 0.03883661
734 0.03930754
735 0.03517257
736 0.03223327
737 0.03090674
738 0.03112849
739 0.03127683
740 0.02949978
741 0.02915884
742 0.02858655
743 0.02559358
744 0.02762137
745 0.02880127
746 0.02144472
747 0.01646821
748 0.02352155
749 0.01876181
750 0.02078222
751 0.02012865
752 0.01782252
753 0.01900019
754 0.01666303
755 0.01923892
756 0.01505455
757 0.01345791
758 0.01445706
759 0.01955808
760 0.01079267
761 0.00561054
762 0.01483109
763 0.01392644
764 0.01421988
765 0.01155618
766 0.01244694
767 0.01372236
768 0.00874242
769 0.00583623
770 0.00989283
771 0.00951862
772 0.00665804
773 0.00555737
774 0.0129333
775 0.00956852
776 0.00408627
777 0.00602196
778 0.00970092
779 0.00298989
780 0.00348654
781 0.00950216
782 0.0091854
783 0.00886418
784 0.00498046
785 0.01205421
786 0.00529207
787 0.00904374
788 0.0
789 0.0
790 0.00607015
791 0.00850627
792 0.00490637
793 0.00019636
794 0.0
795 0.00604288
796 0.00379112
797 0.0
798 0.0011149
799 0.00116224
800 0.0023869
801 0.0
802 0.0
803 0.00265461
804 0.0
805 0.0
806 0.00421403
807 0.0
808 0.0
809 0.00944951
810 0.0001161
811 0.0
812 0.0
813 0.00137884
814 0.00067947
815 0.00369988
816 0.0
817 0.00082302
818 0.0
819 0.0
820 0.0
821 0.0
822 0.0002046
823 0.0
824 0.0
825 0.0
826 0.0
827 0.0
828 0.0
829 0.0
830 0.0
831 0.0
832 0.0
833 0.0
834 0.0
835 0.0
836 0.0
837 0.0
838 0.0
839 0.0
840 0.0
841 0.0
842 0.0
843 0.00477586
844 0.0
845 0.0
846 0.0
847 0.0
848 0.0
849 0.0
850 0.0
851 0.0
852 0.0
853 0.01034369
854 0.0
855 0.0
856 0.0
857 0.0
858 0.00390448
859 0.0
860 0.0
861 0.0
862 0.0
863 0.0
864 0.0
865 0.0
866 0.0
867 0.00127971
868 0.0
869 0.0
870 0.0
871 0.0
872 0.0
873 0.0
874 0.0
875 0.0
876 0.0
877 0.0
878 0.0
879 0.0
880 0.0
881 0.0
882 0.0
883 0.00346493
884 0.0096896
885 0.0
886 0.0
887 0.0
888 0.00550455
889 0.0
890 0.0
891 0.0
892 0.00677861
893 0.0
894 0.0
895 0.0
896 0.0
897 0.0
898 0.0
899 0.0
900 0.0
901 0.0
902 0.0
903 0.0
904 0.0
905 0.0
906 0.0
907 0.0
908 0.0
909 0.0
910 0.0
911 0.0
912 0.0
913 0.0
914 0.0
915 0.0
916 0.0
917 0.0
918 0.0
919 0.0
920 0.0
921 0.0
922 0.0
923 0.0
924 0.0
925 0.0
926 0.0
927 0.0
928 0.0
929 0.0
930 0.0
931 0.0
932 0.0
933 0.0
934 0.0
935 0.0
936 0.0
937 0.0
938 0.0
939 0.0
940 0.0
941 0.0
942 0.0
943 0.0
944 0.0
945 0.0
946 0.0
947 0.0
948 0.0
949 0.0
950 0.0
951 0.0
952 0.0
953 0.0
954 0.0
955 0.0
956 0.0
957 0.0
958 0.0
959 0.0
960 0.0
961 0.0
962 0.0
963 0.0
964 0.0
965 0.0
966 0.0
967 0.0
968 0.0
969 0.0
970 0.0
971 0.0
972 0.0
973 0.0
974 0.0
975 0.0
976 0.0
977 0.0
978 0.0
979 0.0
980 0.0
981 0.0
982 0.0
983 0.0
984 0.0
985 0.0
986 0.0
987 0.0
988 0.0
989 0.0
990 0.0
991 0.0
992 0.0
993 0.0
994 0.0
995 0.0
996 0.0
997 0.0
998 0.0
999 0.0
1000 0.0
1001 0.0
1002 0.0
1003 0.0
1004 0.0
1005 0.0
1006 0.0
1007 0.0
1008 0.0
1009 0.0
1010 0.0
1011 0.0
1012 0.0
1013 0.0
1014 0.0
1015 0.0
1016 0.0
1017 0.0
1018 0.0
1019 0.0
1020 0.0
1021 0.0
1022 0.0
1023 0.0
1024 0.0
1025 0.0
1026 0.0
1027 0.0
1028 0.0
1029 0.0
1030 0.0
1031 0.0
1032 0.0
1033 0.0
1034 0.0
1035 0.0
1036 0.0
1037 0.0
1038 0.0
1039 0.0
1040 0.0
1041 0.0
1042 0.0
1043 0.0
1044 0.0
1045 0.0
1046 0.0
1047 0.0
1048 0.0
1049 0.0
1050 0.0
1051 0.0
1052 0.0
1053 0.0
1054 0.0
1055 0.0
1056 0.0
1057 0.0
1058 0.0
1059 0.0
1060 0.0
1061 0.0
1062 0.0
1063 0.0
1064 0.0
1065 0.0
1066 0.0
1067 0.0
1068 0.0
1069 0.0
1070 0.0
1071 0.0
1072 0.0
1073 0.0
1074 0.0
1075 0.0
1076 0.0
1077 0.0
1078 0.0
1079 0.0
1080 0.0
1081 0.0
1082 0.0
1083 0.0
1084 0.0
1085 0.0
1086 0.0
1087 0.0
1088 0.0
1089 0.0
1090 0.0
1091 0.0
1092 0.0
1093 0.0
1094 0.0
1095 0.0
1096 0.0
1097 0.0
1098 0.0
1099 0.0
1100 0.0
