LED_2877K_LICA_Prilux_3000K
380 3.2e-07
381 0.0
382 0.00090431
383 0.00066804
384 0.00145211
385 2.09e-06
386 0.00098562
387 3.158e-05
388 0.00274187
389 0.00191261
390 0.00022302
391 0.00149895
392 0.0
393 0.00090597
394 0.0
395 0.00078628
396 4.195e-05
397 0.00039023
398 0.00060107
399 0.00070555
400 0.0
401 0.00089755
402 0.00033158
403 0.00039958
404 0.0
405 0.00383539
406 0.00033648
407 6.453e-05
408 6.327e-05
409 0.00075651
410 0.00286978
411 0.00426029
412 0.00559802
413 0.00670406
414 0.00569406
415 0.00774864
416 0.00865771
417 0.01217033
418 0.01244019
419 0.01308844
420 0.0209609
421 0.02367691
422 0.02261536
423 0.03388128
424 0.03219731
425 0.03870918
426 0.04597971
427 0.04968171
428 0.05752579
429 0.06738204
430 0.07905427
431 0.08629858
432 0.09489796
433 0.11237751
434 0.12902369
435 0.14098918
436 0.16301445
437 0.1797542
438 0.20543389
439 0.23927917
440 0.2691133
441 0.29250394
442 0.31880284
443 0.36169978
444 0.38184791
445 0.40731042
446 0.43296623
447 0.4450319
448 0.45310734
449 0.46085071
450 0.44681109
451 0.44235579
452 0.41617191
453 0.39203072
454 0.36694784
455 0.35011659
456 0.32212226
457 0.30713899
458 0.29136229
459 0.27767935
460 0.26579853
461 0.2662999
462 0.25812865
463 0.2388401
464 0.23295598
465 0.22743206
466 0.2126779
467 0.20268979
468 0.19331812
469 0.18247439
470 0.17761456
471 0.17128478
472 0.16720303
473 0.15874387
474 0.1488318
475 0.15104355
476 0.14835449
477 0.14707768
478 0.14444483
479 0.14845718
480 0.14900218
481 0.15241073
482 0.15446558
483 0.15734046
484 0.16287436
485 0.16685522
486 0.16997688
487 0.17365538
488 0.18181216
489 0.18242638
490 0.19157892
491 0.20007093
492 0.20718157
493 0.22031968
494 0.22465732
495 0.23457683
496 0.24414095
497 0.25152167
498 0.26240382
499 0.27132336
500 0.27784639
501 0.29308917
502 0.30043331
503 0.31132401
504 0.31778374
505 0.33011248
506 0.33513397
507 0.34889908
508 0.35501349
509 0.36428356
510 0.36866915
511 0.38388543
512 0.3929431
513 0.39319483
514 0.41155708
515 0.41906639
516 0.42285852
517 0.42690461
518 0.43881125
519 0.43842427
520 0.44479316
521 0.44897484
522 0.45321416
523 0.45987859
524 0.47180153
525 0.4722738
526 0.48096505
527 0.48651306
528 0.48416313
529 0.49301086
530 0.49657445
531 0.50169345
532 0.49812943
533 0.50294407
534 0.50848362
535 0.51093901
536 0.51529673
537 0.52265074
538 0.52610775
539 0.5252972
540 0.52911409
541 0.54077516
542 0.54540165
543 0.55432696
544 0.54758725
545 0.55245137
546 0.55629944
547 0.56314971
548 0.56625033
549 0.56804553
550 0.57817118
551 0.58278658
552 0.58562636
553 0.59475159
554 0.59957079
555 0.6137329
556 0.61590787
557 0.62768867
558 0.63828383
559 0.64400357
560 0.64449229
561 0.65334251
562 0.65897222
563 0.66681008
564 0.66951281
565 0.67952072
566 0.69290554
567 0.69400462
568 0.70213092
569 0.71585968
570 0.70676369
571 0.72824425
572 0.73685582
573 0.74593349
574 0.7578288
575 0.75974806
576 0.77544933
577 0.79095513
578 0.79311383
579 0.79965738
580 0.80840534
581 0.82482377
582 0.83733604
583 0.84417548
584 0.87078164
585 0.87864139
586 0.88576343
587 0.90109687
588 0.899247
589 0.90406138
590 0.91701932
591 0.92538229
592 0.92691928
593 0.94430612
594 0.94225354
595 0.95804539
596 0.95447753
597 0.95642511
598 0.9743423
599 0.97881798
600 0.98832626
601 0.98995616
602 1.0
603 0.99846156
604 0.99878846
605 0.99313648
606 0.98246569
607 0.98257692
608 0.97817728
609 0.98227634
610 0.98391992
611 0.97775249
612 0.97372495
613 0.96963449
614 0.96890496
615 0.97805552
616 0.96813284
617 0.97509826
618 0.97293367
619 0.96252076
620 0.95521839
621 0.94337591
622 0.93302024
623 0.9301062
624 0.91175229
625 0.8969289
626 0.89125141
627 0.88733905
628 0.868435
629 0.85536875
630 0.84812004
631 0.83893361
632 0.81850039
633 0.81185954
634 0.79476924
635 0.79372591
636 0.77787328
637 0.75991119
638 0.75146014
639 0.73241047
640 0.71340682
641 0.70750778
642 0.69406194
643 0.68695615
644 0.66981011
645 0.66390851
646 0.64814321
647 0.63003519
648 0.61319737
649 0.60661036
650 0.59350943
651 0.58109435
652 0.56958336
653 0.55163987
654 0.54116001
655 0.52745267
656 0.51943727
657 0.50213779
658 0.4979368
659 0.48567989
660 0.46510252
661 0.46622697
662 0.44501132
663 0.43213007
664 0.4219735
665 0.41120483
666 0.40309109
667 0.39112316
668 0.3793765
669 0.3702297
670 0.35780412
671 0.35128962
672 0.34678982
673 0.33940095
674 0.32333843
675 0.30606874
676 0.30685488
677 0.298427
678 0.29153062
679 0.27818174
680 0.27333104
681 0.26668939
682 0.25669047
683 0.24717534
684 0.24014816
685 0.23521156
686 0.22651074
687 0.22725327
688 0.21117506
689 0.20989228
690 0.20126384
691 0.19501755
692 0.19040224
693 0.18787663
694 0.18413092
695 0.17701302
696 0.1745309
697 0.16345248
698 0.15719992
699 0.15743208
700 0.15780449
701 0.15086737
702 0.14037724
703 0.13838323
704 0.1342974
705 0.12651306
706 0.1210995
707 0.12361994
708 0.12162863
709 0.10793476
710 0.11262939
711 0.10682492
712 0.10122798
713 0.09895012
714 0.09507694
715 0.09295244
716 0.08625296
717 0.08747666
718 0.08722782
719 0.07736726
720 0.08225192
721 0.08042135
722 0.07664356
723 0.06626626
724 0.0696238
725 0.06325327
726 0.06291928
727 0.06219833
728 0.05969418
729 0.06434096
730 0.05976986
731 0.05489886
732 0.05242382
733 0.05696126
734 0.04894214
735 0.05038572
736 0.04659994
737 0.04354874
738 0.03678996
739 0.04401074
740 0.04393464
741 0.04489344
742 0.03931321
743 0.03367891
744 0.03659254
745 0.03415888
746 0.03080281
747 0.02900308
748 0.03159989
749 0.03079058
750 0.02549552
751 0.0291803
752 0.02732585
753 0.02590056
754 0.02426535
755 0.02655056
756 0.02189563
757 0.02540133
758 0.02123022
759 0.0196531
760 0.01849796
761 0.02016106
762 0.02296944
763 0.01899573
764 0.0161807
765 0.01939182
766 0.02225395
767 0.01923375
768 0.01781491
769 0.01723064
770 0.01453359
771 0.01182812
772 0.0171296
773 0.01268481
774 0.01152057
775 0.00721899
776 0.01575478
777 0.00938463
778 0.01524706
779 0.01175455
780 0.00765572
781 0.01198767
782 0.00451988
783 0.00083863
784 0.00688136
785 0.00801188
786 0.00657225
787 0.00314798
788 0.00183263
789 0.00248347
790 0.00088864
791 0.00472634
792 0.00584815
793 0.00305361
794 0.00590663
795 0.00755126
796 0.0010624
797 0.00632985
798 0.00197979
799 0.01098973
800 0.01128429
801 0.00591467
802 0.0164956
803 0.00965282
804 0.00102231
805 0.00012649
806 0.0
807 3.36e-05
808 0.00177723
809 0.01065667
810 0.00236822
811 0.00163389
812 0.00369868
813 4.564e-05
814 0.00380971
815 0.00088765
816 0.00278962
817 0.00117175
818 8.11e-06
819 0.00178997
820 0.00505272
821 0.00477542
822 0.00513109
823 0.00693424
824 1.76e-06
825 0.00091971
826 2.939e-05
827 0.00320825
828 0.00078876
829 0.00163507
830 0.0061434
831 0.00206643
832 0.0
833 0.0
834 0.00059178
835 0.00104162
836 0.00635132
837 2.381e-05
838 0.00256621
839 0.0036281
840 0.0
841 0.00140813
842 0.00218495
843 0.00052767
844 0.01166981
845 0.00203926
846 0.00408104
847 0.00952581
848 0.00401982
849 0.00179369
850 0.0
851 0.0031915
852 0.00433034
853 0.0
854 0.00728026
855 0.01005183
856 0.0
857 0.0
858 1.144e-05
859 0.00186059
860 0.0
861 0.0
862 0.0
863 0.0
864 0.00536895
865 0.00310477
866 0.0055718
867 0.0025984
868 0.00196248
869 0.0
870 0.0
871 0.0
872 0.0
873 0.0
874 0.00088684
875 0.00074729
876 0.0
877 0.0
878 0.00388601
879 1.342e-05
880 0.00181537
881 0.0
882 0.0
883 0.00560067
884 0.01266139
885 0.0
886 6.725e-05
887 0.00749619
888 0.0
889 0.0
890 0.0168539
891 0.0
892 0.00053219
893 0.00163778
894 0.0
895 0.0
896 0.0
897 0.0
898 0.02611982
899 0.0
900 0.02517692
901 0.0
902 0.0
903 0.0
904 0.0
905 0.0
906 0.0
907 0.0
908 0.0
909 0.0
910 0.0
911 0.0
912 0.0
913 0.0
914 0.0
915 0.0
916 0.0
917 0.0
918 0.0
919 0.0
920 0.0
921 0.0
922 0.0
923 0.0
924 0.0
925 0.0
926 0.0
927 0.0
928 0.0
929 0.0
930 0.0
931 0.0
932 0.0
933 0.0
934 0.0
935 0.0
936 0.0
937 0.0
938 0.0
939 0.0
940 0.0
941 0.0
942 0.0
943 0.0
944 0.0
945 0.0
946 0.0
947 0.0
948 0.0
949 0.0
950 0.0
951 0.0
952 0.0
953 0.0
954 0.0
955 0.0
956 0.0
957 0.0
958 0.0
959 0.0
960 0.0
961 0.0
962 0.0
963 0.0
964 0.0
965 0.0
966 0.0
967 0.0
968 0.0
969 0.0
970 0.0
971 0.0
972 0.0
973 0.0
974 0.0
975 0.0
976 0.0
977 0.0
978 0.0
979 0.0
980 0.0
981 0.0
982 0.0
983 0.0
984 0.0
985 0.0
986 0.0
987 0.0
988 0.0
989 0.0
990 0.0
991 0.0
992 0.0
993 0.0
994 0.0
995 0.0
996 0.0
997 0.0
998 0.0
999 0.0
1000 0.0
1001 0.0
1002 0.0
1003 0.0
1004 0.0
1005 0.0
1006 0.0
1007 0.0
1008 0.0
1009 0.0
1010 0.0
1011 0.0
1012 0.0
1013 0.0
1014 0.0
1015 0.0
1016 0.0
1017 0.0
1018 0.0
1019 0.0
1020 0.0
1021 0.0
1022 0.0
1023 0.0
1024 0.0
1025 0.0
1026 0.0
1027 0.0
1028 0.0
1029 0.0
1030 0.0
1031 0.0
1032 0.0
1033 0.0
1034 0.0
1035 0.0
1036 0.0
1037 0.0
1038 0.0
1039 0.0
1040 0.0
1041 0.0
1042 0.0
1043 0.0
1044 0.0
1045 0.0
1046 0.0
1047 0.0
1048 0.0
1049 0.0
1050 0.0
1051 0.0
1052 0.0
1053 0.0
1054 0.0
1055 0.0
1056 0.0
1057 0.0
1058 0.0
1059 0.0
1060 0.0
1061 0.0
1062 0.0
1063 0.0
1064 0.0
1065 0.0
1066 0.0
1067 0.0
1068 0.0
1069 0.0
1070 0.0
1071 0.0
1072 0.0
1073 0.0
1074 0.0
1075 0.0
1076 0.0
1077 0.0
1078 0.0
1079 0.0
1080 0.0
1081 0.0
1082 0.0
1083 0.0
1084 0.0
1085 0.0
1086 0.0
1087 0.0
1088 0.0
1089 0.0
1090 0.0
1091 0.0
1092 0.0
1093 0.0
1094 0.0
1095 0.0
1096 0.0
1097 0.0
1098 0.0
1099 0.0
1100 0.0
