LED_2958K_Toledo_Philips
380 0.00681543
381 0.00017963
382 0.0004233
383 0.0
384 0.00198489
385 0.00038069
386 0.00179975
387 0.00155384
388 0.00040905
389 0.00186376
390 0.0013879
391 0.0
392 0.00205082
393 1.461e-05
394 0.00286264
395 0.00291835
396 0.00169049
397 0.00218337
398 0.0
399 0.0
400 9.253e-05
401 0.00011688
402 0.00096128
403 7.077e-05
404 0.00272122
405 0.00085641
406 0.00045549
407 0.00434302
408 0.00305982
409 0.00516817
410 0.00618198
411 0.00848123
412 0.01104411
413 0.01033938
414 0.01435357
415 0.01634092
416 0.02057412
417 0.02362914
418 0.02857602
419 0.03437255
420 0.04343692
421 0.05189924
422 0.06209719
423 0.07409064
424 0.08724439
425 0.10342227
426 0.12225277
427 0.14194519
428 0.15910493
429 0.18558487
430 0.20863523
431 0.23287145
432 0.24670769
433 0.28215898
434 0.29997953
435 0.31944626
436 0.33488778
437 0.34224209
438 0.35939575
439 0.3779725
440 0.38042582
441 0.3979472
442 0.40809252
443 0.4352043
444 0.46087943
445 0.4931527
446 0.53210201
447 0.56150616
448 0.59266061
449 0.65634505
450 0.66624896
451 0.68427433
452 0.69528726
453 0.69238066
454 0.68159151
455 0.64225168
456 0.60655536
457 0.56220122
458 0.50491384
459 0.47622091
460 0.41787008
461 0.38320167
462 0.34763135
463 0.30479519
464 0.28595774
465 0.26955384
466 0.2521803
467 0.23754819
468 0.22818065
469 0.21426621
470 0.20204585
471 0.19307256
472 0.18581371
473 0.17455643
474 0.16074099
475 0.15024314
476 0.14124617
477 0.13233647
478 0.12717388
479 0.12107098
480 0.11489443
481 0.11358681
482 0.10698973
483 0.11118744
484 0.10755877
485 0.11080712
486 0.11231516
487 0.11054798
488 0.1100494
489 0.10830754
490 0.11386329
491 0.11686938
492 0.12005449
493 0.12406752
494 0.12956468
495 0.13343851
496 0.13778293
497 0.14862089
498 0.15850357
499 0.16744908
500 0.17268635
501 0.18322486
502 0.19144688
503 0.20389283
504 0.21427427
505 0.22500443
506 0.2371824
507 0.24468903
508 0.25780351
509 0.26785462
510 0.27961623
511 0.28846924
512 0.30239107
513 0.31009579
514 0.32797222
515 0.3325765
516 0.34156221
517 0.35275886
518 0.36408131
519 0.36460974
520 0.3776465
521 0.39116494
522 0.3992422
523 0.40532512
524 0.41726876
525 0.42479086
526 0.43259548
527 0.43961913
528 0.45066108
529 0.45626212
530 0.46449681
531 0.46599544
532 0.47599583
533 0.47975342
534 0.48921958
535 0.49875916
536 0.49925259
537 0.50500053
538 0.51706419
539 0.52684807
540 0.53195411
541 0.54567679
542 0.54864098
543 0.55311524
544 0.56086793
545 0.56718178
546 0.57948586
547 0.59017056
548 0.60044018
549 0.60537282
550 0.60891416
551 0.62219215
552 0.63417088
553 0.64096447
554 0.65265482
555 0.66114457
556 0.68027416
557 0.69089196
558 0.68822093
559 0.7021433
560 0.71989771
561 0.73562594
562 0.73562755
563 0.75624385
564 0.75967896
565 0.77482902
566 0.78532068
567 0.79631932
568 0.80777891
569 0.8132251
570 0.81713711
571 0.83195416
572 0.832416
573 0.85799928
574 0.85412415
575 0.86918115
576 0.88315854
577 0.88785176
578 0.89738432
579 0.90528793
580 0.91407158
581 0.9200062
582 0.9318206
583 0.93577806
584 0.94431918
585 0.95773049
586 0.96774326
587 0.97333778
588 0.97379525
589 0.97646526
590 0.97452481
591 0.98095803
592 0.977064
593 0.98515814
594 0.98847325
595 0.98182041
596 0.995764
597 0.98844123
598 1.0
599 0.99658727
600 0.99502247
601 0.98690184
602 0.98928512
603 0.98821449
604 0.98751737
605 0.98145371
606 0.97841584
607 0.97412715
608 0.96506808
609 0.94379151
610 0.94501585
611 0.94679043
612 0.93802958
613 0.92103917
614 0.92806245
615 0.91742334
616 0.90487512
617 0.90113902
618 0.9041926
619 0.89291943
620 0.88563229
621 0.87167765
622 0.85913983
623 0.858405
624 0.84223661
625 0.82983471
626 0.83077494
627 0.8088987
628 0.79621429
629 0.78186347
630 0.77379541
631 0.7609518
632 0.74805416
633 0.73258876
634 0.72229239
635 0.72289444
636 0.70322243
637 0.68569336
638 0.68289254
639 0.66068974
640 0.65536782
641 0.64112893
642 0.62172434
643 0.61717436
644 0.61000782
645 0.59320682
646 0.58064233
647 0.57124305
648 0.55798447
649 0.55632007
650 0.53503274
651 0.52673104
652 0.51209454
653 0.50970666
654 0.49865911
655 0.48383592
656 0.47256366
657 0.4574829
658 0.44775335
659 0.44099884
660 0.43376468
661 0.42358189
662 0.41076285
663 0.39836409
664 0.3852073
665 0.37902108
666 0.37707115
667 0.37057183
668 0.35380477
669 0.34752499
670 0.34145959
671 0.33380708
672 0.3221814
673 0.31445332
674 0.30811441
675 0.29682497
676 0.29271332
677 0.27961213
678 0.28654506
679 0.26921674
680 0.26721628
681 0.25750893
682 0.24574567
683 0.24602032
684 0.24178802
685 0.23453906
686 0.22346803
687 0.22250281
688 0.20938933
689 0.2065356
690 0.19889266
691 0.19932417
692 0.19931951
693 0.19100873
694 0.18293445
695 0.17846944
696 0.16895133
697 0.16705311
698 0.16453811
699 0.16241192
700 0.15625618
701 0.15241991
702 0.14794044
703 0.14495247
704 0.13864672
705 0.13691871
706 0.13766638
707 0.13083682
708 0.12344781
709 0.12300431
710 0.12133606
711 0.11902244
712 0.10719805
713 0.11667399
714 0.09989962
715 0.1015551
716 0.09950622
717 0.0934401
718 0.0961297
719 0.0934081
720 0.0920801
721 0.09077281
722 0.08904113
723 0.08558426
724 0.07858087
725 0.07909492
726 0.07325803
727 0.07552242
728 0.07268099
729 0.07229293
730 0.06306288
731 0.06927103
732 0.06771241
733 0.06282869
734 0.06167532
735 0.05125545
736 0.05725824
737 0.05738884
738 0.05081179
739 0.04872862
740 0.05211306
741 0.04596457
742 0.04370988
743 0.04195834
744 0.04463643
745 0.04127857
746 0.03880228
747 0.03361041
748 0.04284033
749 0.04613776
750 0.0303133
751 0.03274577
752 0.03369631
753 0.03538721
754 0.03621167
755 0.03056661
756 0.03144493
757 0.02403022
758 0.03648662
759 0.02864552
760 0.02730149
761 0.02743925
762 0.02060682
763 0.01945001
764 0.02647361
765 0.03138019
766 0.0208481
767 0.02421304
768 0.02365844
769 0.02375425
770 0.01702537
771 0.02009162
772 0.01989154
773 0.02059623
774 0.02319518
775 0.01170191
776 0.02229516
777 0.01604963
778 0.01552778
779 0.01188781
780 0.01412409
781 0.01663973
782 0.01090804
783 0.01218995
784 0.00723988
785 0.01948225
786 0.01656183
787 0.00769488
788 0.01374208
789 0.00350974
790 0.00576912
791 0.00700573
792 0.01078565
793 0.0
794 0.00926015
795 0.00523482
796 0.01176803
797 0.01244998
798 0.00151298
799 0.00788729
800 0.01423825
801 0.01028642
802 0.0147072
803 0.01711413
804 0.01578362
805 0.00584107
806 0.01084779
807 0.00939695
808 0.01225524
809 0.00839462
810 0.00241061
811 0.00274887
812 0.01200231
813 0.00015291
814 0.00142974
815 0.00459236
816 0.01408871
817 0.01092977
818 0.01738921
819 0.00140616
820 0.00016167
821 0.00536951
822 0.01204365
823 0.00139105
824 2.785e-05
825 0.00969795
826 0.0
827 0.00439577
828 4.967e-05
829 0.00187767
830 0.00101461
831 0.0084165
832 0.0076685
833 0.00741778
834 0.00801751
835 1.42e-06
836 0.00365636
837 0.0
838 0.0069384
839 8.733e-05
840 0.00634926
841 0.00224469
842 0.00037052
843 0.00444823
844 0.00128657
845 0.00048129
846 0.00612108
847 0.00190554
848 0.00128888
849 1.697e-05
850 0.01655319
851 0.00778442
852 0.00841671
853 0.0
854 0.01053337
855 0.00062707
856 0.00028031
857 0.00165649
858 0.0018688
859 0.01573404
860 0.0
861 0.00230724
862 0.0
863 0.00087271
864 0.01123845
865 0.00028544
866 0.00338235
867 0.00369431
868 0.0
869 1.324e-05
870 0.00062445
871 0.00636902
872 0.00168926
873 0.0
874 0.0
875 0.00830913
876 0.0
877 0.00079218
878 0.01296054
879 0.0
880 0.00270918
881 0.0
882 0.0
883 0.02500149
884 9.109e-05
885 0.0
886 0.0
887 0.00019266
888 0.00734818
889 0.01368339
890 0.01056916
891 0.00439605
892 0.0
893 0.0
894 9.386e-05
895 0.0089953
896 0.0
897 0.00761866
898 0.00047147
899 0.00588564
900 0.00182877
901 0.0
902 0.0
903 0.0
904 0.0
905 0.0
906 0.0
907 0.0
908 0.0
909 0.0
910 0.0
911 0.0
912 0.0
913 0.0
914 0.0
915 0.0
916 0.0
917 0.0
918 0.0
919 0.0
920 0.0
921 0.0
922 0.0
923 0.0
924 0.0
925 0.0
926 0.0
927 0.0
928 0.0
929 0.0
930 0.0
931 0.0
932 0.0
933 0.0
934 0.0
935 0.0
936 0.0
937 0.0
938 0.0
939 0.0
940 0.0
941 0.0
942 0.0
943 0.0
944 0.0
945 0.0
946 0.0
947 0.0
948 0.0
949 0.0
950 0.0
951 0.0
952 0.0
953 0.0
954 0.0
955 0.0
956 0.0
957 0.0
958 0.0
959 0.0
960 0.0
961 0.0
962 0.0
963 0.0
964 0.0
965 0.0
966 0.0
967 0.0
968 0.0
969 0.0
970 0.0
971 0.0
972 0.0
973 0.0
974 0.0
975 0.0
976 0.0
977 0.0
978 0.0
979 0.0
980 0.0
981 0.0
982 0.0
983 0.0
984 0.0
985 0.0
986 0.0
987 0.0
988 0.0
989 0.0
990 0.0
991 0.0
992 0.0
993 0.0
994 0.0
995 0.0
996 0.0
997 0.0
998 0.0
999 0.0
1000 0.0
1001 0.0
1002 0.0
1003 0.0
1004 0.0
1005 0.0
1006 0.0
1007 0.0
1008 0.0
1009 0.0
1010 0.0
1011 0.0
1012 0.0
1013 0.0
1014 0.0
1015 0.0
1016 0.0
1017 0.0
1018 0.0
1019 0.0
1020 0.0
1021 0.0
1022 0.0
1023 0.0
1024 0.0
1025 0.0
1026 0.0
1027 0.0
1028 0.0
1029 0.0
1030 0.0
1031 0.0
1032 0.0
1033 0.0
1034 0.0
1035 0.0
1036 0.0
1037 0.0
1038 0.0
1039 0.0
1040 0.0
1041 0.0
1042 0.0
1043 0.0
1044 0.0
1045 0.0
1046 0.0
1047 0.0
1048 0.0
1049 0.0
1050 0.0
1051 0.0
1052 0.0
1053 0.0
1054 0.0
1055 0.0
1056 0.0
1057 0.0
1058 0.0
1059 0.0
1060 0.0
1061 0.0
1062 0.0
1063 0.0
1064 0.0
1065 0.0
1066 0.0
1067 0.0
1068 0.0
1069 0.0
1070 0.0
1071 0.0
1072 0.0
1073 0.0
1074 0.0
1075 0.0
1076 0.0
1077 0.0
1078 0.0
1079 0.0
1080 0.0
1081 0.0
1082 0.0
1083 0.0
1084 0.0
1085 0.0
1086 0.0
1087 0.0
1088 0.0
1089 0.0
1090 0.0
1091 0.0
1092 0.0
1093 0.0
1094 0.0
1095 0.0
1096 0.0
1097 0.0
1098 0.0
1099 0.0
1100 0.0
