LED_2961K_Madrid_Trav_Andres_Mellado_Philips
380 0.00158429
381 0.0
382 0.0
383 0.0
384 0.00885482
385 0.00174363
386 0.0
387 6.082e-05
388 0.00388223
389 0.0006624
390 0.0
391 0.00043429
392 0.00104338
393 0.0
394 0.00227511
395 0.00333838
396 0.0
397 0.00408737
398 0.0
399 0.0
400 0.00121377
401 0.00262782
402 0.00690089
403 0.0
404 0.00817533
405 0.00155204
406 0.00350803
407 0.01014148
408 0.01032247
409 0.01404742
410 0.00953769
411 0.01136247
412 0.01103053
413 0.01465843
414 0.0173372
415 0.02291152
416 0.03095387
417 0.0327243
418 0.03416648
419 0.04759671
420 0.05516752
421 0.06136345
422 0.087807
423 0.08739156
424 0.10199889
425 0.11481148
426 0.13337998
427 0.16098678
428 0.16904018
429 0.19883963
430 0.22354588
431 0.24246251
432 0.25798451
433 0.28931936
434 0.30777578
435 0.33726377
436 0.35950361
437 0.38089107
438 0.40275067
439 0.43542431
440 0.46292126
441 0.49054868
442 0.51897208
443 0.55522164
444 0.57785306
445 0.61824271
446 0.64806307
447 0.67464373
448 0.70391405
449 0.72678213
450 0.71572038
451 0.72100797
452 0.7016547
453 0.66203775
454 0.62108141
455 0.58724157
456 0.53919967
457 0.48162229
458 0.44370052
459 0.39383738
460 0.35724499
461 0.32393383
462 0.3000424
463 0.27518093
464 0.25366564
465 0.24337925
466 0.22285844
467 0.21720372
468 0.20971582
469 0.18989071
470 0.17850011
471 0.16775381
472 0.15487642
473 0.14818243
474 0.14021622
475 0.12766443
476 0.12431486
477 0.1230578
478 0.11706613
479 0.11054018
480 0.10672863
481 0.1056019
482 0.10298454
483 0.10547687
484 0.1073071
485 0.10380835
486 0.11071528
487 0.10840305
488 0.1091628
489 0.11160638
490 0.11516271
491 0.12008302
492 0.1250266
493 0.13065997
494 0.13526705
495 0.14425617
496 0.14981959
497 0.15462695
498 0.16529299
499 0.17448122
500 0.18179505
501 0.19330743
502 0.20425785
503 0.21327539
504 0.22093913
505 0.23306222
506 0.241181
507 0.25467426
508 0.26399062
509 0.27813244
510 0.28919728
511 0.29515625
512 0.30736535
513 0.31774497
514 0.32840792
515 0.33909988
516 0.35263718
517 0.36036659
518 0.3727826
519 0.37701502
520 0.38634802
521 0.39362223
522 0.40696145
523 0.41632728
524 0.42710495
525 0.4329632
526 0.44202036
527 0.45032676
528 0.45934755
529 0.46904723
530 0.47527291
531 0.47932347
532 0.49056208
533 0.49677907
534 0.50012937
535 0.50648995
536 0.51374796
537 0.52369137
538 0.52807563
539 0.5425351
540 0.54393619
541 0.55301559
542 0.56193653
543 0.56882093
544 0.57770579
545 0.58356153
546 0.59457145
547 0.59431903
548 0.60898571
549 0.61630115
550 0.62526583
551 0.62831292
552 0.62892628
553 0.65147611
554 0.6615531
555 0.67098255
556 0.67873154
557 0.68152342
558 0.70171581
559 0.70416529
560 0.71400385
561 0.72956296
562 0.73125725
563 0.74354426
564 0.75966047
565 0.76596199
566 0.77921668
567 0.791266
568 0.79415934
569 0.80516571
570 0.81283077
571 0.81998835
572 0.82504031
573 0.83486355
574 0.8418073
575 0.85156
576 0.86548652
577 0.86752851
578 0.87934146
579 0.88184602
580 0.88875736
581 0.90205682
582 0.90846599
583 0.91338468
584 0.91480816
585 0.93790567
586 0.94689715
587 0.95583385
588 0.95179066
589 0.9556695
590 0.96217145
591 0.96705421
592 0.97544587
593 0.97706021
594 0.97567546
595 0.97694652
596 0.97970142
597 0.98414223
598 0.99134591
599 0.98960124
600 0.99509471
601 0.99356285
602 0.99237927
603 1.0
604 0.99273713
605 0.98107615
606 0.97647202
607 0.9705855
608 0.96847061
609 0.96425998
610 0.9534315
611 0.95130321
612 0.94041715
613 0.93329624
614 0.93067711
615 0.93832096
616 0.92932197
617 0.9265083
618 0.92903907
619 0.90926005
620 0.90624802
621 0.89415953
622 0.88274537
623 0.87927755
624 0.86301333
625 0.86344172
626 0.83891131
627 0.83599426
628 0.82835748
629 0.81563324
630 0.79417392
631 0.78665333
632 0.77089983
633 0.75820549
634 0.75021129
635 0.74021162
636 0.72503438
637 0.70617002
638 0.7050857
639 0.69061725
640 0.67326606
641 0.67400165
642 0.66210299
643 0.64181766
644 0.62463318
645 0.61544524
646 0.60431722
647 0.5939731
648 0.58388449
649 0.58100809
650 0.56289656
651 0.55966716
652 0.5438066
653 0.53241276
654 0.51518203
655 0.50948446
656 0.49043219
657 0.48142407
658 0.47635959
659 0.46527619
660 0.47024789
661 0.44759041
662 0.4432543
663 0.4351691
664 0.41191018
665 0.41356471
666 0.39983877
667 0.39421615
668 0.37566813
669 0.37099007
670 0.36455719
671 0.36203953
672 0.35670275
673 0.33599375
674 0.33772825
675 0.33381038
676 0.31864933
677 0.31631855
678 0.30984399
679 0.29744595
680 0.28632087
681 0.27819826
682 0.2843612
683 0.27354406
684 0.26289864
685 0.26153068
686 0.24755085
687 0.24582107
688 0.23581654
689 0.22794826
690 0.22385971
691 0.21874515
692 0.21989339
693 0.21333798
694 0.20033365
695 0.19991806
696 0.1919464
697 0.18706747
698 0.18125738
699 0.18970074
700 0.17977338
701 0.17867315
702 0.17278369
703 0.17429198
704 0.15740689
705 0.15509805
706 0.15885408
707 0.14325756
708 0.14659726
709 0.15001428
710 0.14721622
711 0.13384298
712 0.12560329
713 0.13275321
714 0.12217288
715 0.12195257
716 0.1217894
717 0.11978113
718 0.11344426
719 0.11668618
720 0.11202977
721 0.10200846
722 0.10415413
723 0.10325065
724 0.08756622
725 0.0934442
726 0.09606833
727 0.08661134
728 0.08990362
729 0.09608365
730 0.08215728
731 0.08290716
732 0.0779381
733 0.06942023
734 0.07009986
735 0.06386609
736 0.05836555
737 0.06539751
738 0.06594372
739 0.06272963
740 0.07029234
741 0.07075579
742 0.06431584
743 0.0553569
744 0.05490155
745 0.05392798
746 0.05047179
747 0.05489198
748 0.04636586
749 0.04759907
750 0.04564087
751 0.03596092
752 0.04610491
753 0.04629282
754 0.04072086
755 0.03733727
756 0.03738057
757 0.04847015
758 0.03180153
759 0.02871498
760 0.03630184
761 0.02707282
762 0.02903764
763 0.03459591
764 0.0291668
765 0.03887311
766 0.02748428
767 0.03341027
768 0.03139066
769 0.03793237
770 0.02404694
771 0.02176535
772 0.03194586
773 0.02575685
774 0.03314121
775 0.02838555
776 0.04798594
777 0.01195565
778 0.01613036
779 0.01657289
780 0.01820813
781 0.02847199
782 0.01101433
783 0.0164595
784 0.00012032
785 0.01774321
786 0.04036403
787 0.01432782
788 0.02644429
789 0.00365618
790 0.0145929
791 0.01782848
792 0.02928328
793 0.00809949
794 0.01917243
795 0.01991701
796 0.02354417
797 0.01545617
798 0.00772971
799 0.01021085
800 0.03481107
801 0.00940707
802 0.01155877
803 0.01635317
804 0.01471027
805 0.02264983
806 0.01972601
807 0.00025639
808 0.0
809 0.02084317
810 0.01796706
811 0.01354451
812 0.03442935
813 0.02733215
814 0.0
815 0.01213871
816 0.01057518
817 0.00072985
818 0.03072134
819 0.01994116
820 0.01308622
821 0.01246505
822 0.0
823 0.00146221
824 0.0
825 0.0
826 0.01248758
827 0.01246608
828 0.00465656
829 0.00209545
830 0.01682854
831 0.0
832 0.03781544
833 0.0
834 0.0
835 0.02251096
836 0.0
837 0.0
838 0.0
839 0.00983311
840 0.00699573
841 0.0
842 0.01229142
843 0.00101216
844 0.0008808
845 0.0
846 0.00043635
847 0.01137042
848 0.00126914
849 0.0
850 0.0
851 0.02524112
852 0.0
853 0.0
854 0.00594543
855 0.0
856 0.0
857 0.0
858 0.01596969
859 0.04463121
860 0.0
861 0.03359583
862 0.0
863 0.0
864 0.0
865 0.0
866 0.04066813
867 0.0
868 0.0042638
869 0.00232975
870 0.00146736
871 0.01957182
872 0.00354411
873 0.03584782
874 0.01060802
875 0.0
876 0.0
877 0.0
878 0.01844567
879 0.00227821
880 0.0
881 0.0
882 0.0
883 0.00962708
884 0.00285873
885 0.0
886 0.0
887 0.0
888 0.02054996
889 0.00552395
890 0.0
891 0.00722606
892 0.03053416
893 0.0
894 0.0
895 0.02810133
896 0.0
897 0.08315957
898 0.00292839
899 0.0
900 0.0
901 0.0
902 0.0
903 0.0
904 0.0
905 0.0
906 0.0
907 0.0
908 0.0
909 0.0
910 0.0
911 0.0
912 0.0
913 0.0
914 0.0
915 0.0
916 0.0
917 0.0
918 0.0
919 0.0
920 0.0
921 0.0
922 0.0
923 0.0
924 0.0
925 0.0
926 0.0
927 0.0
928 0.0
929 0.0
930 0.0
931 0.0
932 0.0
933 0.0
934 0.0
935 0.0
936 0.0
937 0.0
938 0.0
939 0.0
940 0.0
941 0.0
942 0.0
943 0.0
944 0.0
945 0.0
946 0.0
947 0.0
948 0.0
949 0.0
950 0.0
951 0.0
952 0.0
953 0.0
954 0.0
955 0.0
956 0.0
957 0.0
958 0.0
959 0.0
960 0.0
961 0.0
962 0.0
963 0.0
964 0.0
965 0.0
966 0.0
967 0.0
968 0.0
969 0.0
970 0.0
971 0.0
972 0.0
973 0.0
974 0.0
975 0.0
976 0.0
977 0.0
978 0.0
979 0.0
980 0.0
981 0.0
982 0.0
983 0.0
984 0.0
985 0.0
986 0.0
987 0.0
988 0.0
989 0.0
990 0.0
991 0.0
992 0.0
993 0.0
994 0.0
995 0.0
996 0.0
997 0.0
998 0.0
999 0.0
1000 0.0
1001 0.0
1002 0.0
1003 0.0
1004 0.0
1005 0.0
1006 0.0
1007 0.0
1008 0.0
1009 0.0
1010 0.0
1011 0.0
1012 0.0
1013 0.0
1014 0.0
1015 0.0
1016 0.0
1017 0.0
1018 0.0
1019 0.0
1020 0.0
1021 0.0
1022 0.0
1023 0.0
1024 0.0
1025 0.0
1026 0.0
1027 0.0
1028 0.0
1029 0.0
1030 0.0
1031 0.0
1032 0.0
1033 0.0
1034 0.0
1035 0.0
1036 0.0
1037 0.0
1038 0.0
1039 0.0
1040 0.0
1041 0.0
1042 0.0
1043 0.0
1044 0.0
1045 0.0
1046 0.0
1047 0.0
1048 0.0
1049 0.0
1050 0.0
1051 0.0
1052 0.0
1053 0.0
1054 0.0
1055 0.0
1056 0.0
1057 0.0
1058 0.0
1059 0.0
1060 0.0
1061 0.0
1062 0.0
1063 0.0
1064 0.0
1065 0.0
1066 0.0
1067 0.0
1068 0.0
1069 0.0
1070 0.0
1071 0.0
1072 0.0
1073 0.0
1074 0.0
1075 0.0
1076 0.0
1077 0.0
1078 0.0
1079 0.0
1080 0.0
1081 0.0
1082 0.0
1083 0.0
1084 0.0
1085 0.0
1086 0.0
1087 0.0
1088 0.0
1089 0.0
1090 0.0
1091 0.0
1092 0.0
1093 0.0
1094 0.0
1095 0.0
1096 0.0
1097 0.0
1098 0.0
1099 0.0
1100 0.0
