LED_2977K_Madrid_LICA_Philips_75deg_offaxis
380 0.0
381 0.00103027
382 0.0
383 0.0
384 0.0
385 0.00020335
386 0.0
387 0.00114715
388 0.00108893
389 0.00301046
390 0.00085686
391 0.00057257
392 0.00021112
393 0.00090318
394 0.00052912
395 0.00078952
396 0.00020738
397 0.00074564
398 0.00141164
399 0.00066506
400 0.0012356
401 4.3e-07
402 0.00204815
403 0.00052464
404 0.00426273
405 0.00271755
406 0.00353694
407 0.00515882
408 0.00838056
409 0.00639118
410 0.00927952
411 0.0101734
412 0.01125076
413 0.01639703
414 0.01875725
415 0.02515973
416 0.02989098
417 0.030962
418 0.03893112
419 0.0494591
420 0.0554992
421 0.06654733
422 0.07596353
423 0.09221183
424 0.10682442
425 0.11898984
426 0.14067951
427 0.15807256
428 0.17342049
429 0.19634726
430 0.22128048
431 0.24155046
432 0.26993293
433 0.2960243
434 0.31486071
435 0.33934311
436 0.35905635
437 0.38473717
438 0.40886644
439 0.43344845
440 0.45370198
441 0.48122466
442 0.49887142
443 0.53092379
444 0.55111142
445 0.5726235
446 0.59471216
447 0.61861156
448 0.62991452
449 0.64487046
450 0.61923638
451 0.60905168
452 0.57871476
453 0.54620217
454 0.50248243
455 0.4604257
456 0.4126794
457 0.36295572
458 0.32293751
459 0.28835456
460 0.26482935
461 0.24358733
462 0.22398091
463 0.20432436
464 0.19360777
465 0.18234183
466 0.16939817
467 0.16291519
468 0.15373855
469 0.14132177
470 0.13576914
471 0.12524536
472 0.12129061
473 0.11201294
474 0.10512729
475 0.09822388
476 0.09999765
477 0.0917439
478 0.0897074
479 0.08583006
480 0.08624452
481 0.08451202
482 0.08837389
483 0.08522579
484 0.0881784
485 0.08850973
486 0.09022997
487 0.09142282
488 0.09670072
489 0.0966677
490 0.10165355
491 0.10653948
492 0.11307394
493 0.11679251
494 0.12223367
495 0.13174951
496 0.13990791
497 0.14838839
498 0.1572882
499 0.16832518
500 0.17914626
501 0.18786297
502 0.1949797
503 0.20970762
504 0.21655027
505 0.23288989
506 0.23879336
507 0.25262455
508 0.26002514
509 0.27463726
510 0.28710357
511 0.30064323
512 0.31087631
513 0.31899589
514 0.33206559
515 0.34689776
516 0.35542134
517 0.36400786
518 0.37236618
519 0.38666051
520 0.39176047
521 0.40262781
522 0.41179617
523 0.42282563
524 0.43603468
525 0.44646685
526 0.44964839
527 0.46650199
528 0.47121569
529 0.48085486
530 0.48879795
531 0.49459166
532 0.5018404
533 0.50583854
534 0.51160645
535 0.52501269
536 0.53210876
537 0.54242111
538 0.54713192
539 0.55928669
540 0.56162659
541 0.57603343
542 0.58035064
543 0.59501591
544 0.59585778
545 0.60566742
546 0.61515468
547 0.62246702
548 0.63166172
549 0.6388523
550 0.6462349
551 0.65558749
552 0.66564755
553 0.68274389
554 0.69378285
555 0.69725759
556 0.71160853
557 0.72550021
558 0.74349525
559 0.74077359
560 0.75948996
561 0.76564447
562 0.77506639
563 0.78683799
564 0.79432149
565 0.80547903
566 0.81702409
567 0.82902403
568 0.83704317
569 0.84486914
570 0.84592859
571 0.85864763
572 0.87169598
573 0.87945763
574 0.88382784
575 0.89000692
576 0.89870547
577 0.91185326
578 0.91405643
579 0.91878299
580 0.92942692
581 0.92688256
582 0.9402873
583 0.94692941
584 0.95708374
585 0.96776499
586 0.97853872
587 0.97648706
588 0.98411441
589 0.97829689
590 0.98812021
591 0.98518675
592 0.98380076
593 0.99384696
594 0.99538239
595 0.99142906
596 0.99369102
597 0.98686726
598 0.99540386
599 0.99488612
600 1.0
601 0.99982203
602 0.99175804
603 0.99439092
604 0.99513548
605 0.96924893
606 0.96182247
607 0.95418457
608 0.95116291
609 0.94584643
610 0.93876097
611 0.93553653
612 0.91980693
613 0.91903745
614 0.91078344
615 0.91983076
616 0.90556382
617 0.89865845
618 0.89663744
619 0.89376806
620 0.88853325
621 0.86922558
622 0.85071857
623 0.85221173
624 0.83344368
625 0.82750637
626 0.81121296
627 0.80301905
628 0.79754754
629 0.77526009
630 0.77515058
631 0.75793325
632 0.73717763
633 0.73983192
634 0.72153976
635 0.70782019
636 0.69860288
637 0.6711031
638 0.66905395
639 0.65036748
640 0.65248246
641 0.62458085
642 0.61973973
643 0.61650374
644 0.60290951
645 0.58495697
646 0.57444398
647 0.56757918
648 0.55279881
649 0.54979314
650 0.53110544
651 0.52058505
652 0.50603793
653 0.49534538
654 0.4902975
655 0.47720059
656 0.46256442
657 0.46079942
658 0.44423551
659 0.44017436
660 0.42684912
661 0.41536398
662 0.40689043
663 0.39119949
664 0.38824566
665 0.38259533
666 0.36688736
667 0.36235817
668 0.34938058
669 0.34459299
670 0.33506482
671 0.32872247
672 0.3217541
673 0.31697851
674 0.30610239
675 0.29868836
676 0.28769048
677 0.28936649
678 0.28365648
679 0.26974477
680 0.2669879
681 0.25129531
682 0.25131328
683 0.24687503
684 0.23809044
685 0.22914271
686 0.22617107
687 0.22081465
688 0.21231241
689 0.20526744
690 0.19531238
691 0.19274671
692 0.19478819
693 0.18810453
694 0.18215346
695 0.17647514
696 0.17293469
697 0.16689095
698 0.16351971
699 0.15750593
700 0.15480688
701 0.15624209
702 0.15012445
703 0.14536748
704 0.139772
705 0.13676705
706 0.12823861
707 0.12337234
708 0.12539394
709 0.12302414
710 0.11766628
711 0.11537215
712 0.11492948
713 0.10858438
714 0.10339996
715 0.09815287
716 0.09769083
717 0.10007933
718 0.09658055
719 0.09729726
720 0.08778009
721 0.08014009
722 0.08347252
723 0.08843956
724 0.07920698
725 0.07388343
726 0.07238754
727 0.07238275
728 0.07369535
729 0.07170041
730 0.06232317
731 0.0668825
732 0.06130126
733 0.06378402
734 0.05658378
735 0.05874031
736 0.06156021
737 0.05334664
738 0.05512022
739 0.05318394
740 0.05037842
741 0.05106993
742 0.04674597
743 0.04731089
744 0.04439738
745 0.04171839
746 0.03969724
747 0.03921367
748 0.03853331
749 0.03826807
750 0.03919475
751 0.03874971
752 0.03674004
753 0.03372804
754 0.03454357
755 0.03116408
756 0.03403846
757 0.0286219
758 0.02922602
759 0.0319696
760 0.03157643
761 0.02335279
762 0.02716024
763 0.02965131
764 0.01888605
765 0.02426958
766 0.02203433
767 0.02447623
768 0.02286351
769 0.02320477
770 0.023241
771 0.02075516
772 0.01982484
773 0.02020832
774 0.01939518
775 0.01308637
776 0.01191304
777 0.02031292
778 0.01735128
779 0.01783481
780 0.0172385
781 0.01814265
782 0.01332946
783 0.01748564
784 0.01488246
785 0.01506164
786 0.01272179
787 0.0170362
788 0.01031113
789 0.01037305
790 0.00797271
791 0.00914951
792 0.01457367
793 0.01267066
794 0.00954311
795 0.0102057
796 0.0080544
797 0.01835047
798 0.01809986
799 0.01471801
800 0.00403767
801 0.01133246
802 0.01509186
803 0.00587282
804 0.00274352
805 0.00524147
806 0.00639115
807 0.00512819
808 0.00386259
809 0.00763425
810 0.00242088
811 0.00077804
812 0.00501041
813 0.00532068
814 0.00219699
815 0.00527692
816 0.00688869
817 0.00512198
818 0.0030499
819 0.00123324
820 0.00737206
821 0.00101512
822 0.00081297
823 0.0
824 0.00457948
825 0.0068535
826 6.295e-05
827 0.0011804
828 0.01031671
829 0.01025832
830 4.45e-06
831 0.00238855
832 0.00860322
833 0.00896227
834 0.00429575
835 0.00086713
836 0.0086576
837 0.0039641
838 0.0
839 0.01808453
840 0.00306429
841 0.00229221
842 0.0035126
843 0.0
844 0.0042512
845 0.00345337
846 0.01704388
847 0.00272104
848 3.62e-06
849 0.00103625
850 0.00031301
851 0.0
852 0.00042086
853 0.0
854 0.0
855 0.0
856 0.00671435
857 0.00672633
858 0.00011027
859 0.00103396
860 1.29e-06
861 0.0
862 0.00059568
863 0.00945546
864 0.00131581
865 0.00067406
866 0.00257388
867 2.07e-06
868 0.0
869 0.006616
870 0.01491104
871 0.00203964
872 6.741e-05
873 0.00219057
874 0.0
875 0.00078481
876 0.00109739
877 0.00926589
878 0.00320667
879 0.0
880 0.0
881 0.0
882 0.000633
883 0.00429467
884 4.611e-05
885 0.0
886 0.0
887 0.0
888 0.00166258
889 0.00095533
890 0.00029231
891 0.0
892 0.00262215
893 0.00252337
894 0.00628765
895 0.0
896 0.0
897 0.00018351
898 0.00782838
899 0.00017253
900 0.0
901 0.0
902 0.0
903 0.0
904 0.0
905 0.0
906 0.0
907 0.0
908 0.0
909 0.0
910 0.0
911 0.0
912 0.0
913 0.0
914 0.0
915 0.0
916 0.0
917 0.0
918 0.0
919 0.0
920 0.0
921 0.0
922 0.0
923 0.0
924 0.0
925 0.0
926 0.0
927 0.0
928 0.0
929 0.0
930 0.0
931 0.0
932 0.0
933 0.0
934 0.0
935 0.0
936 0.0
937 0.0
938 0.0
939 0.0
940 0.0
941 0.0
942 0.0
943 0.0
944 0.0
945 0.0
946 0.0
947 0.0
948 0.0
949 0.0
950 0.0
951 0.0
952 0.0
953 0.0
954 0.0
955 0.0
956 0.0
957 0.0
958 0.0
959 0.0
960 0.0
961 0.0
962 0.0
963 0.0
964 0.0
965 0.0
966 0.0
967 0.0
968 0.0
969 0.0
970 0.0
971 0.0
972 0.0
973 0.0
974 0.0
975 0.0
976 0.0
977 0.0
978 0.0
979 0.0
980 0.0
981 0.0
982 0.0
983 0.0
984 0.0
985 0.0
986 0.0
987 0.0
988 0.0
989 0.0
990 0.0
991 0.0
992 0.0
993 0.0
994 0.0
995 0.0
996 0.0
997 0.0
998 0.0
999 0.0
1000 0.0
1001 0.0
1002 0.0
1003 0.0
1004 0.0
1005 0.0
1006 0.0
1007 0.0
1008 0.0
1009 0.0
1010 0.0
1011 0.0
1012 0.0
1013 0.0
1014 0.0
1015 0.0
1016 0.0
1017 0.0
1018 0.0
1019 0.0
1020 0.0
1021 0.0
1022 0.0
1023 0.0
1024 0.0
1025 0.0
1026 0.0
1027 0.0
1028 0.0
1029 0.0
1030 0.0
1031 0.0
1032 0.0
1033 0.0
1034 0.0
1035 0.0
1036 0.0
1037 0.0
1038 0.0
1039 0.0
1040 0.0
1041 0.0
1042 0.0
1043 0.0
1044 0.0
1045 0.0
1046 0.0
1047 0.0
1048 0.0
1049 0.0
1050 0.0
1051 0.0
1052 0.0
1053 0.0
1054 0.0
1055 0.0
1056 0.0
1057 0.0
1058 0.0
1059 0.0
1060 0.0
1061 0.0
1062 0.0
1063 0.0
1064 0.0
1065 0.0
1066 0.0
1067 0.0
1068 0.0
1069 0.0
1070 0.0
1071 0.0
1072 0.0
1073 0.0
1074 0.0
1075 0.0
1076 0.0
1077 0.0
1078 0.0
1079 0.0
1080 0.0
1081 0.0
1082 0.0
1083 0.0
1084 0.0
1085 0.0
1086 0.0
1087 0.0
1088 0.0
1089 0.0
1090 0.0
1091 0.0
1092 0.0
1093 0.0
1094 0.0
1095 0.0
1096 0.0
1097 0.0
1098 0.0
1099 0.0
1100 0.0
