CFL_Compact_Fluorescent_Lamp_5782K_LICA
380 0.0
381 0.0
382 0.0
383 0.0
384 0.0
385 0.0
386 0.0
387 0.0
388 0.0
389 0.0
390 0.0
391 0.0
392 0.0
393 0.0
394 0.0
395 0.0
396 0.0
397 0.00102669
398 0.0
399 0.0
400 0.0
401 0.0
402 0.00053332
403 0.00455527
404 0.07213139
405 0.18985313
406 0.07756694
407 0.02253405
408 0.02855654
409 0.01721192
410 0.01108736
411 0.01029834
412 0.01053986
413 0.01385398
414 0.01545601
415 0.01642599
416 0.02053455
417 0.02319832
418 0.02456526
419 0.02736642
420 0.03042432
421 0.0356851
422 0.0382486
423 0.04115313
424 0.04287527
425 0.04567025
426 0.05029254
427 0.05212218
428 0.05667461
429 0.06181965
430 0.06613804
431 0.06846594
432 0.07116837
433 0.07839257
434 0.09321988
435 0.2545072
436 0.87461483
437 0.51010243
438 0.20520784
439 0.1088388
440 0.09664691
441 0.09788548
442 0.09674408
443 0.09840385
444 0.09977105
445 0.10175741
446 0.10467766
447 0.10534193
448 0.1048715
449 0.10538781
450 0.10444876
451 0.10589922
452 0.10526898
453 0.10440288
454 0.10441448
455 0.10324395
456 0.10216056
457 0.09980018
458 0.1013424
459 0.09870647
460 0.09669459
461 0.09526759
462 0.09390116
463 0.09075434
464 0.09378079
465 0.08859063
466 0.08537653
467 0.08411141
468 0.08470814
469 0.07979457
470 0.0807014
471 0.0764539
472 0.07661964
473 0.07558058
474 0.07323773
475 0.07123359
476 0.06819915
477 0.06855461
478 0.066759
479 0.06495076
480 0.0655993
481 0.06902529
482 0.07356819
483 0.08335872
484 0.0985116
485 0.12033808
486 0.14765888
487 0.16522652
488 0.16332651
489 0.15148131
490 0.13595287
491 0.12575017
492 0.11922272
493 0.10948193
494 0.09923979
495 0.09039011
496 0.08613076
497 0.0789875
498 0.07333981
499 0.06632363
500 0.06338095
501 0.0586602
502 0.05529658
503 0.05357341
504 0.05176955
505 0.05123056
506 0.05055031
507 0.05182239
508 0.05214641
509 0.0525792
510 0.05454287
511 0.05618253
512 0.05692774
513 0.05507851
514 0.05676174
515 0.05548708
516 0.05503108
517 0.05460577
518 0.05404564
519 0.05099109
520 0.04924136
521 0.04833376
522 0.04591719
523 0.04348696
524 0.04298818
525 0.04020016
526 0.03897783
527 0.03850199
528 0.03757428
529 0.03698039
530 0.03508631
531 0.0331979
532 0.0344821
533 0.03864041
534 0.04205557
535 0.04065538
536 0.04584579
537 0.05944768
538 0.0858204
539 0.11434601
540 0.18156512
541 0.34549456
542 0.54124489
543 0.52622786
544 0.49060076
545 0.50375696
546 1.0
547 0.82517318
548 0.54005659
549 0.37223177
550 0.26072043
551 0.19309971
552 0.14475847
553 0.10760487
554 0.0822962
555 0.06048932
556 0.04574732
557 0.03677288
558 0.02954946
559 0.0250692
560 0.02116582
561 0.01930345
562 0.01716656
563 0.01603856
564 0.01369984
565 0.01314151
566 0.0118684
567 0.01124795
568 0.01094379
569 0.01000164
570 0.00847798
571 0.00823516
572 0.00803977
573 0.00770158
574 0.00771138
575 0.00980033
576 0.02416031
577 0.12746071
578 0.09297165
579 0.15949866
580 0.13338009
581 0.09472783
582 0.08543968
583 0.09805303
584 0.11154794
585 0.1093631
586 0.10223583
587 0.12519107
588 0.1240904
589 0.09096854
590 0.07423091
591 0.06735625
592 0.07400021
593 0.09731401
594 0.09092678
595 0.0651031
596 0.05171928
597 0.04415097
598 0.04419298
599 0.0573015
600 0.06196349
601 0.05156153
602 0.04000194
603 0.03138786
604 0.02852122
605 0.02888648
606 0.03061533
607 0.03974056
608 0.0549156
609 0.09149619
610 0.20103896
611 0.60487459
612 0.73989718
613 0.52293308
614 0.40153789
615 0.30684693
616 0.21109757
617 0.1448822
618 0.10646657
619 0.08697056
620 0.08299476
621 0.0876057
622 0.08458621
623 0.09156218
624 0.09612312
625 0.0987905
626 0.10041495
627 0.09271131
628 0.08490224
629 0.07876041
630 0.08970548
631 0.12104127
632 0.09685235
633 0.06272004
634 0.03814756
635 0.02378319
636 0.01995174
637 0.01572074
638 0.01428033
639 0.01355497
640 0.01057208
641 0.0119099
642 0.0109693
643 0.01187742
644 0.01261386
645 0.01237208
646 0.01260355
647 0.01255226
648 0.01321472
649 0.01535496
650 0.02554658
651 0.03515642
652 0.02840394
653 0.02754815
654 0.02276862
655 0.01627623
656 0.01545652
657 0.01448964
658 0.0151936
659 0.01240352
660 0.01213777
661 0.00904945
662 0.02020744
663 0.02067039
664 0.01762255
665 0.01377459
666 0.01044861
667 0.01055275
668 0.01044372
669 0.00879323
670 0.00975032
671 0.01024266
672 0.00904533
673 0.00769333
674 0.00638903
675 0.00755981
676 0.00595882
677 0.00666433
678 0.00489166
679 0.00540384
680 0.00734561
681 0.00869115
682 0.0097431
683 0.00801838
684 0.00707263
685 0.00820861
686 0.01127141
687 0.01281054
688 0.01904233
689 0.01202177
690 0.01074788
691 0.00773638
692 0.00343682
693 0.00796786
694 0.01424553
695 0.0078364
696 0.0014105
697 0.00365308
698 0.00094833
699 0.00041604
700 0.0
701 0.00100194
702 0.00318756
703 0.00350306
704 0.00504297
705 0.00940594
706 0.02656141
707 0.04631312
708 0.0458659
709 0.0594817
710 0.04410972
711 0.03171368
712 0.04598834
713 0.04230277
714 0.01944264
715 0.01180911
716 0.00409799
717 0.00064313
718 0.0
719 0.00133833
720 0.00095297
721 0.0
722 0.0
723 0.0
724 0.0
725 0.0
726 0.0
727 0.0
728 0.0
729 0.0
730 0.00056657
731 0.00020596
732 0.0
733 0.0
734 0.0
735 0.0
736 0.0
737 0.0
738 0.0
739 0.0
740 0.0
741 0.0
742 0.0
743 0.0
744 0.0
745 0.0
746 0.0
747 0.0
748 0.0
749 0.0
750 0.0
751 0.0
752 0.0
753 0.0
754 0.0
755 0.0
756 0.0
757 0.0
758 0.0
759 0.0
760 0.0
761 0.0
762 0.0
763 0.0
764 0.0
765 0.0
766 0.0
767 0.0
768 0.0
769 0.0
770 0.0
771 0.0
772 0.0
773 0.0
774 0.0
775 0.0
776 0.00407479
777 0.0
778 0.0
779 0.0
780 0.0
781 0.0
782 0.0
783 0.0
784 0.0
785 0.0
786 0.0
787 0.0
788 0.00015286
789 0.0
790 0.0
791 0.0
792 0.0
793 0.0
794 0.0
795 0.0
796 0.0
797 0.0
798 0.0
799 0.0
800 0.0
801 0.0
802 0.0
803 0.00440164
804 0.0
805 0.0
806 0.0
807 0.0
808 0.0
809 0.0
810 0.0
811 0.0015479
812 0.00265011
813 0.0
814 0.0
815 0.0
816 0.0
817 0.0
818 0.0
819 0.0
820 0.0
821 0.0
822 0.0
823 0.0
824 0.0
825 0.0
826 0.0
827 0.0
828 0.0
829 0.0
830 0.0
831 0.0
832 0.0
833 0.0
834 0.0
835 0.0
836 0.0
837 0.0
838 0.0
839 0.0
840 0.0
841 0.0
842 0.0
843 0.0
844 0.0
845 0.0
846 0.0
847 0.0
848 0.0
849 0.0
850 0.00044259
851 0.0
852 0.0
853 0.0
854 0.0
855 0.0
856 0.0
857 0.0
858 0.0
859 0.0
860 0.0
861 0.0
862 0.0
863 0.0
864 0.0
865 0.0
866 0.0
867 0.0
868 0.0
869 0.0
870 0.0
871 0.0
872 0.0
873 0.0
874 0.0
875 0.0
876 0.0
877 0.0
878 0.0
879 0.0
880 0.0
881 0.0
882 0.0
883 0.0
884 0.0
885 0.0
886 0.0
887 0.0
888 0.0
889 0.0
890 0.0
891 0.0
892 0.0
893 0.0
894 0.0
895 0.0
896 0.0
897 0.0
898 0.0
899 0.0
900 0.0
901 0.0
902 0.0
903 0.0
904 0.0
905 0.0
906 0.0
907 0.0
908 0.0
909 0.0
910 0.0
911 0.0
912 0.0
913 0.0
914 0.0
915 0.0
916 0.0
917 0.0
918 0.0
919 0.0
920 0.0
921 0.0
922 0.0
923 0.0
924 0.0
925 0.0
926 0.0
927 0.0
928 0.0
929 0.0
930 0.0
931 0.0
932 0.0
933 0.0
934 0.0
935 0.0
936 0.0
937 0.0
938 0.0
939 0.0
940 0.0
941 0.0
942 0.0
943 0.0
944 0.0
945 0.0
946 0.0
947 0.0
948 0.0
949 0.0
950 0.0
951 0.0
952 0.0
953 0.0
954 0.0
955 0.0
956 0.0
957 0.0
958 0.0
959 0.0
960 0.0
961 0.0
962 0.0
963 0.0
964 0.0
965 0.0
966 0.0
967 0.0
968 0.0
969 0.0
970 0.0
971 0.0
972 0.0
973 0.0
974 0.0
975 0.0
976 0.0
977 0.0
978 0.0
979 0.0
980 0.0
981 0.0
982 0.0
983 0.0
984 0.0
985 0.0
986 0.0
987 0.0
988 0.0
989 0.0
990 0.0
991 0.0
992 0.0
993 0.0
994 0.0
995 0.0
996 0.0
997 0.0
998 0.0
999 0.0
1000 0.0
1001 0.0
1002 0.0
1003 0.0
1004 0.0
1005 0.0
1006 0.0
1007 0.0
1008 0.0
1009 0.0
1010 0.0
1011 0.0
1012 0.0
1013 0.0
1014 0.0
1015 0.0
1016 0.0
1017 0.0
1018 0.0
1019 0.0
1020 0.0
1021 0.0
1022 0.0
1023 0.0
1024 0.0
1025 0.0
1026 0.0
1027 0.0
1028 0.0
1029 0.0
1030 0.0
1031 0.0
1032 0.0
1033 0.0
1034 0.0
1035 0.0
1036 0.0
1037 0.0
1038 0.0
1039 0.0
1040 0.0
1041 0.0
1042 0.0
1043 0.0
1044 0.0
1045 0.0
1046 0.0
1047 0.0
1048 0.0
1049 0.0
1050 0.0
1051 0.0
1052 0.0
1053 0.0
1054 0.0
1055 0.0
1056 0.0
1057 0.0
1058 0.0
1059 0.0
1060 0.0
1061 0.0
1062 0.0
1063 0.0
1064 0.0
1065 0.0
1066 0.0
1067 0.0
1068 0.0
1069 0.0
1070 0.0
1071 0.0
1072 0.0
1073 0.0
1074 0.0
1075 0.0
1076 0.0
1077 0.0
1078 0.0
1079 0.0
1080 0.0
1081 0.0
1082 0.0
1083 0.0
1084 0.0
1085 0.0
1086 0.0
1087 0.0
1088 0.0
1089 0.0
1090 0.0
1091 0.0
1092 0.0
1093 0.0
1094 0.0
1095 0.0
1096 0.0
1097 0.0
1098 0.0
1099 0.0
1100 0.0
