LED_2989K_LICA_Lexman_3000K
380 0.00012354
381 0.00027434
382 0.00102227
383 0.0
384 0.00066427
385 0.0
386 0.00065706
387 0.00027281
388 0.00201927
389 0.00025718
390 0.00066228
391 0.00191485
392 0.00183426
393 0.00145406
394 0.00069723
395 0.00054671
396 7.572e-05
397 0.0001081
398 0.00076612
399 0.00150014
400 0.0
401 8.822e-05
402 0.00024736
403 0.00061295
404 0.00132239
405 0.00150815
406 0.00056924
407 0.00060358
408 0.00225261
409 0.00067653
410 0.00165571
411 0.0
412 0.00073588
413 0.0013046
414 0.00183842
415 0.00092195
416 0.00324999
417 0.00065262
418 0.00501249
419 0.00479526
420 0.00680045
421 0.00889932
422 0.0109887
423 0.01174305
424 0.01546495
425 0.0198587
426 0.02480915
427 0.02923774
428 0.0358293
429 0.04352148
430 0.04717818
431 0.05677843
432 0.06177118
433 0.07285504
434 0.07991853
435 0.0925868
436 0.10465927
437 0.1114873
438 0.12693243
439 0.14169721
440 0.15987854
441 0.17541842
442 0.1992221
443 0.22206032
444 0.24544466
445 0.28424354
446 0.312343
447 0.34737574
448 0.38516023
449 0.43772173
450 0.46061952
451 0.48932679
452 0.51286856
453 0.5428115
454 0.53388029
455 0.5220757
456 0.51136785
457 0.48334443
458 0.46802263
459 0.44342928
460 0.41804978
461 0.39910014
462 0.37379693
463 0.34731128
464 0.33993186
465 0.32440728
466 0.31593585
467 0.30642644
468 0.29890679
469 0.29126694
470 0.28339177
471 0.27309388
472 0.2605461
473 0.25377262
474 0.24714075
475 0.2325977
476 0.22705344
477 0.21850451
478 0.21005926
479 0.20838345
480 0.20697659
481 0.20880115
482 0.20716206
483 0.21045997
484 0.21316675
485 0.21461806
486 0.22170097
487 0.22843468
488 0.23133401
489 0.23776935
490 0.24196935
491 0.24519413
492 0.25049528
493 0.25828767
494 0.26848814
495 0.27288347
496 0.27917849
497 0.29180938
498 0.29965171
499 0.31007877
500 0.31697711
501 0.32890026
502 0.33849885
503 0.34834619
504 0.35435904
505 0.36431711
506 0.37040688
507 0.38021157
508 0.38857832
509 0.39954097
510 0.40591212
511 0.41388053
512 0.42907067
513 0.43196197
514 0.43565952
515 0.44374927
516 0.44826388
517 0.45065215
518 0.45985715
519 0.46041265
520 0.46921353
521 0.46841554
522 0.47343047
523 0.4802326
524 0.49196682
525 0.49408934
526 0.49913758
527 0.50421238
528 0.50839537
529 0.51319453
530 0.51291848
531 0.51853036
532 0.52214228
533 0.5227032
534 0.52888748
535 0.5305234
536 0.53287289
537 0.54105083
538 0.54031534
539 0.5449622
540 0.55634223
541 0.56000817
542 0.56500844
543 0.57524294
544 0.56970809
545 0.57918372
546 0.58383683
547 0.59141826
548 0.59807892
549 0.60079573
550 0.60850222
551 0.61272855
552 0.62105201
553 0.62502898
554 0.62987405
555 0.64037086
556 0.653261
557 0.66286655
558 0.66870715
559 0.67780587
560 0.6809987
561 0.69416877
562 0.69948045
563 0.70015891
564 0.71065664
565 0.72575738
566 0.73069875
567 0.73587833
568 0.7446105
569 0.75918069
570 0.75853951
571 0.76665775
572 0.78199164
573 0.79134039
574 0.79799231
575 0.80407265
576 0.81146242
577 0.82027168
578 0.82759509
579 0.83428519
580 0.84771493
581 0.86043487
582 0.86393741
583 0.87325858
584 0.88834765
585 0.90084369
586 0.91215105
587 0.9100387
588 0.92546606
589 0.92570509
590 0.93839867
591 0.94459723
592 0.93943249
593 0.95134464
594 0.95283849
595 0.96751811
596 0.96627379
597 0.96430424
598 0.98087224
599 0.98028718
600 0.99021667
601 0.98859486
602 0.99674235
603 0.9984568
604 0.99630548
605 1.0
606 0.99309441
607 0.98665601
608 0.98489216
609 0.98163363
610 0.97536479
611 0.97553797
612 0.9747202
613 0.97357453
614 0.97183923
615 0.96926899
616 0.96962574
617 0.968516
618 0.97502197
619 0.96252874
620 0.95889846
621 0.95098742
622 0.94011309
623 0.93383576
624 0.91847442
625 0.90872907
626 0.90759913
627 0.89258427
628 0.88316341
629 0.87701302
630 0.86726133
631 0.85696258
632 0.84194233
633 0.83015904
634 0.82719986
635 0.80790686
636 0.79862185
637 0.78032944
638 0.76445642
639 0.75931851
640 0.74038771
641 0.73438712
642 0.72452436
643 0.70531799
644 0.69812004
645 0.67920566
646 0.66616828
647 0.66351063
648 0.65220607
649 0.63461486
650 0.6167487
651 0.60958958
652 0.59808657
653 0.57928521
654 0.56523351
655 0.55869612
656 0.55081122
657 0.52267649
658 0.51758062
659 0.51365873
660 0.49834339
661 0.49098674
662 0.47470856
663 0.45717898
664 0.44279611
665 0.43673356
666 0.4246867
667 0.41622634
668 0.40317171
669 0.39367353
670 0.38680631
671 0.3818359
672 0.36387075
673 0.35464383
674 0.34757173
675 0.33668755
676 0.33222394
677 0.32062001
678 0.3091478
679 0.30478719
680 0.30113173
681 0.28748591
682 0.27817323
683 0.27567521
684 0.26602517
685 0.25370106
686 0.25131553
687 0.24423399
688 0.23787933
689 0.22414677
690 0.21962105
691 0.21589888
692 0.20991398
693 0.19969552
694 0.19836849
695 0.19182528
696 0.18488961
697 0.17940347
698 0.17110468
699 0.1695897
700 0.16490644
701 0.16570882
702 0.15693884
703 0.14934354
704 0.15444174
705 0.1456724
706 0.13909952
707 0.13129223
708 0.13079593
709 0.12907204
710 0.12124604
711 0.1198624
712 0.11511879
713 0.11108122
714 0.10387281
715 0.1031098
716 0.09788661
717 0.09990812
718 0.09637014
719 0.09500483
720 0.0937072
721 0.08969662
722 0.08512588
723 0.08137728
724 0.08081158
725 0.07885208
726 0.07373067
727 0.07218437
728 0.06948369
729 0.06748373
730 0.06620728
731 0.06517048
732 0.06638973
733 0.0623767
734 0.06165595
735 0.05527319
736 0.0594373
737 0.0501285
738 0.05257145
739 0.04769662
740 0.04863352
741 0.04731981
742 0.04673095
743 0.04484654
744 0.04388076
745 0.04228795
746 0.03959922
747 0.03378169
748 0.03692537
749 0.03647528
750 0.03295718
751 0.03426727
752 0.03296156
753 0.03437618
754 0.03212578
755 0.02843413
756 0.02739806
757 0.02645996
758 0.02868409
759 0.026356
760 0.02850163
761 0.02947348
762 0.02898256
763 0.02317106
764 0.02080869
765 0.02245392
766 0.01966445
767 0.01994405
768 0.01378336
769 0.01769574
770 0.016963
771 0.02025872
772 0.01650846
773 0.01438359
774 0.0207569
775 0.01448952
776 0.01518915
777 0.01080542
778 0.01299036
779 0.01049206
780 0.01664229
781 0.00771698
782 0.00871527
783 0.01018265
784 0.01432539
785 0.0118955
786 0.01755242
787 0.01058298
788 0.00279257
789 0.009726
790 0.00912205
791 0.01259868
792 0.01355617
793 0.01431852
794 0.00624965
795 0.01091305
796 0.00487583
797 0.01378123
798 0.00234487
799 0.00041649
800 0.0062217
801 0.00733719
802 0.00979085
803 0.00555721
804 0.0043368
805 0.00062452
806 0.00743872
807 0.00976779
808 0.01038658
809 0.01176429
810 0.0095835
811 0.00703888
812 0.00234063
813 0.00708171
814 0.0
815 0.00244649
816 0.00556217
817 0.00523574
818 0.00569456
819 0.00186305
820 0.00047637
821 0.00791139
822 0.00587692
823 0.0025345
824 0.00624068
825 0.005215
826 1.911e-05
827 0.00650316
828 0.00700615
829 0.0003575
830 0.00043049
831 5.52e-06
832 0.00590211
833 0.00127577
834 0.00409057
835 0.00249756
836 0.00310215
837 1.143e-05
838 0.0
839 0.0
840 0.00652531
841 0.00556218
842 0.0
843 0.0
844 0.0
845 0.00024481
846 0.00201612
847 0.00062975
848 0.00249175
849 0.00232931
850 0.0
851 0.0
852 0.0
853 0.0
854 0.00135658
855 0.00096273
856 0.00069236
857 0.0
858 0.0
859 0.00173116
860 0.00499896
861 0.00022124
862 0.0
863 0.0
864 0.0
865 8.896e-05
866 0.0002659
867 0.00595965
868 0.00070194
869 0.0
870 0.00057157
871 0.00262904
872 1.4e-05
873 0.00125484
874 2.753e-05
875 0.00082421
876 0.00350594
877 0.00073005
878 0.00527969
879 8.072e-05
880 0.0
881 0.0
882 0.0
883 0.00697038
884 0.0
885 5.15e-05
886 0.0
887 0.01759639
888 0.00268475
889 0.0
890 0.0
891 0.00075011
892 4.14e-06
893 0.00635921
894 0.01596595
895 0.0
896 0.0
897 0.0
898 0.01034234
899 0.0
900 0.0
901 0.0
902 0.0
903 0.0
904 0.0
905 0.0
906 0.0
907 0.0
908 0.0
909 0.0
910 0.0
911 0.0
912 0.0
913 0.0
914 0.0
915 0.0
916 0.0
917 0.0
918 0.0
919 0.0
920 0.0
921 0.0
922 0.0
923 0.0
924 0.0
925 0.0
926 0.0
927 0.0
928 0.0
929 0.0
930 0.0
931 0.0
932 0.0
933 0.0
934 0.0
935 0.0
936 0.0
937 0.0
938 0.0
939 0.0
940 0.0
941 0.0
942 0.0
943 0.0
944 0.0
945 0.0
946 0.0
947 0.0
948 0.0
949 0.0
950 0.0
951 0.0
952 0.0
953 0.0
954 0.0
955 0.0
956 0.0
957 0.0
958 0.0
959 0.0
960 0.0
961 0.0
962 0.0
963 0.0
964 0.0
965 0.0
966 0.0
967 0.0
968 0.0
969 0.0
970 0.0
971 0.0
972 0.0
973 0.0
974 0.0
975 0.0
976 0.0
977 0.0
978 0.0
979 0.0
980 0.0
981 0.0
982 0.0
983 0.0
984 0.0
985 0.0
986 0.0
987 0.0
988 0.0
989 0.0
990 0.0
991 0.0
992 0.0
993 0.0
994 0.0
995 0.0
996 0.0
997 0.0
998 0.0
999 0.0
1000 0.0
1001 0.0
1002 0.0
1003 0.0
1004 0.0
1005 0.0
1006 0.0
1007 0.0
1008 0.0
1009 0.0
1010 0.0
1011 0.0
1012 0.0
1013 0.0
1014 0.0
1015 0.0
1016 0.0
1017 0.0
1018 0.0
1019 0.0
1020 0.0
1021 0.0
1022 0.0
1023 0.0
1024 0.0
1025 0.0
1026 0.0
1027 0.0
1028 0.0
1029 0.0
1030 0.0
1031 0.0
1032 0.0
1033 0.0
1034 0.0
1035 0.0
1036 0.0
1037 0.0
1038 0.0
1039 0.0
1040 0.0
1041 0.0
1042 0.0
1043 0.0
1044 0.0
1045 0.0
1046 0.0
1047 0.0
1048 0.0
1049 0.0
1050 0.0
1051 0.0
1052 0.0
1053 0.0
1054 0.0
1055 0.0
1056 0.0
1057 0.0
1058 0.0
1059 0.0
1060 0.0
1061 0.0
1062 0.0
1063 0.0
1064 0.0
1065 0.0
1066 0.0
1067 0.0
1068 0.0
1069 0.0
1070 0.0
1071 0.0
1072 0.0
1073 0.0
1074 0.0
1075 0.0
1076 0.0
1077 0.0
1078 0.0
1079 0.0
1080 0.0
1081 0.0
1082 0.0
1083 0.0
1084 0.0
1085 0.0
1086 0.0
1087 0.0
1088 0.0
1089 0.0
1090 0.0
1091 0.0
1092 0.0
1093 0.0
1094 0.0
1095 0.0
1096 0.0
1097 0.0
1098 0.0
1099 0.0
1100 0.0
