LED_3033K_Almeria_Plaza_3_Abril
380 4.7e-07
381 6.881e-05
382 0.0
383 0.00204528
384 0.00150496
385 0.00233734
386 0.0004426
387 0.00070406
388 2.125e-05
389 0.00415378
390 0.00102145
391 0.00093743
392 0.00122834
393 0.00272947
394 0.00079058
395 0.00056556
396 0.00248517
397 0.00281698
398 0.00238933
399 0.00137008
400 6.542e-05
401 0.00188387
402 0.00323915
403 0.00384072
404 0.00377396
405 0.00320243
406 0.00515045
407 0.0052951
408 0.00796055
409 0.00668217
410 0.01008987
411 0.01129934
412 0.01765937
413 0.01600491
414 0.02222485
415 0.02525829
416 0.02614563
417 0.03891675
418 0.04816973
419 0.05420143
420 0.06771007
421 0.07671711
422 0.0944538
423 0.10803882
424 0.1318018
425 0.14788894
426 0.17390918
427 0.20716554
428 0.22792512
429 0.26272045
430 0.29004146
431 0.31865833
432 0.35182042
433 0.38166403
434 0.41352472
435 0.45588859
436 0.49657968
437 0.53384332
438 0.58230255
439 0.64419881
440 0.69545693
441 0.74360083
442 0.7849414
443 0.81424165
444 0.81730652
445 0.81504013
446 0.79253073
447 0.75478244
448 0.72058136
449 0.67908357
450 0.6054501
451 0.55176309
452 0.50565893
453 0.45542104
454 0.41569295
455 0.36861459
456 0.33175825
457 0.30153705
458 0.28146891
459 0.26411365
460 0.24454116
461 0.22389728
462 0.20911291
463 0.18787682
464 0.18001155
465 0.16569649
466 0.14963072
467 0.13980641
468 0.13569523
469 0.12476625
470 0.11309195
471 0.11035674
472 0.10348676
473 0.09839551
474 0.09391458
475 0.09307299
476 0.08650337
477 0.08469332
478 0.08655576
479 0.08253244
480 0.08204667
481 0.08154707
482 0.07970858
483 0.0805558
484 0.08336701
485 0.08720107
486 0.08791561
487 0.0924884
488 0.09414975
489 0.09872273
490 0.10585943
491 0.11323706
492 0.11978928
493 0.12645964
494 0.13318021
495 0.14220375
496 0.15030793
497 0.1633451
498 0.1738683
499 0.18337486
500 0.19283167
501 0.20319373
502 0.21792646
503 0.23190392
504 0.23885954
505 0.25029687
506 0.26279972
507 0.278672
508 0.2882326
509 0.29680623
510 0.31063502
511 0.32315858
512 0.33535935
513 0.34702989
514 0.35436757
515 0.36737993
516 0.37672982
517 0.3854934
518 0.39231241
519 0.40542765
520 0.4153347
521 0.42236595
522 0.4298226
523 0.43624222
524 0.45454824
525 0.45852324
526 0.46356235
527 0.47517337
528 0.48391338
529 0.48741778
530 0.49314725
531 0.49996385
532 0.51020052
533 0.51033214
534 0.52122523
535 0.52810543
536 0.53093639
537 0.53861539
538 0.5481939
539 0.55567584
540 0.56473166
541 0.57069801
542 0.57562463
543 0.59067802
544 0.59049683
545 0.59982737
546 0.60735902
547 0.614323
548 0.62815975
549 0.6278784
550 0.63303185
551 0.64755937
552 0.65377165
553 0.66613627
554 0.67368123
555 0.6870779
556 0.69913721
557 0.70657964
558 0.71396565
559 0.72450349
560 0.73849228
561 0.74848372
562 0.75915425
563 0.76738445
564 0.77696663
565 0.78692691
566 0.7995516
567 0.80634618
568 0.81624001
569 0.82096263
570 0.8342901
571 0.83631542
572 0.84898831
573 0.86354097
574 0.86678018
575 0.87369516
576 0.88264487
577 0.89544153
578 0.89795737
579 0.90904139
580 0.90846674
581 0.91874814
582 0.9256157
583 0.93851859
584 0.94680497
585 0.95339437
586 0.96516987
587 0.9691215
588 0.96623353
589 0.96969217
590 0.9780592
591 0.97708938
592 0.9771401
593 0.98583804
594 0.98269649
595 0.98297831
596 0.99132718
597 0.99021414
598 0.98399486
599 0.99202863
600 1.0
601 0.98950691
602 0.99569439
603 0.9979544
604 0.98403908
605 0.97985808
606 0.972284
607 0.9653346
608 0.96497532
609 0.95417312
610 0.94171328
611 0.93561642
612 0.93285288
613 0.92719661
614 0.9202948
615 0.92029744
616 0.91363913
617 0.91217766
618 0.9054675
619 0.90030963
620 0.89350204
621 0.86964026
622 0.86117661
623 0.84838966
624 0.84553911
625 0.83299329
626 0.81618075
627 0.80562836
628 0.78950168
629 0.78246897
630 0.7734565
631 0.75202776
632 0.74555275
633 0.72879075
634 0.7233141
635 0.70325654
636 0.68683742
637 0.67293054
638 0.66006272
639 0.65012421
640 0.63534508
641 0.62762905
642 0.62393346
643 0.60874328
644 0.58909271
645 0.5811504
646 0.57286549
647 0.56013826
648 0.54948113
649 0.53861327
650 0.52716638
651 0.51656267
652 0.50534321
653 0.48603336
654 0.47806903
655 0.4616528
656 0.46140566
657 0.44404254
658 0.43707381
659 0.4246238
660 0.42080488
661 0.41029052
662 0.39864757
663 0.38588534
664 0.37949538
665 0.37051963
666 0.35773236
667 0.35418345
668 0.34316876
669 0.33842669
670 0.32859676
671 0.3174278
672 0.30499473
673 0.30417823
674 0.2970565
675 0.28425225
676 0.28498899
677 0.27266689
678 0.26590791
679 0.25328574
680 0.25001461
681 0.242917
682 0.24133143
683 0.23278263
684 0.21945901
685 0.21563582
686 0.21472473
687 0.20592781
688 0.20133651
689 0.186463
690 0.18840977
691 0.18300149
692 0.18292779
693 0.17371641
694 0.17186924
695 0.16548534
696 0.16033801
697 0.15772013
698 0.15473835
699 0.1537254
700 0.14782432
701 0.14045038
702 0.14575035
703 0.13854699
704 0.13412333
705 0.12155503
706 0.12554031
707 0.11616695
708 0.11483597
709 0.11403418
710 0.11229342
711 0.11087985
712 0.1012785
713 0.1034602
714 0.09901204
715 0.09628488
716 0.0899813
717 0.08970301
718 0.0863602
719 0.08726545
720 0.08481012
721 0.08057308
722 0.07992025
723 0.0765088
724 0.07048728
725 0.07322017
726 0.07021138
727 0.07339436
728 0.06402455
729 0.06193251
730 0.06170536
731 0.06107587
732 0.05368679
733 0.05872031
734 0.06016876
735 0.05174672
736 0.0515236
737 0.04921262
738 0.05061767
739 0.04951632
740 0.04722967
741 0.03970827
742 0.04435508
743 0.04144415
744 0.04144069
745 0.04114491
746 0.03552036
747 0.0365692
748 0.03697306
749 0.0400883
750 0.03981983
751 0.03167543
752 0.03030415
753 0.03150809
754 0.02676639
755 0.03051521
756 0.02693257
757 0.03140552
758 0.02839739
759 0.0252925
760 0.02592413
761 0.02557756
762 0.02277911
763 0.02426578
764 0.02076239
765 0.02115506
766 0.02488304
767 0.01541278
768 0.01337223
769 0.02342245
770 0.0237121
771 0.0177734
772 0.01507766
773 0.01333434
774 0.01922404
775 0.01457204
776 0.01936686
777 0.01051274
778 0.01800128
779 0.0172856
780 0.01416518
781 0.0139595
782 0.00767778
783 0.01703192
784 0.0148945
785 0.01182854
786 0.01303518
787 0.01204602
788 0.0210015
789 0.00337357
790 0.00884027
791 0.00566394
792 0.01266707
793 0.01115201
794 0.00998643
795 0.01152209
796 0.0069398
797 0.00581009
798 0.00313515
799 0.00726226
800 0.00555692
801 0.01027541
802 0.00922085
803 0.02336423
804 0.00442215
805 0.01399935
806 0.00746396
807 0.00784782
808 0.01505145
809 0.01021884
810 0.00698094
811 0.01662363
812 0.00812199
813 0.00582021
814 0.00416409
815 0.00040798
816 0.00120921
817 0.00053362
818 0.00024121
819 0.00895872
820 0.0012744
821 0.006304
822 0.00527547
823 0.00894078
824 0.00664765
825 0.00639147
826 1.031e-05
827 0.0094452
828 0.00013779
829 0.00467927
830 0.00657909
831 0.00498515
832 0.00658886
833 0.00013685
834 0.00124991
835 0.00576726
836 0.005386
837 0.0153435
838 0.00019519
839 0.00059934
840 0.0
841 2.444e-05
842 0.00035386
843 0.00076475
844 8.211e-05
845 0.00503515
846 0.01356144
847 0.00012352
848 0.00163771
849 0.0
850 0.0
851 5.655e-05
852 0.0
853 0.01343965
854 0.00135215
855 0.00303537
856 0.00521767
857 0.00333355
858 0.00870627
859 0.00294463
860 0.00680471
861 0.0
862 0.00035785
863 0.00038415
864 0.00481948
865 0.0
866 0.0
867 0.0
868 0.00086279
869 0.0
870 0.00913308
871 0.0
872 4.142e-05
873 0.00365689
874 0.00030412
875 0.0
876 0.0
877 0.00042419
878 0.0
879 0.00629667
880 0.00034535
881 0.0
882 6.762e-05
883 0.00064316
884 7.069e-05
885 0.00566507
886 0.00395563
887 0.00181863
888 0.0
889 0.00537188
890 0.00396692
891 0.01081155
892 0.0
893 0.0028627
894 0.00273271
895 0.00049839
896 0.00910308
897 0.0
898 0.00191833
899 0.0
900 0.0202372
901 0.0
902 0.0
903 0.0
904 0.0
905 0.0
906 0.0
907 0.0
908 0.0
909 0.0
910 0.0
911 0.0
912 0.0
913 0.0
914 0.0
915 0.0
916 0.0
917 0.0
918 0.0
919 0.0
920 0.0
921 0.0
922 0.0
923 0.0
924 0.0
925 0.0
926 0.0
927 0.0
928 0.0
929 0.0
930 0.0
931 0.0
932 0.0
933 0.0
934 0.0
935 0.0
936 0.0
937 0.0
938 0.0
939 0.0
940 0.0
941 0.0
942 0.0
943 0.0
944 0.0
945 0.0
946 0.0
947 0.0
948 0.0
949 0.0
950 0.0
951 0.0
952 0.0
953 0.0
954 0.0
955 0.0
956 0.0
957 0.0
958 0.0
959 0.0
960 0.0
961 0.0
962 0.0
963 0.0
964 0.0
965 0.0
966 0.0
967 0.0
968 0.0
969 0.0
970 0.0
971 0.0
972 0.0
973 0.0
974 0.0
975 0.0
976 0.0
977 0.0
978 0.0
979 0.0
980 0.0
981 0.0
982 0.0
983 0.0
984 0.0
985 0.0
986 0.0
987 0.0
988 0.0
989 0.0
990 0.0
991 0.0
992 0.0
993 0.0
994 0.0
995 0.0
996 0.0
997 0.0
998 0.0
999 0.0
1000 0.0
1001 0.0
1002 0.0
1003 0.0
1004 0.0
1005 0.0
1006 0.0
1007 0.0
1008 0.0
1009 0.0
1010 0.0
1011 0.0
1012 0.0
1013 0.0
1014 0.0
1015 0.0
1016 0.0
1017 0.0
1018 0.0
1019 0.0
1020 0.0
1021 0.0
1022 0.0
1023 0.0
1024 0.0
1025 0.0
1026 0.0
1027 0.0
1028 0.0
1029 0.0
1030 0.0
1031 0.0
1032 0.0
1033 0.0
1034 0.0
1035 0.0
1036 0.0
1037 0.0
1038 0.0
1039 0.0
1040 0.0
1041 0.0
1042 0.0
1043 0.0
1044 0.0
1045 0.0
1046 0.0
1047 0.0
1048 0.0
1049 0.0
1050 0.0
1051 0.0
1052 0.0
1053 0.0
1054 0.0
1055 0.0
1056 0.0
1057 0.0
1058 0.0
1059 0.0
1060 0.0
1061 0.0
1062 0.0
1063 0.0
1064 0.0
1065 0.0
1066 0.0
1067 0.0
1068 0.0
1069 0.0
1070 0.0
1071 0.0
1072 0.0
1073 0.0
1074 0.0
1075 0.0
1076 0.0
1077 0.0
1078 0.0
1079 0.0
1080 0.0
1081 0.0
1082 0.0
1083 0.0
1084 0.0
1085 0.0
1086 0.0
1087 0.0
1088 0.0
1089 0.0
1090 0.0
1091 0.0
1092 0.0
1093 0.0
1094 0.0
1095 0.0
1096 0.0
1097 0.0
1098 0.0
1099 0.0
1100 0.0
