LED_3045K_Madrid_Moncloa_Philips
380 0.0
381 0.0
382 0.0
383 0.0
384 0.00038067
385 0.0
386 0.0
387 0.00169873
388 0.0
389 0.0
390 0.0
391 0.00252369
392 0.00254954
393 0.00129135
394 0.00078188
395 0.00214503
396 0.00118222
397 0.00370275
398 0.0026479
399 0.00246683
400 0.00195749
401 0.0021367
402 0.00330528
403 0.00220347
404 0.00601406
405 0.00685467
406 0.0058676
407 0.00694313
408 0.00873663
409 0.01016972
410 0.010336
411 0.01423318
412 0.01553085
413 0.01925083
414 0.02226634
415 0.02749479
416 0.03265346
417 0.03523272
418 0.04553784
419 0.05402232
420 0.05885962
421 0.07152273
422 0.084356
423 0.10007596
424 0.11169901
425 0.12793161
426 0.14662644
427 0.16781682
428 0.19052888
429 0.21836026
430 0.23755609
431 0.258211
432 0.28233934
433 0.31068924
434 0.33213522
435 0.36531395
436 0.38459436
437 0.40817001
438 0.43790761
439 0.46391748
440 0.50166887
441 0.53493131
442 0.56323598
443 0.61240736
444 0.63949004
445 0.67890741
446 0.70527081
447 0.72366438
448 0.74113621
449 0.74928052
450 0.73099378
451 0.72408727
452 0.69893323
453 0.65820957
454 0.60718236
455 0.56826685
456 0.51328775
457 0.46343213
458 0.42133684
459 0.37618111
460 0.34703741
461 0.31440176
462 0.28830085
463 0.26315025
464 0.25010504
465 0.23178858
466 0.21540463
467 0.20170232
468 0.19475747
469 0.18268727
470 0.16634927
471 0.15898254
472 0.14678425
473 0.14053598
474 0.1324922
475 0.12627552
476 0.119477
477 0.1123953
478 0.10807164
479 0.1064483
480 0.10230212
481 0.10077498
482 0.09763642
483 0.09988613
484 0.10006878
485 0.10010138
486 0.09963196
487 0.10111602
488 0.10476866
489 0.10468394
490 0.11055943
491 0.11473605
492 0.11832723
493 0.12458067
494 0.12968936
495 0.13524636
496 0.14362688
497 0.15327663
498 0.15718099
499 0.16924933
500 0.17808016
501 0.18954941
502 0.20191413
503 0.20820892
504 0.2198492
505 0.2254688
506 0.24062918
507 0.251486
508 0.26690556
509 0.27903564
510 0.28828075
511 0.29877413
512 0.31372959
513 0.31751333
514 0.33611798
515 0.34626415
516 0.35633737
517 0.36499258
518 0.37071931
519 0.38258546
520 0.39554194
521 0.40560625
522 0.41745359
523 0.42062016
524 0.43472181
525 0.44783738
526 0.45145426
527 0.46100609
528 0.47525032
529 0.48019417
530 0.49146397
531 0.49686675
532 0.50753546
533 0.5073317
534 0.51695058
535 0.53055021
536 0.53248832
537 0.54016307
538 0.54509988
539 0.56629471
540 0.56778796
541 0.57869719
542 0.58664505
543 0.59863441
544 0.60289015
545 0.61130082
546 0.61451879
547 0.62763724
548 0.64028125
549 0.6421803
550 0.65252189
551 0.66050925
552 0.66731912
553 0.68307398
554 0.69315969
555 0.6962971
556 0.71494857
557 0.72576533
558 0.73931054
559 0.74689396
560 0.76358951
561 0.7666267
562 0.78063975
563 0.78534767
564 0.7942243
565 0.80371539
566 0.8234566
567 0.82945329
568 0.83999894
569 0.84622409
570 0.85387428
571 0.86311909
572 0.87405518
573 0.88134049
574 0.887803
575 0.89651235
576 0.90870188
577 0.90757064
578 0.91092661
579 0.92331315
580 0.93220084
581 0.94224204
582 0.95280621
583 0.95394995
584 0.96882486
585 0.97406422
586 0.97330173
587 0.9780948
588 0.98250591
589 0.98811059
590 0.99163183
591 0.99413944
592 0.99363255
593 0.99034507
594 0.98818956
595 0.98520637
596 0.98741085
597 0.99121124
598 0.99268065
599 0.99367749
600 1.0
601 0.9852763
602 0.99088341
603 0.99029151
604 0.98103909
605 0.96626225
606 0.9706198
607 0.95067856
608 0.94871863
609 0.93947323
610 0.92398302
611 0.91760293
612 0.9044921
613 0.89692907
614 0.89036791
615 0.89904365
616 0.89510009
617 0.8893221
618 0.89444286
619 0.88597144
620 0.89156305
621 0.87921399
622 0.86795539
623 0.86247794
624 0.85033795
625 0.85038189
626 0.83679446
627 0.82099997
628 0.81570632
629 0.78868626
630 0.78091703
631 0.76736851
632 0.74485677
633 0.73410894
634 0.72039888
635 0.71012908
636 0.69589547
637 0.69339734
638 0.67298482
639 0.66107329
640 0.65006713
641 0.63491149
642 0.62718836
643 0.61844699
644 0.60558371
645 0.59764346
646 0.5795701
647 0.56850794
648 0.5644541
649 0.54782675
650 0.53661985
651 0.52739471
652 0.51724208
653 0.49853633
654 0.48641774
655 0.4856574
656 0.47511965
657 0.45351744
658 0.44527033
659 0.43868762
660 0.43275929
661 0.42973215
662 0.413448
663 0.4030728
664 0.39461259
665 0.39249427
666 0.37226842
667 0.36687699
668 0.353849
669 0.35132417
670 0.33879719
671 0.33424593
672 0.32681616
673 0.31510193
674 0.31034978
675 0.29719946
676 0.29137839
677 0.28696455
678 0.27561362
679 0.27427057
680 0.26297507
681 0.2632591
682 0.25363404
683 0.24466924
684 0.23747755
685 0.23938765
686 0.23044726
687 0.22332636
688 0.21658872
689 0.21473318
690 0.20136688
691 0.20306418
692 0.19900747
693 0.19226853
694 0.18667793
695 0.18040856
696 0.17864664
697 0.17275894
698 0.1626504
699 0.16462268
700 0.1636425
701 0.15683019
702 0.1522706
703 0.15331368
704 0.14216694
705 0.13571434
706 0.13355868
707 0.1287109
708 0.12663796
709 0.12241194
710 0.11990391
711 0.11557206
712 0.11126951
713 0.10884419
714 0.10717776
715 0.10707021
716 0.10421223
717 0.10037766
718 0.09454036
719 0.09601609
720 0.09028333
721 0.08817319
722 0.08398322
723 0.08487193
724 0.07737252
725 0.07744618
726 0.07358548
727 0.07263315
728 0.07398596
729 0.06692509
730 0.06991762
731 0.06400235
732 0.06398325
733 0.06146042
734 0.05759828
735 0.05647594
736 0.05769018
737 0.05474289
738 0.05555305
739 0.04956139
740 0.05233967
741 0.05547939
742 0.04664812
743 0.04858221
744 0.0428572
745 0.04234227
746 0.04010922
747 0.03939196
748 0.04004991
749 0.04254417
750 0.03762674
751 0.03559874
752 0.03591135
753 0.03023976
754 0.03197109
755 0.03099148
756 0.0280798
757 0.03161411
758 0.02651906
759 0.02774091
760 0.02806817
761 0.0198973
762 0.02958339
763 0.02385709
764 0.02568405
765 0.02523029
766 0.02430697
767 0.01644024
768 0.01953214
769 0.02078817
770 0.02318291
771 0.02079104
772 0.01980238
773 0.01875586
774 0.01374438
775 0.01900629
776 0.01943866
777 0.01660121
778 0.0164994
779 0.01202109
780 0.0109997
781 0.01654234
782 0.00864674
783 0.01743349
784 0.00746036
785 0.01722197
786 0.01238008
787 0.01353229
788 0.01585308
789 0.01291627
790 0.00387306
791 0.00611171
792 0.00488655
793 0.00916555
794 0.00845619
795 0.00822371
796 0.00862463
797 0.00606346
798 0.00348334
799 0.00578517
800 0.00011387
801 0.00600875
802 8.242e-05
803 0.01234188
804 0.00699597
805 0.00873118
806 0.00649927
807 0.0050033
808 0.00081979
809 0.01164545
810 0.00023478
811 0.0
812 0.00638856
813 0.00614962
814 0.0
815 0.0
816 0.00916024
817 0.0
818 0.00640479
819 0.00831059
820 0.00511243
821 0.00325086
822 0.00455643
823 0.00772026
824 0.0
825 0.00210999
826 0.0
827 0.0
828 0.0
829 0.0
830 0.0
831 0.0
832 0.0
833 0.00699956
834 0.0
835 0.00248923
836 0.0
837 0.01044283
838 0.0
839 0.0
840 0.0
841 0.0
842 0.0
843 0.00353173
844 0.00200876
845 0.0
846 0.0048452
847 0.0
848 0.00010511
849 0.00112751
850 0.0
851 0.0
852 0.0
853 0.0
854 0.00163196
855 0.0
856 0.00335539
857 0.0
858 0.0
859 0.0
860 0.0
861 0.0
862 0.0
863 0.0
864 0.00836731
865 0.0
866 0.0
867 0.0
868 0.0
869 0.0
870 0.0
871 0.00853732
872 0.00041427
873 0.0
874 0.00343049
875 0.0
876 0.0
877 0.0
878 0.0
879 0.0
880 0.0
881 0.0
882 0.0
883 0.0
884 0.0
885 0.0
886 0.0
887 0.0
888 0.0
889 0.00331605
890 0.00308271
891 0.0
892 0.0
893 0.0
894 0.0
895 0.0
896 0.0
897 0.00471036
898 0.0091993
899 0.0
900 0.0
901 0.0
902 0.0
903 0.0
904 0.0
905 0.0
906 0.0
907 0.0
908 0.0
909 0.0
910 0.0
911 0.0
912 0.0
913 0.0
914 0.0
915 0.0
916 0.0
917 0.0
918 0.0
919 0.0
920 0.0
921 0.0
922 0.0
923 0.0
924 0.0
925 0.0
926 0.0
927 0.0
928 0.0
929 0.0
930 0.0
931 0.0
932 0.0
933 0.0
934 0.0
935 0.0
936 0.0
937 0.0
938 0.0
939 0.0
940 0.0
941 0.0
942 0.0
943 0.0
944 0.0
945 0.0
946 0.0
947 0.0
948 0.0
949 0.0
950 0.0
951 0.0
952 0.0
953 0.0
954 0.0
955 0.0
956 0.0
957 0.0
958 0.0
959 0.0
960 0.0
961 0.0
962 0.0
963 0.0
964 0.0
965 0.0
966 0.0
967 0.0
968 0.0
969 0.0
970 0.0
971 0.0
972 0.0
973 0.0
974 0.0
975 0.0
976 0.0
977 0.0
978 0.0
979 0.0
980 0.0
981 0.0
982 0.0
983 0.0
984 0.0
985 0.0
986 0.0
987 0.0
988 0.0
989 0.0
990 0.0
991 0.0
992 0.0
993 0.0
994 0.0
995 0.0
996 0.0
997 0.0
998 0.0
999 0.0
1000 0.0
1001 0.0
1002 0.0
1003 0.0
1004 0.0
1005 0.0
1006 0.0
1007 0.0
1008 0.0
1009 0.0
1010 0.0
1011 0.0
1012 0.0
1013 0.0
1014 0.0
1015 0.0
1016 0.0
1017 0.0
1018 0.0
1019 0.0
1020 0.0
1021 0.0
1022 0.0
1023 0.0
1024 0.0
1025 0.0
1026 0.0
1027 0.0
1028 0.0
1029 0.0
1030 0.0
1031 0.0
1032 0.0
1033 0.0
1034 0.0
1035 0.0
1036 0.0
1037 0.0
1038 0.0
1039 0.0
1040 0.0
1041 0.0
1042 0.0
1043 0.0
1044 0.0
1045 0.0
1046 0.0
1047 0.0
1048 0.0
1049 0.0
1050 0.0
1051 0.0
1052 0.0
1053 0.0
1054 0.0
1055 0.0
1056 0.0
1057 0.0
1058 0.0
1059 0.0
1060 0.0
1061 0.0
1062 0.0
1063 0.0
1064 0.0
1065 0.0
1066 0.0
1067 0.0
1068 0.0
1069 0.0
1070 0.0
1071 0.0
1072 0.0
1073 0.0
1074 0.0
1075 0.0
1076 0.0
1077 0.0
1078 0.0
1079 0.0
1080 0.0
1081 0.0
1082 0.0
1083 0.0
1084 0.0
1085 0.0
1086 0.0
1087 0.0
1088 0.0
1089 0.0
1090 0.0
1091 0.0
1092 0.0
1093 0.0
1094 0.0
1095 0.0
1096 0.0
1097 0.0
1098 0.0
1099 0.0
1100 0.0
