LED_3114K_Madrid_LICA_Philips_onaxis
380 0.00065092
381 8.979e-05
382 0.00076832
383 0.0
384 0.0
385 0.00054396
386 0.0
387 0.0
388 2.167e-05
389 0.0
390 0.00104814
391 0.0
392 0.00012982
393 0.00217855
394 0.00276913
395 0.00178248
396 0.00132928
397 0.00031753
398 0.00118792
399 0.00185899
400 0.00311059
401 0.00480223
402 0.00333632
403 0.00092838
404 4.625e-05
405 0.00214244
406 0.00363074
407 0.00662308
408 0.00712598
409 0.00925704
410 0.0115014
411 0.01317238
412 0.0172198
413 0.0190358
414 0.02221829
415 0.02831757
416 0.03773906
417 0.04194842
418 0.04782849
419 0.05584948
420 0.06799011
421 0.07920275
422 0.09450992
423 0.1144653
424 0.12680666
425 0.15468566
426 0.17412582
427 0.19732374
428 0.22021835
429 0.24913211
430 0.27919465
431 0.31441651
432 0.3407707
433 0.37045611
434 0.40058624
435 0.43313444
436 0.46655601
437 0.49843589
438 0.52790918
439 0.56774746
440 0.59799423
441 0.62653905
442 0.66621573
443 0.70818775
444 0.73955891
445 0.78374898
446 0.81033876
447 0.84584612
448 0.86476735
449 0.87222425
450 0.86479351
451 0.83169924
452 0.79666049
453 0.73562222
454 0.68812297
455 0.62047846
456 0.55942048
457 0.49349399
458 0.44994628
459 0.39271073
460 0.36038092
461 0.32973636
462 0.3062782
463 0.28006907
464 0.26654985
465 0.23914775
466 0.22293348
467 0.21137177
468 0.20488204
469 0.19050454
470 0.17623159
471 0.16685264
472 0.15152034
473 0.14191689
474 0.12971299
475 0.12237468
476 0.11490366
477 0.11497524
478 0.10547903
479 0.10399725
480 0.10272373
481 0.10458085
482 0.09997957
483 0.10298411
484 0.10008911
485 0.10223988
486 0.10325979
487 0.10243106
488 0.10566321
489 0.10792406
490 0.10909125
491 0.11381903
492 0.12147987
493 0.12440221
494 0.13580668
495 0.13405463
496 0.14369903
497 0.15852049
498 0.16104314
499 0.17469837
500 0.18460811
501 0.19444509
502 0.20674372
503 0.21665678
504 0.22569553
505 0.24197171
506 0.2453061
507 0.2608158
508 0.27325655
509 0.28289132
510 0.29283907
511 0.30464443
512 0.32000186
513 0.32309698
514 0.34187561
515 0.35541557
516 0.36374845
517 0.37205698
518 0.3786989
519 0.39145916
520 0.39791149
521 0.41043182
522 0.42224349
523 0.43243545
524 0.43907189
525 0.45134337
526 0.46190792
527 0.46624023
528 0.47577077
529 0.48769744
530 0.49387153
531 0.49991427
532 0.5117887
533 0.5137635
534 0.52122617
535 0.52921868
536 0.5399326
537 0.54462145
538 0.55044874
539 0.56144198
540 0.56870441
541 0.57982109
542 0.58652056
543 0.59517498
544 0.59660887
545 0.6137278
546 0.61600528
547 0.62733424
548 0.6314554
549 0.64688658
550 0.65523181
551 0.66523943
552 0.67282325
553 0.6857589
554 0.68814038
555 0.70685957
556 0.71309845
557 0.7276504
558 0.73704888
559 0.75456908
560 0.76687302
561 0.77770073
562 0.78216469
563 0.78696579
564 0.79298449
565 0.80480766
566 0.81466006
567 0.83133085
568 0.83519431
569 0.85250638
570 0.85512334
571 0.86126895
572 0.86772869
573 0.87790385
574 0.88760865
575 0.89559548
576 0.89483992
577 0.91150299
578 0.9143472
579 0.9179183
580 0.92403404
581 0.92940008
582 0.9381129
583 0.95078662
584 0.95698648
585 0.9707465
586 0.97423096
587 0.98632189
588 0.97920451
589 0.98222972
590 0.98499514
591 0.98516044
592 0.98887367
593 1.0
594 0.99597422
595 0.99061638
596 0.98336602
597 0.98781281
598 0.99320827
599 0.99914001
600 0.99180964
601 0.98290898
602 0.98947652
603 0.99768527
604 0.98783016
605 0.97159928
606 0.9712829
607 0.9571061
608 0.94349122
609 0.93496244
610 0.93383496
611 0.92308848
612 0.92393396
613 0.9156849
614 0.91320449
615 0.90568278
616 0.90030974
617 0.89508361
618 0.89687825
619 0.88996042
620 0.88485441
621 0.86902846
622 0.85802181
623 0.84843425
624 0.8341296
625 0.82072434
626 0.81296304
627 0.80330333
628 0.79251004
629 0.78111256
630 0.77214589
631 0.75613682
632 0.73740907
633 0.73448449
634 0.72377059
635 0.7112222
636 0.69184937
637 0.68501317
638 0.67764048
639 0.65745248
640 0.64602922
641 0.63406278
642 0.62685815
643 0.6061939
644 0.59912819
645 0.58759802
646 0.5836052
647 0.56119933
648 0.5482258
649 0.54332618
650 0.52852928
651 0.51648745
652 0.51417592
653 0.49753114
654 0.48750797
655 0.47819847
656 0.47059155
657 0.46220811
658 0.43965136
659 0.44080903
660 0.42316837
661 0.41999149
662 0.40895113
663 0.39669607
664 0.39231467
665 0.38475914
666 0.37170705
667 0.36381767
668 0.35050036
669 0.34790108
670 0.33798258
671 0.33493777
672 0.32863127
673 0.31896438
674 0.30221057
675 0.30117355
676 0.29411958
677 0.28172903
678 0.27397722
679 0.2690791
680 0.26435352
681 0.25428595
682 0.25327879
683 0.23492102
684 0.23944784
685 0.23514927
686 0.22103583
687 0.22371787
688 0.21206327
689 0.20604309
690 0.20560964
691 0.1986236
692 0.19803698
693 0.18794779
694 0.18522553
695 0.17503452
696 0.17398115
697 0.16343552
698 0.16421991
699 0.15880219
700 0.15527994
701 0.15600417
702 0.14756623
703 0.14640687
704 0.13655306
705 0.13940792
706 0.13456443
707 0.12764405
708 0.12570037
709 0.11902862
710 0.12087083
711 0.11630838
712 0.11150375
713 0.10591853
714 0.10475053
715 0.10532947
716 0.0994632
717 0.09493256
718 0.09284018
719 0.09027433
720 0.09310642
721 0.08838583
722 0.08862766
723 0.08357051
724 0.08122211
725 0.07898908
726 0.07535076
727 0.07405785
728 0.0737045
729 0.06656319
730 0.06719881
731 0.06631862
732 0.06990391
733 0.06010887
734 0.06072952
735 0.05753051
736 0.06288455
737 0.05208807
738 0.05423359
739 0.0548062
740 0.05216213
741 0.04684979
742 0.05115728
743 0.04577516
744 0.04634396
745 0.04553014
746 0.04437921
747 0.04112966
748 0.03634895
749 0.04109252
750 0.03824563
751 0.03095511
752 0.03842628
753 0.03914322
754 0.0342797
755 0.03295385
756 0.03220902
757 0.03007941
758 0.0291341
759 0.02535768
760 0.02562387
761 0.03069168
762 0.03031769
763 0.02751617
764 0.02201149
765 0.0265286
766 0.02497356
767 0.02144499
768 0.02176184
769 0.01674832
770 0.01899997
771 0.02348524
772 0.02168195
773 0.02321366
774 0.01974595
775 0.01295237
776 0.01719153
777 0.0175995
778 0.02219215
779 0.01048788
780 0.01830652
781 0.01402932
782 0.01506032
783 0.01503537
784 0.00611014
785 0.00385228
786 0.02171239
787 0.01594519
788 0.01399763
789 0.01062776
790 0.01672564
791 0.00834744
792 0.01178823
793 0.01212458
794 0.00670347
795 0.00218166
796 0.00906495
797 0.0096554
798 0.00345448
799 0.00195587
800 0.01110519
801 0.00360558
802 0.01240505
803 0.00956864
804 0.00933388
805 0.00513059
806 0.00236691
807 0.00257298
808 0.00575706
809 0.01091869
810 0.00314466
811 0.00064253
812 0.00862656
813 0.00092469
814 0.00395348
815 0.00019912
816 0.0
817 0.0
818 0.00165049
819 0.00159034
820 0.00270137
821 0.01058123
822 0.00313513
823 0.00405189
824 0.00354661
825 0.00461464
826 0.00686986
827 0.00284466
828 0.01366829
829 0.00072785
830 0.0
831 0.00187824
832 0.00623704
833 0.00758406
834 0.00280695
835 0.00542397
836 0.0
837 0.00013172
838 0.00072754
839 0.01255229
840 0.00015876
841 0.00783045
842 0.0
843 0.00154988
844 0.0
845 0.0044583
846 3.286e-05
847 0.0083461
848 0.0
849 0.00131288
850 0.00352056
851 0.0
852 0.00602084
853 0.0
854 0.00223777
855 0.0
856 0.0
857 0.0
858 0.00501001
859 0.0
860 0.00795122
861 0.0
862 5.564e-05
863 0.0
864 0.0
865 0.00356362
866 0.00518474
867 0.0
868 0.00054366
869 0.01352598
870 0.0
871 0.00326336
872 0.00983433
873 0.0006453
874 0.00023872
875 0.0
876 0.0
877 0.00364758
878 0.0
879 0.00372064
880 0.0
881 0.00052633
882 0.0
883 0.01554482
884 1.503e-05
885 0.0
886 0.0
887 0.00161858
888 0.0
889 0.0
890 0.0
891 0.0
892 0.0
893 0.00524623
894 0.0
895 0.00584222
896 0.0
897 0.00013357
898 0.00951867
899 0.0
900 0.0
901 0.0
902 0.0
903 0.0
904 0.0
905 0.0
906 0.0
907 0.0
908 0.0
909 0.0
910 0.0
911 0.0
912 0.0
913 0.0
914 0.0
915 0.0
916 0.0
917 0.0
918 0.0
919 0.0
920 0.0
921 0.0
922 0.0
923 0.0
924 0.0
925 0.0
926 0.0
927 0.0
928 0.0
929 0.0
930 0.0
931 0.0
932 0.0
933 0.0
934 0.0
935 0.0
936 0.0
937 0.0
938 0.0
939 0.0
940 0.0
941 0.0
942 0.0
943 0.0
944 0.0
945 0.0
946 0.0
947 0.0
948 0.0
949 0.0
950 0.0
951 0.0
952 0.0
953 0.0
954 0.0
955 0.0
956 0.0
957 0.0
958 0.0
959 0.0
960 0.0
961 0.0
962 0.0
963 0.0
964 0.0
965 0.0
966 0.0
967 0.0
968 0.0
969 0.0
970 0.0
971 0.0
972 0.0
973 0.0
974 0.0
975 0.0
976 0.0
977 0.0
978 0.0
979 0.0
980 0.0
981 0.0
982 0.0
983 0.0
984 0.0
985 0.0
986 0.0
987 0.0
988 0.0
989 0.0
990 0.0
991 0.0
992 0.0
993 0.0
994 0.0
995 0.0
996 0.0
997 0.0
998 0.0
999 0.0
1000 0.0
1001 0.0
1002 0.0
1003 0.0
1004 0.0
1005 0.0
1006 0.0
1007 0.0
1008 0.0
1009 0.0
1010 0.0
1011 0.0
1012 0.0
1013 0.0
1014 0.0
1015 0.0
1016 0.0
1017 0.0
1018 0.0
1019 0.0
1020 0.0
1021 0.0
1022 0.0
1023 0.0
1024 0.0
1025 0.0
1026 0.0
1027 0.0
1028 0.0
1029 0.0
1030 0.0
1031 0.0
1032 0.0
1033 0.0
1034 0.0
1035 0.0
1036 0.0
1037 0.0
1038 0.0
1039 0.0
1040 0.0
1041 0.0
1042 0.0
1043 0.0
1044 0.0
1045 0.0
1046 0.0
1047 0.0
1048 0.0
1049 0.0
1050 0.0
1051 0.0
1052 0.0
1053 0.0
1054 0.0
1055 0.0
1056 0.0
1057 0.0
1058 0.0
1059 0.0
1060 0.0
1061 0.0
1062 0.0
1063 0.0
1064 0.0
1065 0.0
1066 0.0
1067 0.0
1068 0.0
1069 0.0
1070 0.0
1071 0.0
1072 0.0
1073 0.0
1074 0.0
1075 0.0
1076 0.0
1077 0.0
1078 0.0
1079 0.0
1080 0.0
1081 0.0
1082 0.0
1083 0.0
1084 0.0
1085 0.0
1086 0.0
1087 0.0
1088 0.0
1089 0.0
1090 0.0
1091 0.0
1092 0.0
1093 0.0
1094 0.0
1095 0.0
1096 0.0
1097 0.0
1098 0.0
1099 0.0
1100 0.0
