LED_3140K_Madrid_Espoz_Mina_Philips
380 0.00222927
381 0.0
382 0.0
383 0.0
384 0.00130866
385 0.00210084
386 0.0
387 0.00051078
388 0.00169995
389 0.00164533
390 0.0
391 0.0
392 0.0
393 0.0
394 0.0
395 0.00088241
396 0.0007109
397 6.5e-06
398 0.0
399 0.00204394
400 0.00226194
401 0.00115844
402 6.308e-05
403 0.00162761
404 0.0009263
405 0.00343453
406 0.00166858
407 0.00536354
408 0.00743544
409 0.00930983
410 0.00876702
411 0.01115105
412 0.01435831
413 0.01523503
414 0.01864956
415 0.02158941
416 0.02775586
417 0.03117364
418 0.03589245
419 0.04753363
420 0.053406
421 0.0616637
422 0.07227714
423 0.08774822
424 0.09942549
425 0.10845375
426 0.12637063
427 0.14463232
428 0.16455802
429 0.18293529
430 0.20322141
431 0.23309225
432 0.25371374
433 0.28013981
434 0.29588334
435 0.3285139
436 0.35427833
437 0.37493152
438 0.40572687
439 0.44026173
440 0.45846001
441 0.49337804
442 0.52481748
443 0.55878791
444 0.58322645
445 0.62565274
446 0.65360921
447 0.69068643
448 0.72011542
449 0.7362961
450 0.75507393
451 0.74840238
452 0.74159233
453 0.72152861
454 0.68672649
455 0.65098295
456 0.61232998
457 0.555725
458 0.51143017
459 0.46934738
460 0.42574085
461 0.39378462
462 0.35924521
463 0.32690141
464 0.30948589
465 0.29088623
466 0.26737757
467 0.25391629
468 0.24822762
469 0.22784381
470 0.21606997
471 0.20481634
472 0.19401107
473 0.18016159
474 0.17053606
475 0.15822543
476 0.15114682
477 0.14348346
478 0.13553334
479 0.13073374
480 0.12802328
481 0.12661936
482 0.12342364
483 0.12191178
484 0.11975745
485 0.12260967
486 0.12157152
487 0.1223642
488 0.12369626
489 0.1249807
490 0.12511107
491 0.1321136
492 0.13692344
493 0.14123404
494 0.14585286
495 0.15421379
496 0.15739439
497 0.16845099
498 0.17811814
499 0.18651792
500 0.19441245
501 0.20048526
502 0.2146402
503 0.22633129
504 0.23152511
505 0.2456742
506 0.25505247
507 0.26777146
508 0.2797303
509 0.29601795
510 0.30324238
511 0.31739147
512 0.32728718
513 0.3336744
514 0.34925
515 0.36317768
516 0.37010754
517 0.37879506
518 0.39112553
519 0.39800044
520 0.40552139
521 0.41268128
522 0.4252447
523 0.43632438
524 0.44752908
525 0.45846538
526 0.46782105
527 0.47427426
528 0.4839458
529 0.49495607
530 0.50144359
531 0.50524064
532 0.51987954
533 0.5233882
534 0.53348793
535 0.54547099
536 0.55067652
537 0.55599047
538 0.56458631
539 0.57822706
540 0.58834321
541 0.59588188
542 0.60203711
543 0.61580271
544 0.6152204
545 0.62602388
546 0.63056809
547 0.6475876
548 0.65551009
549 0.66358653
550 0.67276598
551 0.68377754
552 0.68531314
553 0.70334707
554 0.71611809
555 0.72587887
556 0.73157437
557 0.74289172
558 0.75697318
559 0.76757427
560 0.78290001
561 0.79097694
562 0.80266055
563 0.81203768
564 0.81178245
565 0.82466402
566 0.84115926
567 0.85343803
568 0.85664984
569 0.87168898
570 0.87211685
571 0.88610029
572 0.88044917
573 0.89289278
574 0.90406919
575 0.90837426
576 0.92260333
577 0.9259808
578 0.92595593
579 0.93570891
580 0.94168597
581 0.95247937
582 0.95538508
583 0.95707056
584 0.96832208
585 0.98419355
586 0.97623042
587 0.9868463
588 0.98236387
589 0.98913897
590 0.98292993
591 0.99425833
592 0.98440993
593 0.99340925
594 0.98710543
595 0.98898437
596 0.99629675
597 0.98836044
598 0.98995001
599 0.99137165
600 1.0
601 0.98231787
602 0.9812264
603 0.98747478
604 0.97168459
605 0.96496558
606 0.95689304
607 0.95094248
608 0.93657978
609 0.93347867
610 0.92288798
611 0.90904468
612 0.91247417
613 0.90080584
614 0.90233363
615 0.89971697
616 0.89548603
617 0.88175002
618 0.89289652
619 0.88104042
620 0.87541353
621 0.85755224
622 0.85019207
623 0.84099051
624 0.83457745
625 0.81029969
626 0.7998971
627 0.78777
628 0.78032091
629 0.77357084
630 0.76041015
631 0.7528297
632 0.73295553
633 0.70866867
634 0.71467434
635 0.69618815
636 0.68932267
637 0.66967592
638 0.6593486
639 0.64656311
640 0.63928308
641 0.61197428
642 0.61516789
643 0.6014735
644 0.59167646
645 0.57784649
646 0.57280028
647 0.55438058
648 0.54495891
649 0.53808806
650 0.52362034
651 0.52478123
652 0.51559511
653 0.49737537
654 0.48791111
655 0.47916636
656 0.46104107
657 0.45593439
658 0.43887618
659 0.43541255
660 0.42829281
661 0.41960155
662 0.41398945
663 0.39550765
664 0.38750908
665 0.38125875
666 0.37230917
667 0.36538565
668 0.35059507
669 0.34021247
670 0.34399213
671 0.3270986
672 0.32202687
673 0.32001366
674 0.30992124
675 0.30302113
676 0.30019101
677 0.29056727
678 0.27870191
679 0.27963504
680 0.26474709
681 0.25781609
682 0.25402716
683 0.24851732
684 0.24272688
685 0.23403432
686 0.22337454
687 0.22094061
688 0.2148756
689 0.21053801
690 0.21118616
691 0.19647703
692 0.19545807
693 0.19372886
694 0.19021272
695 0.17838133
696 0.17495639
697 0.17293147
698 0.16401896
699 0.16555992
700 0.16097995
701 0.16103311
702 0.15382217
703 0.1553485
704 0.13884351
705 0.14430475
706 0.13682492
707 0.13665325
708 0.12967625
709 0.12149333
710 0.11707934
711 0.12141936
712 0.11246198
713 0.11495737
714 0.10284734
715 0.10416738
716 0.10155397
717 0.10168678
718 0.09543125
719 0.09692376
720 0.09176278
721 0.09198745
722 0.08739155
723 0.08204362
724 0.08303429
725 0.08242695
726 0.0851748
727 0.07784405
728 0.07802141
729 0.07807473
730 0.07184423
731 0.07098669
732 0.06858527
733 0.06872654
734 0.06018533
735 0.06165541
736 0.05560292
737 0.05820674
738 0.06287921
739 0.05774391
740 0.05468149
741 0.05727962
742 0.04858446
743 0.05433068
744 0.04269388
745 0.04412869
746 0.0433908
747 0.04115503
748 0.04257797
749 0.03816414
750 0.03991725
751 0.0342463
752 0.03925691
753 0.0341512
754 0.02989279
755 0.02916596
756 0.03536492
757 0.03438416
758 0.02887447
759 0.03446203
760 0.02427402
761 0.02928398
762 0.03337771
763 0.02979509
764 0.02397864
765 0.02400107
766 0.02594699
767 0.01420371
768 0.02194087
769 0.02372959
770 0.02171426
771 0.02099734
772 0.02363384
773 0.01977696
774 0.01799719
775 0.02238062
776 0.02179863
777 0.01933738
778 0.01920489
779 0.01667666
780 0.01550391
781 0.01115365
782 0.0156338
783 0.01268616
784 0.01016931
785 0.01318524
786 0.01422517
787 0.01041007
788 0.01602266
789 0.0130625
790 0.00987962
791 0.0060377
792 0.01220919
793 0.01283767
794 0.013287
795 0.0072519
796 0.00716087
797 0.00908922
798 0.00959188
799 0.01150983
800 0.00803027
801 0.0
802 0.00576117
803 0.01542084
804 0.00912548
805 0.01415982
806 0.00603916
807 0.01021386
808 0.0
809 0.00560804
810 0.01814967
811 0.01643168
812 0.00172206
813 0.01077276
814 0.00551895
815 0.00949206
816 0.00763166
817 0.01043885
818 0.01048079
819 0.0108238
820 0.0094958
821 0.01489543
822 0.00994302
823 0.01057865
824 0.00115991
825 0.00127419
826 0.00374113
827 0.00314614
828 0.00350362
829 0.0
830 0.00727255
831 0.01339625
832 0.0
833 0.00175587
834 0.0
835 0.0
836 0.0
837 0.0
838 0.0
839 0.00412381
840 0.00308355
841 0.0
842 0.00542044
843 0.00490787
844 0.01144643
845 0.00255911
846 0.00925732
847 0.01492794
848 0.00481569
849 0.0
850 0.0
851 0.00376551
852 0.0
853 0.0
854 0.00539816
855 0.0
856 0.0
857 0.0
858 0.0
859 0.00166337
860 0.00615914
861 0.00428524
862 0.00848074
863 0.0
864 0.0
865 0.0
866 0.00034773
867 0.01542653
868 0.0
869 0.0
870 0.0
871 0.0
872 0.0
873 0.0
874 0.0
875 0.0
876 0.00027587
877 0.0
878 0.0
879 0.01037528
880 0.0
881 0.0
882 0.0
883 0.0
884 0.0
885 0.00103863
886 0.0
887 0.00364668
888 0.0
889 0.0
890 0.01289863
891 0.00351663
892 0.0
893 0.0
894 0.0
895 0.0
896 0.0
897 0.0
898 0.0
899 0.0
900 0.00444033
901 0.0
902 0.0
903 0.0
904 0.0
905 0.0
906 0.0
907 0.0
908 0.0
909 0.0
910 0.0
911 0.0
912 0.0
913 0.0
914 0.0
915 0.0
916 0.0
917 0.0
918 0.0
919 0.0
920 0.0
921 0.0
922 0.0
923 0.0
924 0.0
925 0.0
926 0.0
927 0.0
928 0.0
929 0.0
930 0.0
931 0.0
932 0.0
933 0.0
934 0.0
935 0.0
936 0.0
937 0.0
938 0.0
939 0.0
940 0.0
941 0.0
942 0.0
943 0.0
944 0.0
945 0.0
946 0.0
947 0.0
948 0.0
949 0.0
950 0.0
951 0.0
952 0.0
953 0.0
954 0.0
955 0.0
956 0.0
957 0.0
958 0.0
959 0.0
960 0.0
961 0.0
962 0.0
963 0.0
964 0.0
965 0.0
966 0.0
967 0.0
968 0.0
969 0.0
970 0.0
971 0.0
972 0.0
973 0.0
974 0.0
975 0.0
976 0.0
977 0.0
978 0.0
979 0.0
980 0.0
981 0.0
982 0.0
983 0.0
984 0.0
985 0.0
986 0.0
987 0.0
988 0.0
989 0.0
990 0.0
991 0.0
992 0.0
993 0.0
994 0.0
995 0.0
996 0.0
997 0.0
998 0.0
999 0.0
1000 0.0
1001 0.0
1002 0.0
1003 0.0
1004 0.0
1005 0.0
1006 0.0
1007 0.0
1008 0.0
1009 0.0
1010 0.0
1011 0.0
1012 0.0
1013 0.0
1014 0.0
1015 0.0
1016 0.0
1017 0.0
1018 0.0
1019 0.0
1020 0.0
1021 0.0
1022 0.0
1023 0.0
1024 0.0
1025 0.0
1026 0.0
1027 0.0
1028 0.0
1029 0.0
1030 0.0
1031 0.0
1032 0.0
1033 0.0
1034 0.0
1035 0.0
1036 0.0
1037 0.0
1038 0.0
1039 0.0
1040 0.0
1041 0.0
1042 0.0
1043 0.0
1044 0.0
1045 0.0
1046 0.0
1047 0.0
1048 0.0
1049 0.0
1050 0.0
1051 0.0
1052 0.0
1053 0.0
1054 0.0
1055 0.0
1056 0.0
1057 0.0
1058 0.0
1059 0.0
1060 0.0
1061 0.0
1062 0.0
1063 0.0
1064 0.0
1065 0.0
1066 0.0
1067 0.0
1068 0.0
1069 0.0
1070 0.0
1071 0.0
1072 0.0
1073 0.0
1074 0.0
1075 0.0
1076 0.0
1077 0.0
1078 0.0
1079 0.0
1080 0.0
1081 0.0
1082 0.0
1083 0.0
1084 0.0
1085 0.0
1086 0.0
1087 0.0
1088 0.0
1089 0.0
1090 0.0
1091 0.0
1092 0.0
1093 0.0
1094 0.0
1095 0.0
1096 0.0
1097 0.0
1098 0.0
1099 0.0
1100 0.0
