LED_3836K_Lexman_4000K
380 6.888e-05
381 1.684e-05
382 0.0006398
383 0.00020322
384 0.00059413
385 0.00020446
386 0.0013664
387 0.0
388 0.00108213
389 0.00118911
390 0.00093174
391 0.0008829
392 0.00047677
393 0.00083514
394 0.00111056
395 0.00141434
396 0.0004255
397 0.00070632
398 0.00113859
399 0.00186604
400 0.00130376
401 0.00234773
402 0.00126516
403 0.00093163
404 0.00196538
405 0.00164948
406 0.00179823
407 0.00227089
408 0.00218786
409 0.00309127
410 0.00321448
411 0.00315819
412 0.00423182
413 0.00666392
414 0.00878715
415 0.01073463
416 0.01482188
417 0.01780911
418 0.02341853
419 0.02779365
420 0.03592161
421 0.0420914
422 0.05080696
423 0.06206024
424 0.07164549
425 0.08052153
426 0.09611378
427 0.10963418
428 0.12367788
429 0.13879129
430 0.15366703
431 0.17251066
432 0.18837681
433 0.20405904
434 0.22134299
435 0.24667751
436 0.26839145
437 0.29281505
438 0.32572273
439 0.36428659
440 0.40049349
441 0.44763279
442 0.49738113
443 0.56090655
444 0.61492562
445 0.6877354
446 0.75227365
447 0.82492771
448 0.89043708
449 0.97141495
450 0.97601255
451 0.99993699
452 1.0
453 0.98005186
454 0.92959195
455 0.87248985
456 0.80602624
457 0.74224778
458 0.68084829
459 0.63362039
460 0.58696034
461 0.55108322
462 0.51905004
463 0.48900657
464 0.47495173
465 0.45589847
466 0.43276523
467 0.41888745
468 0.4035382
469 0.37949046
470 0.36180524
471 0.34559039
472 0.32586072
473 0.30769346
474 0.2943194
475 0.28336892
476 0.2726752
477 0.26717244
478 0.25916108
479 0.26177999
480 0.26106589
481 0.2643683
482 0.2648079
483 0.27007675
484 0.27387213
485 0.28115249
486 0.28965709
487 0.29559428
488 0.30117811
489 0.31234144
490 0.31976654
491 0.3298128
492 0.34060784
493 0.35289694
494 0.3661011
495 0.3773141
496 0.39108069
497 0.40843888
498 0.42046153
499 0.43630916
500 0.44894097
501 0.46218966
502 0.47821561
503 0.49460476
504 0.50226945
505 0.51427418
506 0.52600553
507 0.53830357
508 0.54963984
509 0.56270322
510 0.57292087
511 0.5854519
512 0.59751664
513 0.6035173
514 0.6146781
515 0.62352453
516 0.63024735
517 0.6356749
518 0.63981788
519 0.64480693
520 0.65153721
521 0.65633322
522 0.66251306
523 0.66868807
524 0.67830485
525 0.68063644
526 0.68752842
527 0.69215028
528 0.69759484
529 0.70313339
530 0.70637038
531 0.70709854
532 0.71278455
533 0.711918
534 0.71612923
535 0.72061673
536 0.72483565
537 0.72764111
538 0.73048453
539 0.73369966
540 0.73963448
541 0.74624718
542 0.74812443
543 0.75377157
544 0.75451815
545 0.75931596
546 0.76036406
547 0.7667711
548 0.77322153
549 0.7724221
550 0.77730124
551 0.78562405
552 0.78867923
553 0.79309486
554 0.7980262
555 0.80361285
556 0.81263817
557 0.81879677
558 0.82803247
559 0.83163716
560 0.83816149
561 0.84859763
562 0.84829359
563 0.84874197
564 0.8512563
565 0.85728925
566 0.86552241
567 0.87161157
568 0.87374213
569 0.87737536
570 0.87884847
571 0.88422862
572 0.88769497
573 0.89286917
574 0.89388985
575 0.89763095
576 0.90029345
577 0.90829194
578 0.91144089
579 0.91284489
580 0.91810567
581 0.91954647
582 0.92702103
583 0.93457635
584 0.94118767
585 0.95054505
586 0.95289502
587 0.9565491
588 0.95631716
589 0.95762691
590 0.95955694
591 0.96401525
592 0.96358951
593 0.96631802
594 0.96483695
595 0.96826199
596 0.96699647
597 0.96725855
598 0.96959838
599 0.97307018
600 0.97416402
601 0.9696644
602 0.97241351
603 0.97353364
604 0.9705892
605 0.96410329
606 0.95980323
607 0.94906428
608 0.94306057
609 0.93919489
610 0.93286056
611 0.92917225
612 0.92043068
613 0.91528361
614 0.91424113
615 0.91491003
616 0.90892567
617 0.90908785
618 0.90893385
619 0.90146329
620 0.89750522
621 0.88165495
622 0.87248736
623 0.86594264
624 0.85286595
625 0.84767102
626 0.83626257
627 0.82618176
628 0.81509887
629 0.80129493
630 0.78904149
631 0.77878678
632 0.76449798
633 0.75281748
634 0.74420092
635 0.7301323
636 0.71759055
637 0.70716017
638 0.69708326
639 0.680934
640 0.66753891
641 0.65736822
642 0.64708873
643 0.63183224
644 0.62259863
645 0.60796597
646 0.59908818
647 0.58568413
648 0.57911373
649 0.56849915
650 0.55059513
651 0.54091576
652 0.5315833
653 0.515845
654 0.50705467
655 0.49359416
656 0.47991747
657 0.47177557
658 0.45836816
659 0.45067649
660 0.43978944
661 0.43046308
662 0.42012636
663 0.40772175
664 0.39692547
665 0.3894707
666 0.37802763
667 0.36934252
668 0.35845159
669 0.35242585
670 0.34230568
671 0.33496357
672 0.32419307
673 0.31829967
674 0.30793848
675 0.29942429
676 0.29158298
677 0.28310785
678 0.27555219
679 0.2691245
680 0.25942349
681 0.25438406
682 0.24853321
683 0.23919779
684 0.2329122
685 0.2259037
686 0.21888108
687 0.21379718
688 0.20624389
689 0.19867673
690 0.19286315
691 0.19061529
692 0.18489796
693 0.17776494
694 0.17380096
695 0.16882129
696 0.16308276
697 0.15809211
698 0.15191258
699 0.14971923
700 0.14677315
701 0.14112948
702 0.13844936
703 0.13318759
704 0.12994979
705 0.12386211
706 0.12251669
707 0.11763546
708 0.11283585
709 0.11010874
710 0.1072758
711 0.10398182
712 0.10088128
713 0.09643751
714 0.09553929
715 0.093993
716 0.08972132
717 0.08685648
718 0.08379582
719 0.08179991
720 0.07929358
721 0.07774802
722 0.0750982
723 0.0722574
724 0.06949393
725 0.06844169
726 0.0666836
727 0.06323992
728 0.06167217
729 0.059576
730 0.058223
731 0.0569045
732 0.05419613
733 0.05331135
734 0.05083232
735 0.04910829
736 0.0482993
737 0.04593957
738 0.0454889
739 0.04324489
740 0.04185859
741 0.04171653
742 0.04028309
743 0.03970195
744 0.03760616
745 0.03684788
746 0.03497588
747 0.03472839
748 0.03149848
749 0.03150886
750 0.02959664
751 0.02894398
752 0.02870319
753 0.02771012
754 0.02734523
755 0.02587596
756 0.024604
757 0.02454719
758 0.02284035
759 0.0229819
760 0.02152351
761 0.02151152
762 0.02114532
763 0.02128976
764 0.01852759
765 0.02038764
766 0.01713644
767 0.01781365
768 0.01717116
769 0.01635542
770 0.01702725
771 0.01726854
772 0.01531218
773 0.01500414
774 0.01351085
775 0.01551119
776 0.01249419
777 0.01277896
778 0.01157395
779 0.01246412
780 0.00954751
781 0.01271375
782 0.01129481
783 0.00958957
784 0.00808379
785 0.00934646
786 0.00690214
787 0.00846096
788 0.01006686
789 0.00854563
790 0.00642939
791 0.00875241
792 0.00914378
793 0.00743385
794 0.00663775
795 0.00556956
796 0.00637091
797 0.00563219
798 0.00614052
799 0.00437982
800 0.00339026
801 0.0033662
802 0.00419669
803 0.00396454
804 0.00613601
805 0.00416085
806 0.00388834
807 0.00202114
808 0.00351425
809 0.00414604
810 0.00369195
811 0.00297022
812 0.00476468
813 0.00180332
814 0.00096586
815 0.00259807
816 0.00226393
817 0.00253162
818 0.00156703
819 0.00137146
820 0.00026405
821 0.00230423
822 0.00147444
823 0.00180927
824 1.192e-05
825 0.00387171
826 0.00633513
827 0.00082384
828 0.00438339
829 0.00053165
830 0.00012942
831 0.00036465
832 0.00130416
833 0.00091221
834 0.000226
835 0.00031855
836 0.00144153
837 0.0
838 0.00036346
839 0.0
840 0.00146246
841 0.0
842 0.0
843 0.0
844 0.0
845 0.0002789
846 0.00143721
847 0.0
848 0.00025979
849 0.00024861
850 0.00189565
851 0.00325358
852 0.0
853 0.00070737
854 0.0
855 0.0
856 0.0
857 0.00148871
858 0.0
859 0.0
860 0.00123123
861 0.0
862 9.717e-05
863 0.0
864 0.0
865 0.0
866 0.0
867 2.03e-06
868 0.0
869 0.0
870 0.0
871 0.00123289
872 0.0
873 0.0
874 0.0
875 0.0
876 0.0
877 2.684e-05
878 0.00016026
879 0.0
880 0.0
881 0.00032393
882 4.025e-05
883 0.0
884 0.0
885 0.0
886 0.0
887 0.0
888 0.0
889 0.0
890 0.0
891 0.00281988
892 0.0
893 0.0
894 0.0
895 0.0
896 0.0
897 0.0
898 0.0
899 0.0
900 0.0
901 0.0
902 0.0
903 0.0
904 0.0
905 0.0
906 0.0
907 0.0
908 0.0
909 0.0
910 0.0
911 0.0
912 0.0
913 0.0
914 0.0
915 0.0
916 0.0
917 0.0
918 0.0
919 0.0
920 0.0
921 0.0
922 0.0
923 0.0
924 0.0
925 0.0
926 0.0
927 0.0
928 0.0
929 0.0
930 0.0
931 0.0
932 0.0
933 0.0
934 0.0
935 0.0
936 0.0
937 0.0
938 0.0
939 0.0
940 0.0
941 0.0
942 0.0
943 0.0
944 0.0
945 0.0
946 0.0
947 0.0
948 0.0
949 0.0
950 0.0
951 0.0
952 0.0
953 0.0
954 0.0
955 0.0
956 0.0
957 0.0
958 0.0
959 0.0
960 0.0
961 0.0
962 0.0
963 0.0
964 0.0
965 0.0
966 0.0
967 0.0
968 0.0
969 0.0
970 0.0
971 0.0
972 0.0
973 0.0
974 0.0
975 0.0
976 0.0
977 0.0
978 0.0
979 0.0
980 0.0
981 0.0
982 0.0
983 0.0
984 0.0
985 0.0
986 0.0
987 0.0
988 0.0
989 0.0
990 0.0
991 0.0
992 0.0
993 0.0
994 0.0
995 0.0
996 0.0
997 0.0
998 0.0
999 0.0
1000 0.0
1001 0.0
1002 0.0
1003 0.0
1004 0.0
1005 0.0
1006 0.0
1007 0.0
1008 0.0
1009 0.0
1010 0.0
1011 0.0
1012 0.0
1013 0.0
1014 0.0
1015 0.0
1016 0.0
1017 0.0
1018 0.0
1019 0.0
1020 0.0
1021 0.0
1022 0.0
1023 0.0
1024 0.0
1025 0.0
1026 0.0
1027 0.0
1028 0.0
1029 0.0
1030 0.0
1031 0.0
1032 0.0
1033 0.0
1034 0.0
1035 0.0
1036 0.0
1037 0.0
1038 0.0
1039 0.0
1040 0.0
1041 0.0
1042 0.0
1043 0.0
1044 0.0
1045 0.0
1046 0.0
1047 0.0
1048 0.0
1049 0.0
1050 0.0
1051 0.0
1052 0.0
1053 0.0
1054 0.0
1055 0.0
1056 0.0
1057 0.0
1058 0.0
1059 0.0
1060 0.0
1061 0.0
1062 0.0
1063 0.0
1064 0.0
1065 0.0
1066 0.0
1067 0.0
1068 0.0
1069 0.0
1070 0.0
1071 0.0
1072 0.0
1073 0.0
1074 0.0
1075 0.0
1076 0.0
1077 0.0
1078 0.0
1079 0.0
1080 0.0
1081 0.0
1082 0.0
1083 0.0
1084 0.0
1085 0.0
1086 0.0
1087 0.0
1088 0.0
1089 0.0
1090 0.0
1091 0.0
1092 0.0
1093 0.0
1094 0.0
1095 0.0
1096 0.0
1097 0.0
1098 0.0
1099 0.0
1100 0.0
