LED_3969K_Villarrubia_Ojos
380 0.0025973
381 0.0
382 0.00109963
383 0.00024028
384 0.00373818
385 0.00368815
386 0.00011509
387 0.00090898
388 0.00092639
389 0.00093274
390 0.00032102
391 0.00252559
392 0.0
393 0.00013999
394 0.00227384
395 0.00240616
396 0.00053356
397 0.00222111
398 0.00329101
399 0.00443683
400 0.004813
401 0.00506659
402 0.00296502
403 0.00407556
404 0.00675766
405 0.00853671
406 0.00769767
407 0.0108681
408 0.01142619
409 0.01702992
410 0.01749853
411 0.02164145
412 0.02717153
413 0.0306221
414 0.03737901
415 0.04751069
416 0.05777933
417 0.06694681
418 0.0802352
419 0.09645482
420 0.11220235
421 0.12261758
422 0.15154442
423 0.17866441
424 0.21074556
425 0.23482661
426 0.27038707
427 0.30816454
428 0.34830501
429 0.38945978
430 0.4370259
431 0.48054471
432 0.52759226
433 0.56895253
434 0.61492738
435 0.67360557
436 0.72147917
437 0.75650194
438 0.81101326
439 0.85765786
440 0.89016063
441 0.93834813
442 0.96639817
443 0.99769033
444 0.99452196
445 1.0
446 0.97739488
447 0.94168035
448 0.89967526
449 0.86218252
450 0.77578751
451 0.69539513
452 0.61645661
453 0.54717617
454 0.47782858
455 0.42868718
456 0.38406772
457 0.34077025
458 0.31075001
459 0.28786495
460 0.26415906
461 0.24761381
462 0.22101191
463 0.20750314
464 0.1883222
465 0.18039425
466 0.16096898
467 0.15340272
468 0.13943534
469 0.12971387
470 0.11876975
471 0.11307348
472 0.11201717
473 0.1015139
474 0.10358893
475 0.09937234
476 0.09877552
477 0.09817015
478 0.0924329
479 0.09482021
480 0.09436484
481 0.09830562
482 0.1011421
483 0.10191077
484 0.10399259
485 0.10860194
486 0.11280909
487 0.11656048
488 0.12506023
489 0.12976757
490 0.13708477
491 0.14855578
492 0.15642331
493 0.16528772
494 0.17646766
495 0.18995411
496 0.20464034
497 0.21640928
498 0.23631759
499 0.2489059
500 0.26247553
501 0.27968765
502 0.29575241
503 0.31473161
504 0.32755761
505 0.34233305
506 0.35926791
507 0.37859946
508 0.39904646
509 0.41646331
510 0.43152793
511 0.44976036
512 0.46836087
513 0.47995945
514 0.50220273
515 0.51839289
516 0.5293297
517 0.53889904
518 0.55426915
519 0.56481471
520 0.5744005
521 0.57595071
522 0.59613904
523 0.60889069
524 0.62149222
525 0.6230317
526 0.63868249
527 0.64815392
528 0.65947202
529 0.66843596
530 0.67126987
531 0.67553386
532 0.68614
533 0.68787326
534 0.6860705
535 0.7005232
536 0.7025716
537 0.70854828
538 0.72014414
539 0.72381051
540 0.72849331
541 0.73817291
542 0.73601438
543 0.75429378
544 0.74304377
545 0.75145554
546 0.75944204
547 0.76030272
548 0.7651862
549 0.76518195
550 0.77445004
551 0.77898622
552 0.79042727
553 0.79385221
554 0.79903608
555 0.81187559
556 0.82012234
557 0.82191391
558 0.82822145
559 0.83579482
560 0.8453286
561 0.85616933
562 0.85702851
563 0.85361988
564 0.86117256
565 0.86818458
566 0.87403485
567 0.8793573
568 0.87909918
569 0.88644382
570 0.88759025
571 0.89124699
572 0.89571783
573 0.90209781
574 0.89691041
575 0.89171549
576 0.90273154
577 0.91079164
578 0.9121111
579 0.91040403
580 0.91520577
581 0.91594911
582 0.91954042
583 0.92514575
584 0.92382463
585 0.93038726
586 0.92622655
587 0.93743705
588 0.92267715
589 0.9159997
590 0.92491694
591 0.91620245
592 0.90831665
593 0.9154391
594 0.89819818
595 0.8969038
596 0.89587868
597 0.89029609
598 0.8953785
599 0.88244516
600 0.88322484
601 0.87127077
602 0.8685766
603 0.86703741
604 0.85027853
605 0.83803471
606 0.82969521
607 0.81938735
608 0.80898463
609 0.80149613
610 0.79557813
611 0.78961061
612 0.77458072
613 0.7596552
614 0.75500766
615 0.74825395
616 0.74525316
617 0.73536437
618 0.72970721
619 0.70250268
620 0.71039093
621 0.68243293
622 0.67508779
623 0.66093281
624 0.64255168
625 0.63590069
626 0.62316658
627 0.61172772
628 0.59960235
629 0.58991694
630 0.57886527
631 0.55825491
632 0.54568141
633 0.54336518
634 0.53090122
635 0.51602643
636 0.51273162
637 0.50667565
638 0.49016555
639 0.47368187
640 0.4687477
641 0.45313872
642 0.4428287
643 0.43590887
644 0.42622934
645 0.41462605
646 0.40592403
647 0.39743227
648 0.38800086
649 0.38286459
650 0.36807962
651 0.35741524
652 0.35342654
653 0.34079348
654 0.33435662
655 0.32806515
656 0.31166224
657 0.2994168
658 0.298513
659 0.28993765
660 0.28162821
661 0.27772671
662 0.26335525
663 0.26261357
664 0.25639239
665 0.25182802
666 0.24049038
667 0.23280718
668 0.22885417
669 0.22134776
670 0.22509476
671 0.20633287
672 0.20958951
673 0.19630496
674 0.18938939
675 0.18705401
676 0.1818503
677 0.17800546
678 0.17538245
679 0.16734864
680 0.16203418
681 0.15781181
682 0.15768643
683 0.14950673
684 0.1369118
685 0.14086241
686 0.13694623
687 0.13491249
688 0.12860543
689 0.12585864
690 0.12004435
691 0.11838176
692 0.11580669
693 0.10786402
694 0.1078204
695 0.1070431
696 0.10290534
697 0.10318026
698 0.09541679
699 0.09523026
700 0.08653024
701 0.08935806
702 0.08827978
703 0.08398409
704 0.0796348
705 0.0746542
706 0.0819529
707 0.07673851
708 0.07350092
709 0.06941484
710 0.07425935
711 0.06613457
712 0.06149265
713 0.06369046
714 0.06076981
715 0.06152827
716 0.05684753
717 0.05634491
718 0.05627679
719 0.05418498
720 0.04810828
721 0.05103691
722 0.04874165
723 0.04255488
724 0.04526526
725 0.04571022
726 0.04470475
727 0.04413983
728 0.04293956
729 0.04309978
730 0.03496458
731 0.03912094
732 0.04391263
733 0.0315107
734 0.03192146
735 0.03152973
736 0.02653103
737 0.02978363
738 0.02867907
739 0.02873215
740 0.03000945
741 0.02896064
742 0.02632225
743 0.02511673
744 0.02648141
745 0.01943965
746 0.0239706
747 0.02611919
748 0.0221543
749 0.02418431
750 0.02150918
751 0.02051751
752 0.01691155
753 0.02279689
754 0.01680273
755 0.01788678
756 0.01859471
757 0.01531281
758 0.01460899
759 0.01504231
760 0.01536509
761 0.01821119
762 0.01381303
763 0.01674499
764 0.01700592
765 0.01096612
766 0.01273404
767 0.01741261
768 0.01818221
769 0.00981553
770 0.01532191
771 0.01130238
772 0.00739997
773 0.01016999
774 0.01330849
775 0.0129991
776 0.00814416
777 0.00873101
778 0.01318286
779 0.00706132
780 0.00510391
781 0.00071934
782 0.00905342
783 0.00770498
784 0.00592402
785 0.01015609
786 0.01812637
787 0.00656728
788 0.00355975
789 0.00286192
790 0.00913373
791 0.00183484
792 0.00903096
793 0.00584079
794 0.01036689
795 0.00285244
796 0.00659113
797 5.03e-06
798 0.0012924
799 0.00416217
800 0.00845084
801 0.0
802 0.0
803 0.01128942
804 0.006291
805 0.00878651
806 0.00501368
807 2.15e-05
808 0.00427062
809 0.01036869
810 0.00342821
811 0.00264414
812 0.00166075
813 0.00503213
814 0.0
815 0.00130843
816 0.00693301
817 0.0
818 0.01067716
819 0.00105416
820 0.00613266
821 0.00511538
822 0.00142982
823 0.0
824 2.44e-06
825 0.002461
826 0.00636752
827 0.00332849
828 0.00452569
829 0.00041747
830 0.00579277
831 0.00258589
832 0.00343162
833 2.12e-06
834 0.00626755
835 0.01325569
836 0.0
837 0.00136408
838 0.00381831
839 0.00787042
840 0.0
841 0.00426433
842 0.00394219
843 0.01224832
844 0.00572342
845 0.00136367
846 0.00067698
847 0.00948726
848 0.00275601
849 0.00149835
850 0.0
851 0.00015467
852 0.0
853 0.00880531
854 0.00764423
855 0.01933926
856 1.162e-05
857 0.00453018
858 0.0
859 0.00537364
860 0.0
861 0.00190371
862 0.0
863 0.00991322
864 0.00010892
865 0.00017263
866 0.00100779
867 0.0
868 0.00323831
869 0.00041489
870 0.0
871 0.00039906
872 0.0
873 0.00198947
874 0.00979198
875 0.00129686
876 0.00243916
877 0.00020518
878 0.00207482
879 0.00407068
880 0.0
881 0.0
882 0.00173605
883 0.00731133
884 1.654e-05
885 0.0
886 0.0
887 0.01144411
888 0.00275901
889 0.00163726
890 0.00194595
891 0.00026136
892 0.00089074
893 0.0
894 0.0
895 0.00192638
896 0.00390416
897 0.00032736
898 0.00577597
899 0.00044995
900 0.0
901 0.0
902 0.0
903 0.0
904 0.0
905 0.0
906 0.0
907 0.0
908 0.0
909 0.0
910 0.0
911 0.0
912 0.0
913 0.0
914 0.0
915 0.0
916 0.0
917 0.0
918 0.0
919 0.0
920 0.0
921 0.0
922 0.0
923 0.0
924 0.0
925 0.0
926 0.0
927 0.0
928 0.0
929 0.0
930 0.0
931 0.0
932 0.0
933 0.0
934 0.0
935 0.0
936 0.0
937 0.0
938 0.0
939 0.0
940 0.0
941 0.0
942 0.0
943 0.0
944 0.0
945 0.0
946 0.0
947 0.0
948 0.0
949 0.0
950 0.0
951 0.0
952 0.0
953 0.0
954 0.0
955 0.0
956 0.0
957 0.0
958 0.0
959 0.0
960 0.0
961 0.0
962 0.0
963 0.0
964 0.0
965 0.0
966 0.0
967 0.0
968 0.0
969 0.0
970 0.0
971 0.0
972 0.0
973 0.0
974 0.0
975 0.0
976 0.0
977 0.0
978 0.0
979 0.0
980 0.0
981 0.0
982 0.0
983 0.0
984 0.0
985 0.0
986 0.0
987 0.0
988 0.0
989 0.0
990 0.0
991 0.0
992 0.0
993 0.0
994 0.0
995 0.0
996 0.0
997 0.0
998 0.0
999 0.0
1000 0.0
1001 0.0
1002 0.0
1003 0.0
1004 0.0
1005 0.0
1006 0.0
1007 0.0
1008 0.0
1009 0.0
1010 0.0
1011 0.0
1012 0.0
1013 0.0
1014 0.0
1015 0.0
1016 0.0
1017 0.0
1018 0.0
1019 0.0
1020 0.0
1021 0.0
1022 0.0
1023 0.0
1024 0.0
1025 0.0
1026 0.0
1027 0.0
1028 0.0
1029 0.0
1030 0.0
1031 0.0
1032 0.0
1033 0.0
1034 0.0
1035 0.0
1036 0.0
1037 0.0
1038 0.0
1039 0.0
1040 0.0
1041 0.0
1042 0.0
1043 0.0
1044 0.0
1045 0.0
1046 0.0
1047 0.0
1048 0.0
1049 0.0
1050 0.0
1051 0.0
1052 0.0
1053 0.0
1054 0.0
1055 0.0
1056 0.0
1057 0.0
1058 0.0
1059 0.0
1060 0.0
1061 0.0
1062 0.0
1063 0.0
1064 0.0
1065 0.0
1066 0.0
1067 0.0
1068 0.0
1069 0.0
1070 0.0
1071 0.0
1072 0.0
1073 0.0
1074 0.0
1075 0.0
1076 0.0
1077 0.0
1078 0.0
1079 0.0
1080 0.0
1081 0.0
1082 0.0
1083 0.0
1084 0.0
1085 0.0
1086 0.0
1087 0.0
1088 0.0
1089 0.0
1090 0.0
1091 0.0
1092 0.0
1093 0.0
1094 0.0
1095 0.0
1096 0.0
1097 0.0
1098 0.0
1099 0.0
1100 0.0
