LED_4225K_LICA
380 0.0014114
381 0.00078249
382 0.00010219
383 0.00077611
384 0.00142108
385 0.00070812
386 0.00045087
387 0.00058967
388 0.00076981
389 1.268e-05
390 0.00174049
391 0.00067698
392 0.0005759
393 0.00055863
394 0.00098979
395 0.00150253
396 0.00056393
397 0.00158153
398 0.00138654
399 0.00076025
400 0.0014284
401 0.00216261
402 0.00217842
403 0.00272326
404 0.00324418
405 0.00355936
406 0.00454808
407 0.00508976
408 0.00679031
409 0.0088142
410 0.00914414
411 0.01157993
412 0.01410794
413 0.01670622
414 0.01977502
415 0.02477799
416 0.0289273
417 0.03318889
418 0.04004914
419 0.04646041
420 0.05543966
421 0.06630491
422 0.07678014
423 0.08999758
424 0.10397035
425 0.11921877
426 0.14016063
427 0.15976354
428 0.18181456
429 0.20780172
430 0.23400958
431 0.26387373
432 0.2928348
433 0.32239484
434 0.35430711
435 0.39812761
436 0.43349428
437 0.47516067
438 0.52478259
439 0.57773608
440 0.62515493
441 0.6854557
442 0.73606966
443 0.78851755
444 0.83499302
445 0.88502943
446 0.91514272
447 0.94449632
448 0.96804086
449 1.0
450 0.97412328
451 0.96689802
452 0.93436753
453 0.88955236
454 0.83743229
455 0.78118307
456 0.71601223
457 0.64690578
458 0.5796712
459 0.52613304
460 0.47436082
461 0.43244985
462 0.39260171
463 0.35762388
464 0.33439157
465 0.30835579
466 0.28479996
467 0.26704188
468 0.24726784
469 0.22685812
470 0.20603004
471 0.19256386
472 0.17316931
473 0.16050897
474 0.14729798
475 0.13453394
476 0.12349408
477 0.11587148
478 0.10751482
479 0.10166701
480 0.09671911
481 0.09257322
482 0.08757632
483 0.08470363
484 0.08280492
485 0.08106722
486 0.08062738
487 0.07973118
488 0.07915045
489 0.08045809
490 0.08122609
491 0.08326353
492 0.08520993
493 0.0898675
494 0.09516656
495 0.10106352
496 0.10751682
497 0.11633863
498 0.12520773
499 0.13495398
500 0.14514024
501 0.15630442
502 0.17093704
503 0.18302911
504 0.19528633
505 0.20997399
506 0.22500277
507 0.24134701
508 0.25573224
509 0.27421059
510 0.29001371
511 0.30589726
512 0.32365822
513 0.33649763
514 0.35158133
515 0.36409073
516 0.37592976
517 0.38734834
518 0.39650527
519 0.40594522
520 0.41585709
521 0.42342726
522 0.43486878
523 0.44504566
524 0.45658397
525 0.46323318
526 0.46994463
527 0.4790936
528 0.48810463
529 0.4942514
530 0.50351775
531 0.50792271
532 0.51331518
533 0.51622551
534 0.51969384
535 0.52987477
536 0.53381192
537 0.53778411
538 0.54201085
539 0.54594666
540 0.55223612
541 0.5566974
542 0.55930649
543 0.56455455
544 0.56495659
545 0.56892449
546 0.56817261
547 0.57276361
548 0.57632793
549 0.57730792
550 0.58173482
551 0.58648841
552 0.58555217
553 0.5894488
554 0.59441742
555 0.59367356
556 0.59857881
557 0.60327761
558 0.60351073
559 0.61049205
560 0.61047727
561 0.61482165
562 0.61364332
563 0.6128675
564 0.6171156
565 0.61868441
566 0.62218825
567 0.62576579
568 0.62590284
569 0.62772411
570 0.62819791
571 0.63042888
572 0.63420313
573 0.63627796
574 0.63535233
575 0.63548558
576 0.6357677
577 0.64091602
578 0.6436864
579 0.64123918
580 0.64218626
581 0.64228649
582 0.64351746
583 0.64557543
584 0.64732477
585 0.65150453
586 0.65145641
587 0.65138717
588 0.65026343
589 0.64755517
590 0.64905352
591 0.64632296
592 0.64334055
593 0.64584534
594 0.64135132
595 0.64069991
596 0.63797977
597 0.63623744
598 0.63476775
599 0.63379538
600 0.63483066
601 0.63120864
602 0.63131394
603 0.63101284
604 0.62563726
605 0.61848412
606 0.61677125
607 0.60735087
608 0.6016935
609 0.59878065
610 0.59301897
611 0.59009456
612 0.58255712
613 0.57757557
614 0.57616107
615 0.57557309
616 0.57335954
617 0.57087342
618 0.56943853
619 0.5662631
620 0.5645719
621 0.55658899
622 0.54768225
623 0.54456329
624 0.53961335
625 0.53166089
626 0.52758372
627 0.52134586
628 0.51227054
629 0.50570233
630 0.49526512
631 0.48778676
632 0.47846732
633 0.47001501
634 0.46427747
635 0.45356077
636 0.44424873
637 0.43573604
638 0.42924933
639 0.41890424
640 0.41027158
641 0.4034217
642 0.39662007
643 0.38694335
644 0.38153892
645 0.37168128
646 0.36489637
647 0.35717287
648 0.35171078
649 0.34514165
650 0.33624992
651 0.33069055
652 0.32372903
653 0.31496954
654 0.30876029
655 0.30294332
656 0.29260716
657 0.28738107
658 0.27954388
659 0.2732188
660 0.26819683
661 0.25999753
662 0.25307786
663 0.24720529
664 0.23981629
665 0.23519202
666 0.22910835
667 0.22223811
668 0.21567355
669 0.21070127
670 0.20842454
671 0.20114272
672 0.19702199
673 0.19106539
674 0.18530852
675 0.18285345
676 0.17779783
677 0.17160512
678 0.17004675
679 0.16389721
680 0.15949425
681 0.15470157
682 0.15348036
683 0.14710136
684 0.1441719
685 0.14107703
686 0.1365465
687 0.13319579
688 0.12927195
689 0.12677992
690 0.12343504
691 0.12295042
692 0.11933408
693 0.11823633
694 0.1137235
695 0.10889891
696 0.10702486
697 0.10450488
698 0.10205618
699 0.10229944
700 0.09832168
701 0.09451614
702 0.09413859
703 0.09243377
704 0.08923338
705 0.08763485
706 0.08578143
707 0.08239703
708 0.07866417
709 0.07810713
710 0.07796006
711 0.07324714
712 0.07202984
713 0.06901159
714 0.06852936
715 0.06593935
716 0.06364524
717 0.06276719
718 0.06132713
719 0.06003665
720 0.05837011
721 0.05729522
722 0.05575553
723 0.05421613
724 0.05210052
725 0.05148351
726 0.04962212
727 0.04847117
728 0.04745693
729 0.04788323
730 0.04404601
731 0.04405017
732 0.04211118
733 0.04130499
734 0.03898816
735 0.03836212
736 0.03916118
737 0.03705639
738 0.03595659
739 0.03507584
740 0.03421468
741 0.03275171
742 0.03184625
743 0.02911337
744 0.02850275
745 0.028154
746 0.02729302
747 0.02634656
748 0.02522685
749 0.0251304
750 0.02506302
751 0.0235675
752 0.02307584
753 0.02126637
754 0.02179797
755 0.02141967
756 0.01990645
757 0.02080951
758 0.01843641
759 0.01880983
760 0.01907147
761 0.01763699
762 0.01461723
763 0.01647425
764 0.01743856
765 0.01640928
766 0.01570363
767 0.0159873
768 0.01621712
769 0.01437783
770 0.01483438
771 0.01374955
772 0.013923
773 0.01303353
774 0.01326971
775 0.01293618
776 0.01227016
777 0.01042398
778 0.01166094
779 0.01047283
780 0.00993182
781 0.01120022
782 0.00717434
783 0.00911112
784 0.00665945
785 0.00897396
786 0.00840185
787 0.01010242
788 0.01067912
789 0.00500835
790 0.00794028
791 0.00869458
792 0.00901221
793 0.00652586
794 0.00793321
795 0.00859715
796 0.0047804
797 0.00848873
798 0.00326401
799 0.00536571
800 0.00775223
801 0.006377
802 0.00347931
803 0.00507201
804 0.00573878
805 0.00642885
806 0.00594098
807 0.00593985
808 0.00159504
809 0.00679843
810 0.00418767
811 0.00307295
812 0.00514563
813 0.00391604
814 0.00147322
815 0.00238413
816 0.00426594
817 0.00387797
818 0.00425957
819 0.00314845
820 0.00247663
821 0.00200379
822 0.0051543
823 0.00415227
824 1.88e-06
825 0.00304273
826 0.00439971
827 0.00190169
828 0.0034702
829 0.00059686
830 0.00040969
831 0.0030234
832 0.00493239
833 0.00068942
834 0.0
835 0.00417123
836 0.0
837 0.00018986
838 0.0
839 0.00170681
840 0.0
841 9.437e-05
842 0.00032843
843 0.00037369
844 1.579e-05
845 0.0
846 0.00102665
847 0.0
848 0.00084262
849 5.567e-05
850 0.00053
851 0.0025953
852 0.0
853 0.0
854 0.00085397
855 0.00297987
856 0.00171072
857 0.00045397
858 0.0
859 0.00262208
860 7.3e-07
861 0.00098378
862 0.00188446
863 0.0
864 0.0
865 8.68e-05
866 0.00016915
867 0.0
868 0.00350739
869 0.0
870 0.0
871 0.0
872 0.00307534
873 0.00588482
874 0.00312146
875 0.0
876 5.315e-05
877 0.00018004
878 0.00224356
879 8.54e-06
880 0.0
881 0.0
882 0.0004659
883 0.0
884 0.0
885 0.0
886 0.0
887 8.368e-05
888 0.00129574
889 0.0
890 0.00238968
891 0.00055787
892 0.0
893 0.0
894 0.0
895 0.0
896 0.0
897 0.0012348
898 0.0
899 0.0
900 0.0
901 0.0
902 0.0
903 0.0
904 0.0
905 0.0
906 0.0
907 0.0
908 0.0
909 0.0
910 0.0
911 0.0
912 0.0
913 0.0
914 0.0
915 0.0
916 0.0
917 0.0
918 0.0
919 0.0
920 0.0
921 0.0
922 0.0
923 0.0
924 0.0
925 0.0
926 0.0
927 0.0
928 0.0
929 0.0
930 0.0
931 0.0
932 0.0
933 0.0
934 0.0
935 0.0
936 0.0
937 0.0
938 0.0
939 0.0
940 0.0
941 0.0
942 0.0
943 0.0
944 0.0
945 0.0
946 0.0
947 0.0
948 0.0
949 0.0
950 0.0
951 0.0
952 0.0
953 0.0
954 0.0
955 0.0
956 0.0
957 0.0
958 0.0
959 0.0
960 0.0
961 0.0
962 0.0
963 0.0
964 0.0
965 0.0
966 0.0
967 0.0
968 0.0
969 0.0
970 0.0
971 0.0
972 0.0
973 0.0
974 0.0
975 0.0
976 0.0
977 0.0
978 0.0
979 0.0
980 0.0
981 0.0
982 0.0
983 0.0
984 0.0
985 0.0
986 0.0
987 0.0
988 0.0
989 0.0
990 0.0
991 0.0
992 0.0
993 0.0
994 0.0
995 0.0
996 0.0
997 0.0
998 0.0
999 0.0
1000 0.0
1001 0.0
1002 0.0
1003 0.0
1004 0.0
1005 0.0
1006 0.0
1007 0.0
1008 0.0
1009 0.0
1010 0.0
1011 0.0
1012 0.0
1013 0.0
1014 0.0
1015 0.0
1016 0.0
1017 0.0
1018 0.0
1019 0.0
1020 0.0
1021 0.0
1022 0.0
1023 0.0
1024 0.0
1025 0.0
1026 0.0
1027 0.0
1028 0.0
1029 0.0
1030 0.0
1031 0.0
1032 0.0
1033 0.0
1034 0.0
1035 0.0
1036 0.0
1037 0.0
1038 0.0
1039 0.0
1040 0.0
1041 0.0
1042 0.0
1043 0.0
1044 0.0
1045 0.0
1046 0.0
1047 0.0
1048 0.0
1049 0.0
1050 0.0
1051 0.0
1052 0.0
1053 0.0
1054 0.0
1055 0.0
1056 0.0
1057 0.0
1058 0.0
1059 0.0
1060 0.0
1061 0.0
1062 0.0
1063 0.0
1064 0.0
1065 0.0
1066 0.0
1067 0.0
1068 0.0
1069 0.0
1070 0.0
1071 0.0
1072 0.0
1073 0.0
1074 0.0
1075 0.0
1076 0.0
1077 0.0
1078 0.0
1079 0.0
1080 0.0
1081 0.0
1082 0.0
1083 0.0
1084 0.0
1085 0.0
1086 0.0
1087 0.0
1088 0.0
1089 0.0
1090 0.0
1091 0.0
1092 0.0
1093 0.0
1094 0.0
1095 0.0
1096 0.0
1097 0.0
1098 0.0
1099 0.0
1100 0.0
