LED_4577K_LICA
380 0.0
381 0.00176176
382 0.00080327
383 0.00053584
384 0.0
385 0.0
386 0.0
387 0.0
388 0.0
389 0.0
390 0.00136807
391 0.00122508
392 0.00151838
393 0.002032
394 0.00087301
395 0.0
396 0.0
397 0.0
398 0.0
399 0.00081677
400 0.0014589
401 0.00092559
402 0.0
403 0.00240333
404 0.00112483
405 0.00216065
406 0.00153328
407 0.00291007
408 0.00591673
409 0.00863277
410 0.00879756
411 0.01004105
412 0.01190503
413 0.01555679
414 0.01946725
415 0.02039425
416 0.02263673
417 0.0292704
418 0.03570441
419 0.04434463
420 0.05140068
421 0.05948537
422 0.06977403
423 0.0813239
424 0.09491786
425 0.10767425
426 0.12290722
427 0.14649485
428 0.16489633
429 0.18619634
430 0.2074934
431 0.23282353
432 0.26139401
433 0.28722174
434 0.31573105
435 0.3505626
436 0.38319033
437 0.41428857
438 0.46364558
439 0.5026366
440 0.54280095
441 0.60290132
442 0.65340439
443 0.70966559
444 0.76605937
445 0.82574061
446 0.87072457
447 0.92188326
448 0.96397754
449 0.98509154
450 1.0
451 0.99747195
452 0.98677315
453 0.94452787
454 0.90001493
455 0.85007428
456 0.78314986
457 0.71848226
458 0.65434221
459 0.5875868
460 0.54178059
461 0.49737704
462 0.46102164
463 0.42638229
464 0.40571204
465 0.3790421
466 0.35156763
467 0.33325488
468 0.31038952
469 0.29461958
470 0.27362904
471 0.25482938
472 0.24049767
473 0.22565515
474 0.20668086
475 0.19668958
476 0.18405102
477 0.17537621
478 0.16440703
479 0.15802785
480 0.15122869
481 0.14743718
482 0.1427347
483 0.14094988
484 0.13962539
485 0.13909222
486 0.14002372
487 0.13841409
488 0.13973534
489 0.13912752
490 0.14444837
491 0.1466536
492 0.15269589
493 0.15653605
494 0.16214106
495 0.16970454
496 0.18048517
497 0.18722219
498 0.20234746
499 0.21249945
500 0.22748721
501 0.24440518
502 0.25616553
503 0.27154305
504 0.28806718
505 0.30579292
506 0.31681426
507 0.333595
508 0.35431966
509 0.36660418
510 0.38173381
511 0.4016936
512 0.41974947
513 0.43129849
514 0.45077685
515 0.46828099
516 0.48252482
517 0.49269453
518 0.50818101
519 0.51892677
520 0.53267736
521 0.54488525
522 0.5534667
523 0.55909787
524 0.57104284
525 0.58013285
526 0.59725835
527 0.60716934
528 0.6185675
529 0.62550009
530 0.63061173
531 0.63198753
532 0.63341944
533 0.63633541
534 0.64343223
535 0.64842956
536 0.64932914
537 0.65748484
538 0.66703224
539 0.67634539
540 0.66914424
541 0.67670913
542 0.67532896
543 0.67320543
544 0.6814663
545 0.68516952
546 0.69089067
547 0.69111831
548 0.69515798
549 0.69827572
550 0.69504592
551 0.69596561
552 0.69835263
553 0.70194927
554 0.7080097
555 0.70540319
556 0.71062577
557 0.71455479
558 0.7226617
559 0.71125637
560 0.71564123
561 0.7148367
562 0.71556024
563 0.71266775
564 0.71677295
565 0.71692677
566 0.72373788
567 0.72848226
568 0.73032459
569 0.73247582
570 0.7278241
571 0.72970565
572 0.72512367
573 0.72666651
574 0.72165175
575 0.72274817
576 0.73028283
577 0.71761615
578 0.7174006
579 0.71897452
580 0.71894822
581 0.71942136
582 0.71400334
583 0.7104801
584 0.70937749
585 0.72822608
586 0.72768349
587 0.71849084
588 0.71892517
589 0.70852234
590 0.71243097
591 0.70735899
592 0.70300872
593 0.70851826
594 0.69393712
595 0.69054141
596 0.68754726
597 0.68690737
598 0.68114263
599 0.67887779
600 0.67760561
601 0.66577721
602 0.66178042
603 0.65785927
604 0.66046732
605 0.64786194
606 0.63888469
607 0.63540279
608 0.62703984
609 0.61835772
610 0.60711844
611 0.60050488
612 0.59613633
613 0.58741386
614 0.57921949
615 0.57887796
616 0.58091952
617 0.56861841
618 0.57086638
619 0.55511964
620 0.55511162
621 0.54317706
622 0.53469207
623 0.52910941
624 0.52271167
625 0.51609726
626 0.50119035
627 0.49510405
628 0.48601685
629 0.4744196
630 0.46635177
631 0.45839137
632 0.44904433
633 0.43738086
634 0.43424034
635 0.42956288
636 0.42154793
637 0.41375132
638 0.40368637
639 0.39637893
640 0.38848826
641 0.38253511
642 0.37735528
643 0.36957457
644 0.36587909
645 0.35390404
646 0.34776023
647 0.34508764
648 0.33492989
649 0.32725533
650 0.32245358
651 0.31438885
652 0.30950977
653 0.29080515
654 0.28947336
655 0.28731566
656 0.2770966
657 0.26699284
658 0.26036943
659 0.25296357
660 0.2545178
661 0.24622712
662 0.23805792
663 0.23254711
664 0.2289755
665 0.2241116
666 0.21666075
667 0.21082781
668 0.20973336
669 0.20306201
670 0.19806341
671 0.19234015
672 0.18481955
673 0.18228124
674 0.18029156
675 0.17293856
676 0.17336572
677 0.16662041
678 0.1637161
679 0.15549108
680 0.1571772
681 0.14974223
682 0.15351448
683 0.14131559
684 0.13752759
685 0.13954905
686 0.13580042
687 0.12689094
688 0.12502668
689 0.12422257
690 0.11927319
691 0.11611228
692 0.11305598
693 0.10836011
694 0.10454188
695 0.10050952
696 0.10268465
697 0.09801662
698 0.09583235
699 0.0933424
700 0.09146548
701 0.0908083
702 0.08851661
703 0.0810666
704 0.08145157
705 0.0786035
706 0.07929907
707 0.07897934
708 0.07180125
709 0.07408324
710 0.06769366
711 0.06708401
712 0.06717652
713 0.06889484
714 0.06505215
715 0.05838178
716 0.05917253
717 0.05658276
718 0.05658051
719 0.05585345
720 0.0572114
721 0.0492344
722 0.0502182
723 0.04427138
724 0.04590927
725 0.04242371
726 0.04321334
727 0.04432551
728 0.04010924
729 0.04155464
730 0.04211677
731 0.03449016
732 0.0376124
733 0.03184274
734 0.04217062
735 0.03112327
736 0.03307625
737 0.03156196
738 0.03281811
739 0.0328669
740 0.02985573
741 0.02876029
742 0.02777593
743 0.02815837
744 0.02684401
745 0.02638803
746 0.02692176
747 0.02147605
748 0.02387278
749 0.0278361
750 0.02098984
751 0.01913121
752 0.02181828
753 0.02055285
754 0.0213571
755 0.01596383
756 0.01389584
757 0.01339641
758 0.01804715
759 0.013877
760 0.01737901
761 0.01205267
762 0.0150485
763 0.01401929
764 0.01183684
765 0.01110711
766 0.00883875
767 0.00981637
768 0.00995093
769 0.01324583
770 0.00976336
771 0.01494277
772 0.00981468
773 0.01103512
774 0.00367973
775 0.00780602
776 0.00853378
777 0.01142923
778 0.00771013
779 0.01078653
780 0.00697534
781 0.00546554
782 0.00064523
783 0.00740854
784 0.00844858
785 0.00428658
786 0.01177582
787 0.00844408
788 0.00586162
789 0.00031453
790 0.00224192
791 0.00242836
792 0.0
793 0.0
794 0.00303942
795 0.00687241
796 0.00570752
797 0.0010915
798 0.00195917
799 0.00374961
800 0.00683979
801 0.0
802 0.00428123
803 0.00774205
804 0.00507719
805 0.00011234
806 0.00045499
807 0.00313194
808 0.00362687
809 0.0
810 0.0
811 0.0
812 0.0
813 0.0
814 0.0
815 0.0
816 0.01203397
817 0.0
818 0.00263842
819 0.0
820 0.0
821 0.0048279
822 0.0
823 0.00027375
824 0.00170932
825 0.0
826 0.00382807
827 0.00092728
828 0.0
829 0.0
830 0.00195945
831 0.00087877
832 0.0
833 0.0
834 0.0
835 0.0
836 0.0
837 0.00443955
838 0.0
839 0.0
840 0.0
841 0.00457228
842 0.0
843 0.0
844 0.00222083
845 0.0
846 0.0
847 0.0
848 0.00744819
849 0.0
850 0.00973074
851 0.0
852 0.0
853 0.0
854 0.0
855 0.00254042
856 0.00480428
857 0.0
858 0.0
859 0.0
860 0.00072158
861 0.0
862 0.00199474
863 0.0
864 0.0
865 0.0
866 0.0
867 0.0
868 0.0
869 0.0
870 0.0
871 0.0
872 0.00779182
873 0.0
874 0.0
875 0.0
876 0.0
877 0.0
878 0.0
879 0.00469123
880 0.0
881 0.00381148
882 0.0
883 0.0
884 0.0
885 0.0
886 0.00047426
887 0.00890526
888 0.00235736
889 0.01251539
890 0.0
891 0.00437234
892 0.0
893 0.0
894 0.0
895 0.0
896 0.0
897 0.00737563
898 0.0
899 0.00376817
900 0.0
901 0.0
902 0.0
903 0.0
904 0.0
905 0.0
906 0.0
907 0.0
908 0.0
909 0.0
910 0.0
911 0.0
912 0.0
913 0.0
914 0.0
915 0.0
916 0.0
917 0.0
918 0.0
919 0.0
920 0.0
921 0.0
922 0.0
923 0.0
924 0.0
925 0.0
926 0.0
927 0.0
928 0.0
929 0.0
930 0.0
931 0.0
932 0.0
933 0.0
934 0.0
935 0.0
936 0.0
937 0.0
938 0.0
939 0.0
940 0.0
941 0.0
942 0.0
943 0.0
944 0.0
945 0.0
946 0.0
947 0.0
948 0.0
949 0.0
950 0.0
951 0.0
952 0.0
953 0.0
954 0.0
955 0.0
956 0.0
957 0.0
958 0.0
959 0.0
960 0.0
961 0.0
962 0.0
963 0.0
964 0.0
965 0.0
966 0.0
967 0.0
968 0.0
969 0.0
970 0.0
971 0.0
972 0.0
973 0.0
974 0.0
975 0.0
976 0.0
977 0.0
978 0.0
979 0.0
980 0.0
981 0.0
982 0.0
983 0.0
984 0.0
985 0.0
986 0.0
987 0.0
988 0.0
989 0.0
990 0.0
991 0.0
992 0.0
993 0.0
994 0.0
995 0.0
996 0.0
997 0.0
998 0.0
999 0.0
1000 0.0
1001 0.0
1002 0.0
1003 0.0
1004 0.0
1005 0.0
1006 0.0
1007 0.0
1008 0.0
1009 0.0
1010 0.0
1011 0.0
1012 0.0
1013 0.0
1014 0.0
1015 0.0
1016 0.0
1017 0.0
1018 0.0
1019 0.0
1020 0.0
1021 0.0
1022 0.0
1023 0.0
1024 0.0
1025 0.0
1026 0.0
1027 0.0
1028 0.0
1029 0.0
1030 0.0
1031 0.0
1032 0.0
1033 0.0
1034 0.0
1035 0.0
1036 0.0
1037 0.0
1038 0.0
1039 0.0
1040 0.0
1041 0.0
1042 0.0
1043 0.0
1044 0.0
1045 0.0
1046 0.0
1047 0.0
1048 0.0
1049 0.0
1050 0.0
1051 0.0
1052 0.0
1053 0.0
1054 0.0
1055 0.0
1056 0.0
1057 0.0
1058 0.0
1059 0.0
1060 0.0
1061 0.0
1062 0.0
1063 0.0
1064 0.0
1065 0.0
1066 0.0
1067 0.0
1068 0.0
1069 0.0
1070 0.0
1071 0.0
1072 0.0
1073 0.0
1074 0.0
1075 0.0
1076 0.0
1077 0.0
1078 0.0
1079 0.0
1080 0.0
1081 0.0
1082 0.0
1083 0.0
1084 0.0
1085 0.0
1086 0.0
1087 0.0
1088 0.0
1089 0.0
1090 0.0
1091 0.0
1092 0.0
1093 0.0
1094 0.0
1095 0.0
1096 0.0
1097 0.0
1098 0.0
1099 0.0
1100 0.0
