LED_4606K_LICA_Alverlamp_Projector_4000K
380 0.00023271
381 0.00030699
382 0.00033286
383 9.08e-06
384 0.00019189
385 0.00057281
386 0.00019114
387 0.00069768
388 0.00053713
389 0.00085911
390 0.00053059
391 0.00048883
392 0.00045144
393 0.00065095
394 0.00038833
395 0.00101147
396 0.00122947
397 0.001185
398 0.00101629
399 0.00168013
400 0.00174612
401 0.00248783
402 0.00288513
403 0.00346939
404 0.00468518
405 0.00482324
406 0.00522619
407 0.00668708
408 0.00880113
409 0.01053227
410 0.01298734
411 0.01645139
412 0.01994908
413 0.02358866
414 0.02915972
415 0.03518369
416 0.0424945
417 0.05169455
418 0.06087246
419 0.07265722
420 0.08663875
421 0.10085157
422 0.11818454
423 0.14034023
424 0.16289197
425 0.18484337
426 0.21322196
427 0.24183622
428 0.27294783
429 0.3102693
430 0.34114644
431 0.37975345
432 0.41722719
433 0.45332234
434 0.49270822
435 0.5406452
436 0.58755431
437 0.62891601
438 0.69301509
439 0.75491159
440 0.8105014
441 0.86784429
442 0.91272087
443 0.96024532
444 0.97831033
445 1.0
446 0.98419006
447 0.95226945
448 0.91821618
449 0.87482398
450 0.78038231
451 0.71265521
452 0.63753306
453 0.56862226
454 0.50304343
455 0.44812992
456 0.40159184
457 0.36114935
458 0.33080434
459 0.30634319
460 0.28334099
461 0.26126097
462 0.23961216
463 0.21697329
464 0.20073632
465 0.18055703
466 0.1642241
467 0.14973833
468 0.13741883
469 0.12335405
470 0.11292541
471 0.10476779
472 0.09611853
473 0.09041691
474 0.0852061
475 0.08003222
476 0.07531257
477 0.07224745
478 0.06753244
479 0.06629285
480 0.06376542
481 0.06262242
482 0.06040403
483 0.05965923
484 0.05912612
485 0.05940119
486 0.06054162
487 0.06197613
488 0.06365576
489 0.06674055
490 0.07058914
491 0.07482309
492 0.07981359
493 0.08565375
494 0.09242471
495 0.09937923
496 0.10775093
497 0.11794595
498 0.12745286
499 0.13758861
500 0.14857137
501 0.15986822
502 0.17268515
503 0.18680169
504 0.19716522
505 0.21047603
506 0.22412068
507 0.23790139
508 0.25124933
509 0.26617692
510 0.2812297
511 0.29558173
512 0.31106341
513 0.3248089
514 0.33745922
515 0.35278882
516 0.36405929
517 0.3748959
518 0.38609983
519 0.3971236
520 0.40919502
521 0.41742672
522 0.4291696
523 0.43996236
524 0.45194012
525 0.46004075
526 0.46991097
527 0.47842742
528 0.48752406
529 0.49362343
530 0.50194585
531 0.5084249
532 0.5156741
533 0.51858138
534 0.5244911
535 0.53376926
536 0.53787353
537 0.54220102
538 0.54626195
539 0.55408383
540 0.55655611
541 0.56710416
542 0.56935096
543 0.57569493
544 0.57503791
545 0.58288034
546 0.58475182
547 0.58759083
548 0.59591458
549 0.59595385
550 0.60218675
551 0.60765854
552 0.61136708
553 0.61583948
554 0.61962566
555 0.62336419
556 0.63148226
557 0.63523886
558 0.64167846
559 0.64487408
560 0.64969934
561 0.65434453
562 0.65332876
563 0.65291789
564 0.65441346
565 0.65775165
566 0.65911412
567 0.66122107
568 0.6596686
569 0.66204155
570 0.65863574
571 0.65869078
572 0.660219
573 0.65968463
574 0.65809462
575 0.65497906
576 0.65517074
577 0.65562778
578 0.65217381
579 0.6485531
580 0.64311665
581 0.64245692
582 0.64024095
583 0.64370656
584 0.64489673
585 0.64498939
586 0.63950995
587 0.63709701
588 0.63306949
589 0.62530493
590 0.6215829
591 0.61801448
592 0.61186856
593 0.60675245
594 0.60058173
595 0.59820615
596 0.59230262
597 0.58691322
598 0.58276984
599 0.57617828
600 0.57209929
601 0.56477726
602 0.56056618
603 0.55558506
604 0.54816907
605 0.53583385
606 0.52870023
607 0.51743076
608 0.50832093
609 0.49997104
610 0.49142136
611 0.48603342
612 0.47712319
613 0.47019104
614 0.46365201
615 0.45990634
616 0.45555071
617 0.44973754
618 0.44735757
619 0.43789852
620 0.4313726
621 0.4190382
622 0.40895887
623 0.40169083
624 0.39129896
625 0.38416052
626 0.37760908
627 0.36887492
628 0.36171847
629 0.3523234
630 0.34356121
631 0.33574503
632 0.32880505
633 0.32042608
634 0.31474427
635 0.30629794
636 0.29885179
637 0.29285798
638 0.28555
639 0.27837879
640 0.27087443
641 0.26614963
642 0.25985716
643 0.25261359
644 0.24837335
645 0.24126482
646 0.23533068
647 0.22992399
648 0.22607918
649 0.221369
650 0.21535818
651 0.20853514
652 0.20360319
653 0.19740909
654 0.19317977
655 0.18764085
656 0.18216905
657 0.17695277
658 0.17302657
659 0.16927671
660 0.16424936
661 0.16060839
662 0.15593865
663 0.1517277
664 0.14667082
665 0.1431919
666 0.13902683
667 0.13578358
668 0.13251742
669 0.1288881
670 0.12562337
671 0.12366359
672 0.11915617
673 0.11542898
674 0.1113274
675 0.11011199
676 0.10609265
677 0.10426336
678 0.10015373
679 0.09749573
680 0.09437068
681 0.09127987
682 0.08910128
683 0.08682416
684 0.0836858
685 0.08169196
686 0.07857428
687 0.07651493
688 0.07469922
689 0.0719675
690 0.0702328
691 0.06894168
692 0.06635199
693 0.06429775
694 0.06244467
695 0.06011634
696 0.05849941
697 0.05718894
698 0.055724
699 0.05404544
700 0.05331155
701 0.0516354
702 0.05038939
703 0.04827651
704 0.04696171
705 0.04545234
706 0.04354554
707 0.04262878
708 0.04056565
709 0.04025323
710 0.03987883
711 0.03791152
712 0.03679642
713 0.03574366
714 0.03423256
715 0.03369779
716 0.03258529
717 0.03141871
718 0.03040417
719 0.02976311
720 0.02857503
721 0.02758806
722 0.02730636
723 0.02593148
724 0.02580872
725 0.02506608
726 0.02367645
727 0.02367682
728 0.02253077
729 0.0218181
730 0.02126342
731 0.02056702
732 0.02028806
733 0.01917035
734 0.01847143
735 0.01815942
736 0.01731518
737 0.01755785
738 0.01615337
739 0.01590966
740 0.01561983
741 0.0148553
742 0.01505813
743 0.01395214
744 0.01356136
745 0.01234222
746 0.01259765
747 0.01126473
748 0.01175703
749 0.01136823
750 0.01088665
751 0.00992417
752 0.01016292
753 0.00916042
754 0.00934207
755 0.00939193
756 0.00947875
757 0.008403
758 0.00814095
759 0.00828764
760 0.00800258
761 0.00778806
762 0.0075945
763 0.00728093
764 0.00695316
765 0.00682068
766 0.00570996
767 0.00605874
768 0.00635343
769 0.00463797
770 0.0054333
771 0.00577178
772 0.00477902
773 0.00539355
774 0.00422266
775 0.00440454
776 0.00422305
777 0.00427961
778 0.00392239
779 0.00421908
780 0.00286751
781 0.00368862
782 0.00307338
783 0.00285919
784 0.00184666
785 0.00186525
786 0.0022758
787 0.00179454
788 0.00360027
789 0.00216146
790 0.00275796
791 0.00196
792 0.00302816
793 0.00085983
794 0.00185204
795 0.00089022
796 0.00166231
797 0.00067573
798 0.00164896
799 0.00078257
800 0.00065323
801 1.457e-05
802 0.00164646
803 0.0001675
804 0.00075473
805 0.00156826
806 0.00124408
807 0.0
808 0.00096676
809 0.00087292
810 0.00027976
811 4.1e-07
812 0.00036263
813 0.0
814 0.00051121
815 0.0
816 0.0
817 0.0
818 0.00049161
819 0.0
820 0.00041867
821 0.00126051
822 0.00032145
823 0.0
824 0.0
825 0.0
826 0.0
827 0.0
828 0.0
829 0.0
830 0.0
831 0.0
832 0.0
833 0.0
834 0.0
835 0.0
836 0.0
837 0.0
838 0.0
839 0.0
840 0.0
841 0.0
842 0.0
843 0.0
844 0.0
845 0.0
846 0.0
847 0.0
848 0.0
849 0.0
850 0.0
851 4.879e-05
852 0.0
853 0.0
854 0.0
855 0.0
856 0.0
857 0.0
858 0.0
859 0.0
860 0.0
861 0.0
862 0.0
863 0.0
864 0.0
865 0.0
866 0.0
867 0.0
868 0.0
869 0.0
870 0.0
871 0.0
872 0.0
873 0.0
874 0.0
875 0.0
876 0.0
877 0.0
878 0.0
879 0.0
880 0.0
881 0.0
882 0.0
883 0.0
884 0.0
885 0.0
886 0.0
887 0.0
888 5.149e-05
889 0.0
890 0.0
891 0.0
892 0.0
893 0.0
894 0.0
895 0.0
896 0.0
897 0.0
898 0.0
899 0.0
900 0.0
901 0.0
902 0.0
903 0.0
904 0.0
905 0.0
906 0.0
907 0.0
908 0.0
909 0.0
910 0.0
911 0.0
912 0.0
913 0.0
914 0.0
915 0.0
916 0.0
917 0.0
918 0.0
919 0.0
920 0.0
921 0.0
922 0.0
923 0.0
924 0.0
925 0.0
926 0.0
927 0.0
928 0.0
929 0.0
930 0.0
931 0.0
932 0.0
933 0.0
934 0.0
935 0.0
936 0.0
937 0.0
938 0.0
939 0.0
940 0.0
941 0.0
942 0.0
943 0.0
944 0.0
945 0.0
946 0.0
947 0.0
948 0.0
949 0.0
950 0.0
951 0.0
952 0.0
953 0.0
954 0.0
955 0.0
956 0.0
957 0.0
958 0.0
959 0.0
960 0.0
961 0.0
962 0.0
963 0.0
964 0.0
965 0.0
966 0.0
967 0.0
968 0.0
969 0.0
970 0.0
971 0.0
972 0.0
973 0.0
974 0.0
975 0.0
976 0.0
977 0.0
978 0.0
979 0.0
980 0.0
981 0.0
982 0.0
983 0.0
984 0.0
985 0.0
986 0.0
987 0.0
988 0.0
989 0.0
990 0.0
991 0.0
992 0.0
993 0.0
994 0.0
995 0.0
996 0.0
997 0.0
998 0.0
999 0.0
1000 0.0
1001 0.0
1002 0.0
1003 0.0
1004 0.0
1005 0.0
1006 0.0
1007 0.0
1008 0.0
1009 0.0
1010 0.0
1011 0.0
1012 0.0
1013 0.0
1014 0.0
1015 0.0
1016 0.0
1017 0.0
1018 0.0
1019 0.0
1020 0.0
1021 0.0
1022 0.0
1023 0.0
1024 0.0
1025 0.0
1026 0.0
1027 0.0
1028 0.0
1029 0.0
1030 0.0
1031 0.0
1032 0.0
1033 0.0
1034 0.0
1035 0.0
1036 0.0
1037 0.0
1038 0.0
1039 0.0
1040 0.0
1041 0.0
1042 0.0
1043 0.0
1044 0.0
1045 0.0
1046 0.0
1047 0.0
1048 0.0
1049 0.0
1050 0.0
1051 0.0
1052 0.0
1053 0.0
1054 0.0
1055 0.0
1056 0.0
1057 0.0
1058 0.0
1059 0.0
1060 0.0
1061 0.0
1062 0.0
1063 0.0
1064 0.0
1065 0.0
1066 0.0
1067 0.0
1068 0.0
1069 0.0
1070 0.0
1071 0.0
1072 0.0
1073 0.0
1074 0.0
1075 0.0
1076 0.0
1077 0.0
1078 0.0
1079 0.0
1080 0.0
1081 0.0
1082 0.0
1083 0.0
1084 0.0
1085 0.0
1086 0.0
1087 0.0
1088 0.0
1089 0.0
1090 0.0
1091 0.0
1092 0.0
1093 0.0
1094 0.0
1095 0.0
1096 0.0
1097 0.0
1098 0.0
1099 0.0
1100 0.0
