LED_5945K_Lexman_6500K
380 0.00048707
381 0.00042989
382 0.0008111
383 0.00027066
384 0.00111181
385 0.00061435
386 0.00097037
387 0.00038209
388 0.00091416
389 0.00072585
390 0.00079269
391 0.0008519
392 0.00091188
393 0.00043873
394 0.00053256
395 0.00083282
396 1.131e-05
397 0.00061167
398 0.00084559
399 0.00093506
400 0.00095384
401 0.00118728
402 0.00101252
403 0.0007965
404 0.00093085
405 0.00125305
406 0.00140272
407 0.00215105
408 0.00129843
409 0.0021004
410 0.00214541
411 0.00248023
412 0.00309076
413 0.00440389
414 0.0053387
415 0.0064754
416 0.0081564
417 0.01078593
418 0.01407979
419 0.01737267
420 0.02279967
421 0.02735428
422 0.03188453
423 0.03926014
424 0.04591841
425 0.05234214
426 0.06115615
427 0.07115873
428 0.08131519
429 0.09478145
430 0.1068987
431 0.12131309
432 0.13850625
433 0.15532336
434 0.17243273
435 0.19551441
436 0.21622903
437 0.23487025
438 0.26071936
439 0.28999207
440 0.31612905
441 0.34797608
442 0.37953919
443 0.42411046
444 0.46547683
445 0.52066308
446 0.57559733
447 0.64034254
448 0.70956829
449 0.80619238
450 0.84024691
451 0.90230526
452 0.95413101
453 0.99209264
454 1.0
455 0.99902859
456 0.97701772
457 0.9403218
458 0.89970667
459 0.85683591
460 0.79799786
461 0.74063127
462 0.68529583
463 0.62669632
464 0.5959949
465 0.55720589
466 0.52079536
467 0.50171019
468 0.48484793
469 0.46028483
470 0.44136658
471 0.42667177
472 0.40692475
473 0.38638407
474 0.36898968
475 0.35181969
476 0.33138107
477 0.31522474
478 0.29800388
479 0.28946755
480 0.28153967
481 0.27653671
482 0.26862318
483 0.26613941
484 0.26614564
485 0.26680479
486 0.27172506
487 0.27104648
488 0.27313002
489 0.2760037
490 0.27959734
491 0.28282886
492 0.28636475
493 0.29129894
494 0.29652027
495 0.30199998
496 0.30769627
497 0.31772973
498 0.32287986
499 0.33008438
500 0.33608126
501 0.34412791
502 0.35181898
503 0.36214966
504 0.36557879
505 0.37171877
506 0.37987304
507 0.38475087
508 0.39153459
509 0.39766093
510 0.40353253
511 0.41007689
512 0.41731525
513 0.42063991
514 0.42589194
515 0.42995668
516 0.43275187
517 0.434742
518 0.43668804
519 0.43857028
520 0.44211107
521 0.44444403
522 0.44687736
523 0.45170878
524 0.45579079
525 0.45574737
526 0.45722447
527 0.46093
528 0.4639009
529 0.46485187
530 0.46691586
531 0.46573545
532 0.46785813
533 0.4659882
534 0.46737822
535 0.46999984
536 0.46853883
537 0.4697267
538 0.47203792
539 0.47175623
540 0.47199465
541 0.47709304
542 0.47648305
543 0.47804556
544 0.47539957
545 0.47805651
546 0.4755169
547 0.47743982
548 0.47983771
549 0.47818389
550 0.47903805
551 0.48169869
552 0.48143642
553 0.48343654
554 0.48414218
555 0.48315247
556 0.48706528
557 0.48884725
558 0.49061483
559 0.49188493
560 0.49358261
561 0.49666159
562 0.49301681
563 0.49149515
564 0.49089032
565 0.48973172
566 0.49129503
567 0.49168016
568 0.48836166
569 0.48949006
570 0.48585023
571 0.48546998
572 0.48482837
573 0.48501363
574 0.48275234
575 0.48086043
576 0.48056025
577 0.48070341
578 0.4792185
579 0.47735863
580 0.47653278
581 0.47549824
582 0.47529322
583 0.47756066
584 0.47675678
585 0.47912235
586 0.47580847
587 0.47465323
588 0.47389391
589 0.47162034
590 0.46982243
591 0.46870947
592 0.46546417
593 0.46459812
594 0.4617506
595 0.46031404
596 0.45924153
597 0.45465983
598 0.45394612
599 0.45319025
600 0.45201381
601 0.4484132
602 0.44681698
603 0.44588617
604 0.44160648
605 0.43601565
606 0.43119378
607 0.4254136
608 0.4201368
609 0.41499951
610 0.41128463
611 0.4100424
612 0.40580224
613 0.4018141
614 0.39927017
615 0.39738996
616 0.39538412
617 0.39385205
618 0.39286873
619 0.38742491
620 0.38592143
621 0.37683272
622 0.37152005
623 0.36863137
624 0.36049364
625 0.35711295
626 0.35072351
627 0.34673735
628 0.34228398
629 0.3356855
630 0.33005924
631 0.32358895
632 0.31766119
633 0.31350311
634 0.30961371
635 0.30304608
636 0.29582642
637 0.29266067
638 0.28783064
639 0.2810775
640 0.27530872
641 0.27084308
642 0.26565532
643 0.25956544
644 0.25590869
645 0.2500811
646 0.24605961
647 0.24038792
648 0.23687022
649 0.23153844
650 0.22540598
651 0.22082406
652 0.21550655
653 0.20984332
654 0.20677991
655 0.20023252
656 0.19499293
657 0.19042396
658 0.18616578
659 0.18118623
660 0.1772513
661 0.17312404
662 0.1699848
663 0.16501279
664 0.15982781
665 0.15682831
666 0.15201116
667 0.14872387
668 0.14517449
669 0.1420321
670 0.13880866
671 0.13542063
672 0.12995749
673 0.12889646
674 0.12320515
675 0.12012774
676 0.11655794
677 0.11386187
678 0.11093099
679 0.10749978
680 0.10495911
681 0.10087202
682 0.09858968
683 0.09630461
684 0.09357985
685 0.0901508
686 0.08807432
687 0.08524815
688 0.08373079
689 0.08019503
690 0.07831886
691 0.07672248
692 0.07423969
693 0.07235267
694 0.06977787
695 0.0674594
696 0.06566821
697 0.06339792
698 0.0618467
699 0.06021307
700 0.05878951
701 0.05741899
702 0.05680626
703 0.05320719
704 0.05218943
705 0.04992715
706 0.0484342
707 0.04747439
708 0.04613865
709 0.04420336
710 0.04331659
711 0.04124906
712 0.04066371
713 0.03978245
714 0.03917699
715 0.03703375
716 0.03574051
717 0.03448756
718 0.03415944
719 0.03397304
720 0.03208803
721 0.0320598
722 0.03141637
723 0.02888541
724 0.02900592
725 0.02759595
726 0.02690113
727 0.02587239
728 0.02529589
729 0.02421516
730 0.02382148
731 0.02326309
732 0.02130181
733 0.02221384
734 0.02076449
735 0.02031513
736 0.02040038
737 0.01914941
738 0.01886945
739 0.01730363
740 0.01689476
741 0.0176889
742 0.01723584
743 0.0162233
744 0.01543315
745 0.01492067
746 0.01416851
747 0.01361927
748 0.01410605
749 0.01278207
750 0.01229187
751 0.01189724
752 0.01219116
753 0.01190612
754 0.01057727
755 0.00996601
756 0.01037387
757 0.00980679
758 0.0095251
759 0.00935226
760 0.00882574
761 0.0087137
762 0.00778337
763 0.00761773
764 0.00881442
765 0.00696184
766 0.00800614
767 0.00656489
768 0.00695271
769 0.00621234
770 0.00597731
771 0.00559567
772 0.00634955
773 0.0046165
774 0.0059046
775 0.00601054
776 0.00549879
777 0.00445846
778 0.00498922
779 0.00528446
780 0.00524823
781 0.00490369
782 0.00473996
783 0.00425185
784 0.00220901
785 0.00305972
786 0.00371151
787 0.0033292
788 0.00249666
789 0.00306212
790 0.00364677
791 0.00297069
792 0.00396416
793 0.00181611
794 0.00263987
795 0.00151697
796 0.0026086
797 0.00166425
798 0.00196719
799 0.00264668
800 0.00231519
801 0.00186555
802 0.00235025
803 0.00307783
804 0.00282071
805 0.00278065
806 0.00171617
807 0.00111807
808 0.00089098
809 0.00357923
810 0.00063577
811 4.15e-06
812 0.001895
813 0.00226613
814 0.0002828
815 0.00117341
816 0.00078201
817 0.00162149
818 0.00077048
819 0.00012203
820 0.00010121
821 0.00065722
822 0.0
823 0.00010977
824 2.87e-06
825 0.00018946
826 9.197e-05
827 0.00032986
828 0.00025789
829 0.0
830 0.0
831 0.00138296
832 0.00018442
833 0.0
834 0.0
835 1.2e-06
836 0.0007282
837 0.00052599
838 0.0
839 0.0
840 0.00114416
841 0.0
842 0.00048539
843 0.0
844 0.0
845 0.0
846 0.0
847 0.00091667
848 0.00095985
849 0.0
850 2.5e-07
851 0.0
852 0.0
853 0.0
854 0.0
855 0.0
856 0.0
857 0.0
858 0.00027264
859 0.00024494
860 0.0
861 0.00021129
862 0.00124774
863 0.0
864 0.0
865 0.0
866 0.0
867 0.0
868 0.00028928
869 0.0
870 0.0
871 0.0
872 0.0
873 0.0
874 0.0
875 2.426e-05
876 0.0
877 0.0
878 0.0
879 0.0
880 0.00014089
881 1.31e-06
882 0.0
883 0.0
884 0.0
885 8.885e-05
886 0.0
887 0.0
888 0.0
889 0.0
890 0.0
891 0.0
892 0.0
893 0.0
894 0.0
895 0.0
896 0.0
897 0.0
898 0.0
899 0.0
900 0.0
901 0.0
902 0.0
903 0.0
904 0.0
905 0.0
906 0.0
907 0.0
908 0.0
909 0.0
910 0.0
911 0.0
912 0.0
913 0.0
914 0.0
915 0.0
916 0.0
917 0.0
918 0.0
919 0.0
920 0.0
921 0.0
922 0.0
923 0.0
924 0.0
925 0.0
926 0.0
927 0.0
928 0.0
929 0.0
930 0.0
931 0.0
932 0.0
933 0.0
934 0.0
935 0.0
936 0.0
937 0.0
938 0.0
939 0.0
940 0.0
941 0.0
942 0.0
943 0.0
944 0.0
945 0.0
946 0.0
947 0.0
948 0.0
949 0.0
950 0.0
951 0.0
952 0.0
953 0.0
954 0.0
955 0.0
956 0.0
957 0.0
958 0.0
959 0.0
960 0.0
961 0.0
962 0.0
963 0.0
964 0.0
965 0.0
966 0.0
967 0.0
968 0.0
969 0.0
970 0.0
971 0.0
972 0.0
973 0.0
974 0.0
975 0.0
976 0.0
977 0.0
978 0.0
979 0.0
980 0.0
981 0.0
982 0.0
983 0.0
984 0.0
985 0.0
986 0.0
987 0.0
988 0.0
989 0.0
990 0.0
991 0.0
992 0.0
993 0.0
994 0.0
995 0.0
996 0.0
997 0.0
998 0.0
999 0.0
1000 0.0
1001 0.0
1002 0.0
1003 0.0
1004 0.0
1005 0.0
1006 0.0
1007 0.0
1008 0.0
1009 0.0
1010 0.0
1011 0.0
1012 0.0
1013 0.0
1014 0.0
1015 0.0
1016 0.0
1017 0.0
1018 0.0
1019 0.0
1020 0.0
1021 0.0
1022 0.0
1023 0.0
1024 0.0
1025 0.0
1026 0.0
1027 0.0
1028 0.0
1029 0.0
1030 0.0
1031 0.0
1032 0.0
1033 0.0
1034 0.0
1035 0.0
1036 0.0
1037 0.0
1038 0.0
1039 0.0
1040 0.0
1041 0.0
1042 0.0
1043 0.0
1044 0.0
1045 0.0
1046 0.0
1047 0.0
1048 0.0
1049 0.0
1050 0.0
1051 0.0
1052 0.0
1053 0.0
1054 0.0
1055 0.0
1056 0.0
1057 0.0
1058 0.0
1059 0.0
1060 0.0
1061 0.0
1062 0.0
1063 0.0
1064 0.0
1065 0.0
1066 0.0
1067 0.0
1068 0.0
1069 0.0
1070 0.0
1071 0.0
1072 0.0
1073 0.0
1074 0.0
1075 0.0
1076 0.0
1077 0.0
1078 0.0
1079 0.0
1080 0.0
1081 0.0
1082 0.0
1083 0.0
1084 0.0
1085 0.0
1086 0.0
1087 0.0
1088 0.0
1089 0.0
1090 0.0
1091 0.0
1092 0.0
1093 0.0
1094 0.0
1095 0.0
1096 0.0
1097 0.0
1098 0.0
1099 0.0
1100 0.0
