LED_6442K_Almeria_Adif_Parking
380 0.00160237
381 0.00022883
382 0.00020644
383 0.00138634
384 0.0014366
385 0.00138454
386 0.00109612
387 0.00042812
388 8.783e-05
389 0.00111496
390 0.00200419
391 0.00297549
392 0.00381052
393 0.00133155
394 0.00248912
395 0.00326307
396 0.00168287
397 0.00218568
398 0.00247669
399 0.00377481
400 0.00486447
401 0.00652935
402 0.00701182
403 0.00800836
404 0.0098604
405 0.01011163
406 0.01213045
407 0.01619357
408 0.01953678
409 0.02241273
410 0.0276231
411 0.03293097
412 0.03675398
413 0.04089217
414 0.04997784
415 0.05730965
416 0.0649767
417 0.07275814
418 0.08343313
419 0.09865841
420 0.10705364
421 0.12695273
422 0.14060108
423 0.1611153
424 0.18216897
425 0.20054287
426 0.22887899
427 0.25181383
428 0.28662999
429 0.32170238
430 0.35191319
431 0.38758308
432 0.42681299
433 0.46427665
434 0.50931097
435 0.55500236
436 0.6030175
437 0.65383399
438 0.71244948
439 0.77261986
440 0.81186082
441 0.86298215
442 0.90502594
443 0.95033885
444 0.97351068
445 1.0
446 0.99623625
447 0.98755804
448 0.96700218
449 0.94958354
450 0.87996656
451 0.82054778
452 0.76027791
453 0.70173742
454 0.62898431
455 0.57161493
456 0.51813445
457 0.46817652
458 0.43809912
459 0.40374504
460 0.36577839
461 0.34123661
462 0.31312069
463 0.28822711
464 0.26899357
465 0.24594699
466 0.22415098
467 0.20686882
468 0.19426771
469 0.17386888
470 0.16205949
471 0.14894201
472 0.1377655
473 0.12963484
474 0.1225137
475 0.11632963
476 0.109759
477 0.10580317
478 0.09892533
479 0.10177659
480 0.09693489
481 0.09454523
482 0.09199265
483 0.09052255
484 0.09467461
485 0.09247073
486 0.09713568
487 0.09783165
488 0.09881047
489 0.10357015
490 0.10580949
491 0.11147808
492 0.11682554
493 0.1237391
494 0.12759047
495 0.13479967
496 0.1453047
497 0.15649747
498 0.1625489
499 0.17054989
500 0.18330865
501 0.19326566
502 0.20189568
503 0.21669513
504 0.22104761
505 0.23317031
506 0.24167344
507 0.25537691
508 0.26272891
509 0.27618596
510 0.28616654
511 0.29946982
512 0.30753958
513 0.31573492
514 0.32844971
515 0.33943771
516 0.34467405
517 0.35551878
518 0.35768619
519 0.36173447
520 0.37209941
521 0.37465704
522 0.38026
523 0.39008244
524 0.40209289
525 0.4015831
526 0.41110275
527 0.41711146
528 0.41385358
529 0.41712957
530 0.42368312
531 0.42798974
532 0.42885716
533 0.43178941
534 0.4344726
535 0.4349718
536 0.43594554
537 0.43982242
538 0.44652455
539 0.44752276
540 0.44910111
541 0.45136947
542 0.44868184
543 0.45339936
544 0.45570272
545 0.45308783
546 0.45300979
547 0.45739365
548 0.45770094
549 0.45062219
550 0.45619251
551 0.45654648
552 0.45729762
553 0.46176293
554 0.46328505
555 0.46346408
556 0.46381196
557 0.46966585
558 0.46890177
559 0.46718652
560 0.46940729
561 0.46992901
562 0.46676502
563 0.46477533
564 0.46458083
565 0.46108774
566 0.46054293
567 0.45612628
568 0.45739034
569 0.46108283
570 0.45179592
571 0.45060449
572 0.44615204
573 0.44454173
574 0.44641099
575 0.44737045
576 0.44298326
577 0.44229475
578 0.4419063
579 0.43688027
580 0.42708234
581 0.43092056
582 0.43079692
583 0.43093974
584 0.43041713
585 0.42926191
586 0.41887763
587 0.42210108
588 0.41863929
589 0.4123268
590 0.40898648
591 0.40511713
592 0.40363417
593 0.40220118
594 0.40482289
595 0.39725266
596 0.38874796
597 0.38741829
598 0.38167758
599 0.38037874
600 0.3741211
601 0.37219285
602 0.37117842
603 0.36540165
604 0.35857897
605 0.35962474
606 0.35051533
607 0.34373613
608 0.33518693
609 0.32876844
610 0.32516208
611 0.32245964
612 0.31274749
613 0.31255299
614 0.30635486
615 0.30592222
616 0.30494447
617 0.30156772
618 0.29862668
619 0.29517605
620 0.29434997
621 0.28927916
622 0.28381083
623 0.27498212
624 0.2696364
625 0.26657647
626 0.25944415
627 0.2577692
628 0.24924208
629 0.2411437
630 0.24107224
631 0.23379389
632 0.23375335
633 0.22565103
634 0.22150527
635 0.21663887
636 0.21374057
637 0.21109605
638 0.20277269
639 0.2006607
640 0.19432811
641 0.19042666
642 0.19330251
643 0.18415223
644 0.18159248
645 0.17429822
646 0.17151837
647 0.16982662
648 0.16317334
649 0.16100678
650 0.15709344
651 0.15421727
652 0.14983018
653 0.14555889
654 0.14434308
655 0.14334719
656 0.13570413
657 0.1347544
658 0.1334705
659 0.13069677
660 0.12396001
661 0.12104086
662 0.12203265
663 0.11166304
664 0.11012395
665 0.10808959
666 0.10423666
667 0.10429265
668 0.09627111
669 0.10070936
670 0.0997337
671 0.09359463
672 0.09374817
673 0.0870234
674 0.08845428
675 0.08359149
676 0.08294719
677 0.08084538
678 0.08082513
679 0.07841301
680 0.07449163
681 0.0715902
682 0.06974021
683 0.06840858
684 0.06786787
685 0.06534511
686 0.06260939
687 0.05986134
688 0.06038953
689 0.05629458
690 0.05757355
691 0.05435791
692 0.05488189
693 0.05290631
694 0.05246296
695 0.05057343
696 0.04763674
697 0.04518463
698 0.04528813
699 0.04452087
700 0.04377138
701 0.04395692
702 0.04113387
703 0.03952772
704 0.03978699
705 0.03429076
706 0.03809692
707 0.03510769
708 0.03583635
709 0.03562197
710 0.03282028
711 0.03207517
712 0.0313451
713 0.02971388
714 0.03166895
715 0.02907316
716 0.03112781
717 0.02820755
718 0.02772865
719 0.02728399
720 0.02509077
721 0.02280969
722 0.02217024
723 0.02182082
724 0.02205535
725 0.02257603
726 0.02461246
727 0.02106544
728 0.02153203
729 0.02072918
730 0.01852839
731 0.02028974
732 0.01651441
733 0.0161985
734 0.01767818
735 0.01611172
736 0.01242964
737 0.01592669
738 0.01489537
739 0.01425555
740 0.01226933
741 0.0136371
742 0.01463053
743 0.01208806
744 0.01202451
745 0.01170623
746 0.01058576
747 0.01135246
748 0.00783662
749 0.01103423
750 0.009027
751 0.0098077
752 0.01074787
753 0.00694289
754 0.0072752
755 0.00816112
756 0.00980534
757 0.00516915
758 0.00325489
759 0.00804674
760 0.00705343
761 0.00635401
762 0.00542541
763 0.00994108
764 0.00725635
765 0.00369378
766 0.00479832
767 0.00615905
768 0.00643823
769 0.00696372
770 0.00537513
771 0.00837274
772 0.00475214
773 0.00577959
774 0.00708738
775 0.00213815
776 0.00373254
777 0.00083762
778 0.00435098
779 0.00128538
780 0.00746759
781 0.00348623
782 0.00774754
783 0.00246096
784 0.00390147
785 0.00231485
786 0.00860966
787 0.00378698
788 0.0
789 0.00533688
790 4.968e-05
791 0.00227101
792 0.00668557
793 0.00110615
794 0.0
795 0.0067386
796 0.00494509
797 0.00333578
798 0.00128437
799 0.0049609
800 0.00323899
801 0.00139937
802 0.00523581
803 0.00495522
804 0.00115218
805 0.00015003
806 0.00201826
807 0.0010522
808 0.00636658
809 0.00447601
810 0.0
811 5.55e-06
812 0.00204278
813 0.0
814 0.00046649
815 0.00078353
816 0.00228929
817 0.00532602
818 0.00438968
819 0.00338295
820 0.00267689
821 0.00417161
822 0.00578108
823 0.00054092
824 4.09e-06
825 0.00236637
826 0.0
827 0.00223748
828 0.00017204
829 0.00079147
830 0.00022774
831 1.631e-05
832 0.00988432
833 0.0
834 0.0
835 0.0020042
836 0.00091352
837 3.738e-05
838 0.00028081
839 0.00027966
840 0.00012167
841 1.109e-05
842 0.0002339
843 0.00091058
844 0.00454774
845 0.00082604
846 8e-08
847 0.00056178
848 0.00696427
849 0.0
850 0.00360553
851 0.00238113
852 0.00157462
853 0.0006229
854 0.00192012
855 0.0043528
856 0.00114491
857 7.036e-05
858 0.00013608
859 0.0
860 0.0
861 0.00175609
862 0.00801144
863 0.00101896
864 0.00133605
865 8.995e-05
866 0.00049625
867 2.99e-06
868 0.00386013
869 0.00194895
870 0.01267684
871 0.001328
872 0.0
873 0.0
874 0.0
875 0.00113552
876 0.0
877 0.0
878 0.00439152
879 0.0
880 0.0
881 0.00034337
882 0.0
883 0.00395029
884 0.0
885 0.0
886 0.0
887 0.0050073
888 0.0
889 0.02167109
890 0.00064635
891 0.00026362
892 0.00725737
893 0.0
894 0.00894424
895 0.00585261
896 0.00133994
897 3.141e-05
898 0.0
899 0.0
900 0.0
901 0.0
902 0.0
903 0.0
904 0.0
905 0.0
906 0.0
907 0.0
908 0.0
909 0.0
910 0.0
911 0.0
912 0.0
913 0.0
914 0.0
915 0.0
916 0.0
917 0.0
918 0.0
919 0.0
920 0.0
921 0.0
922 0.0
923 0.0
924 0.0
925 0.0
926 0.0
927 0.0
928 0.0
929 0.0
930 0.0
931 0.0
932 0.0
933 0.0
934 0.0
935 0.0
936 0.0
937 0.0
938 0.0
939 0.0
940 0.0
941 0.0
942 0.0
943 0.0
944 0.0
945 0.0
946 0.0
947 0.0
948 0.0
949 0.0
950 0.0
951 0.0
952 0.0
953 0.0
954 0.0
955 0.0
956 0.0
957 0.0
958 0.0
959 0.0
960 0.0
961 0.0
962 0.0
963 0.0
964 0.0
965 0.0
966 0.0
967 0.0
968 0.0
969 0.0
970 0.0
971 0.0
972 0.0
973 0.0
974 0.0
975 0.0
976 0.0
977 0.0
978 0.0
979 0.0
980 0.0
981 0.0
982 0.0
983 0.0
984 0.0
985 0.0
986 0.0
987 0.0
988 0.0
989 0.0
990 0.0
991 0.0
992 0.0
993 0.0
994 0.0
995 0.0
996 0.0
997 0.0
998 0.0
999 0.0
1000 0.0
1001 0.0
1002 0.0
1003 0.0
1004 0.0
1005 0.0
1006 0.0
1007 0.0
1008 0.0
1009 0.0
1010 0.0
1011 0.0
1012 0.0
1013 0.0
1014 0.0
1015 0.0
1016 0.0
1017 0.0
1018 0.0
1019 0.0
1020 0.0
1021 0.0
1022 0.0
1023 0.0
1024 0.0
1025 0.0
1026 0.0
1027 0.0
1028 0.0
1029 0.0
1030 0.0
1031 0.0
1032 0.0
1033 0.0
1034 0.0
1035 0.0
1036 0.0
1037 0.0
1038 0.0
1039 0.0
1040 0.0
1041 0.0
1042 0.0
1043 0.0
1044 0.0
1045 0.0
1046 0.0
1047 0.0
1048 0.0
1049 0.0
1050 0.0
1051 0.0
1052 0.0
1053 0.0
1054 0.0
1055 0.0
1056 0.0
1057 0.0
1058 0.0
1059 0.0
1060 0.0
1061 0.0
1062 0.0
1063 0.0
1064 0.0
1065 0.0
1066 0.0
1067 0.0
1068 0.0
1069 0.0
1070 0.0
1071 0.0
1072 0.0
1073 0.0
1074 0.0
1075 0.0
1076 0.0
1077 0.0
1078 0.0
1079 0.0
1080 0.0
1081 0.0
1082 0.0
1083 0.0
1084 0.0
1085 0.0
1086 0.0
1087 0.0
1088 0.0
1089 0.0
1090 0.0
1091 0.0
1092 0.0
1093 0.0
1094 0.0
1095 0.0
1096 0.0
1097 0.0
1098 0.0
1099 0.0
1100 0.0
