LED_6770K_Madrid_Faro_Moncloa
380 0.00137115
381 0.0
382 0.0006416
383 0.00075718
384 0.0
385 0.00068427
386 0.00083211
387 0.00184903
388 0.0010847
389 0.0
390 0.00203996
391 0.00136107
392 0.0025417
393 0.00085857
394 0.00161761
395 0.00114485
396 0.00369403
397 0.00171076
398 0.00241007
399 0.00041236
400 0.0018933
401 0.00374342
402 0.00443937
403 0.0053291
404 0.00653628
405 0.00622523
406 0.00772305
407 0.00779873
408 0.00951134
409 0.01008406
410 0.01241358
411 0.01283333
412 0.01735762
413 0.02102393
414 0.02345853
415 0.02974734
416 0.03408289
417 0.04219074
418 0.0465267
419 0.05179743
420 0.05975366
421 0.06970106
422 0.08142784
423 0.09139657
424 0.10659016
425 0.11687431
426 0.13182472
427 0.14906189
428 0.16776546
429 0.18678319
430 0.21122192
431 0.23639877
432 0.25586482
433 0.28548415
434 0.3118801
435 0.34847294
436 0.37725259
437 0.41342819
438 0.45922862
439 0.50918559
440 0.5522853
441 0.60393665
442 0.65795263
443 0.72237196
444 0.77495967
445 0.82981423
446 0.8774237
447 0.92362658
448 0.96557826
449 0.99839315
450 0.99916024
451 1.0
452 0.98502901
453 0.9478727
454 0.91359241
455 0.86451074
456 0.80165517
457 0.74528792
458 0.68841852
459 0.63117119
460 0.58446708
461 0.53151531
462 0.49208081
463 0.4452517
464 0.41980546
465 0.38599323
466 0.35106991
467 0.33175414
468 0.30596081
469 0.28271363
470 0.25855999
471 0.24074818
472 0.22108977
473 0.20557622
474 0.1860969
475 0.17422059
476 0.16274598
477 0.15055752
478 0.13836277
479 0.12793438
480 0.12389587
481 0.11608916
482 0.11167289
483 0.1068824
484 0.10252233
485 0.10167384
486 0.09661303
487 0.09423799
488 0.09238031
489 0.09210151
490 0.09243222
491 0.09363133
492 0.09507397
493 0.09685798
494 0.09949956
495 0.10436892
496 0.1078863
497 0.11496674
498 0.12162978
499 0.12688488
500 0.1340825
501 0.14304044
502 0.149496
503 0.16200274
504 0.16968647
505 0.1808234
506 0.18813073
507 0.20212176
508 0.21392894
509 0.2269338
510 0.23680139
511 0.25217424
512 0.26400082
513 0.27206029
514 0.28629627
515 0.29775509
516 0.30906792
517 0.31822688
518 0.32610357
519 0.33943309
520 0.3455744
521 0.35445129
522 0.36467597
523 0.37266278
524 0.3832322
525 0.3879313
526 0.39442003
527 0.40579032
528 0.41064986
529 0.41552343
530 0.41994734
531 0.42377409
532 0.42692101
533 0.43207876
534 0.43092853
535 0.43598228
536 0.43486028
537 0.44101738
538 0.44165747
539 0.4478564
540 0.44853026
541 0.45298231
542 0.44990216
543 0.45465368
544 0.45368347
545 0.45510779
546 0.45109699
547 0.45473886
548 0.45664022
549 0.45672514
550 0.45398847
551 0.4550762
552 0.45783647
553 0.45794517
554 0.45595401
555 0.45874142
556 0.46161291
557 0.45851739
558 0.45944938
559 0.45680813
560 0.45871798
561 0.45889127
562 0.45700352
563 0.45922988
564 0.45588874
565 0.45585506
566 0.45990164
567 0.45518003
568 0.45391825
569 0.45327732
570 0.44461422
571 0.44220398
572 0.44062829
573 0.4423136
574 0.4365508
575 0.43602873
576 0.43262493
577 0.43137903
578 0.42889915
579 0.42070427
580 0.41695321
581 0.41671809
582 0.4130958
583 0.41048085
584 0.40976936
585 0.41398075
586 0.40717474
587 0.40431694
588 0.40029699
589 0.39494328
590 0.39609275
591 0.38944583
592 0.38451632
593 0.38046949
594 0.37662116
595 0.36992485
596 0.36976063
597 0.36499307
598 0.36048046
599 0.35822427
600 0.3521153
601 0.34951976
602 0.34903121
603 0.34299272
604 0.33702462
605 0.33125047
606 0.32692115
607 0.31938962
608 0.314457
609 0.30728996
610 0.30478765
611 0.3010901
612 0.29507756
613 0.29376286
614 0.29102073
615 0.28672652
616 0.28202768
617 0.28358069
618 0.27913905
619 0.27374165
620 0.26740092
621 0.26387146
622 0.25674145
623 0.25180841
624 0.25297645
625 0.24667234
626 0.24283199
627 0.2370292
628 0.23296717
629 0.2292282
630 0.22246461
631 0.21965344
632 0.21246195
633 0.20888535
634 0.20560033
635 0.19936704
636 0.19424709
637 0.19506535
638 0.1893784
639 0.18560407
640 0.18096049
641 0.17653348
642 0.17339394
643 0.16969126
644 0.16706489
645 0.16455813
646 0.16086436
647 0.1576509
648 0.15354006
649 0.14915219
650 0.14849614
651 0.14373463
652 0.13959548
653 0.13927603
654 0.13262231
655 0.1297483
656 0.12729379
657 0.12307619
658 0.12434931
659 0.11922592
660 0.1155702
661 0.11337374
662 0.11094065
663 0.11133395
664 0.10668811
665 0.10354529
666 0.09959977
667 0.09877673
668 0.0944154
669 0.09418893
670 0.09238459
671 0.09077572
672 0.08753698
673 0.08545922
674 0.08305754
675 0.08240276
676 0.08079204
677 0.07852292
678 0.07593401
679 0.0734186
680 0.07293274
681 0.06840047
682 0.06674565
683 0.06656967
684 0.06478381
685 0.06536325
686 0.06299929
687 0.05966513
688 0.05898724
689 0.05583048
690 0.05580352
691 0.05376431
692 0.05409611
693 0.05318386
694 0.0497226
695 0.0498098
696 0.0478141
697 0.04732992
698 0.04469195
699 0.04330879
700 0.04348898
701 0.04151017
702 0.04313315
703 0.04010055
704 0.03895662
705 0.03902676
706 0.03869286
707 0.03389817
708 0.03467526
709 0.03553619
710 0.03662198
711 0.03345195
712 0.03046051
713 0.03063624
714 0.02833756
715 0.02847885
716 0.02908071
717 0.02874647
718 0.02839627
719 0.02600233
720 0.02522868
721 0.02333555
722 0.02594882
723 0.02361645
724 0.02359957
725 0.0230045
726 0.0204565
727 0.0246006
728 0.0207689
729 0.02119974
730 0.01956332
731 0.0176108
732 0.01809834
733 0.01813312
734 0.01621403
735 0.01652568
736 0.01557529
737 0.01712024
738 0.0145992
739 0.01347602
740 0.01552187
741 0.0132861
742 0.01420658
743 0.01416903
744 0.01450134
745 0.01219803
746 0.01333885
747 0.0105963
748 0.01203104
749 0.01128838
750 0.01175451
751 0.00916257
752 0.00957351
753 0.01143043
754 0.00989078
755 0.00818581
756 0.01056043
757 0.01074028
758 0.00986331
759 0.00747096
760 0.0077805
761 0.0057161
762 0.00613325
763 0.00588931
764 0.00724382
765 0.01116902
766 0.01068383
767 0.00515707
768 0.00609889
769 0.00474925
770 0.00659508
771 0.00711093
772 0.00837859
773 0.00699417
774 0.00909529
775 0.00792935
776 0.0097573
777 0.00308863
778 0.0030841
779 0.00452748
780 0.00218965
781 0.0040517
782 0.00339011
783 0.00647555
784 0.0031166
785 0.00117475
786 0.00733858
787 0.00416804
788 0.00508097
789 0.00364195
790 0.00799664
791 0.00252641
792 0.0021201
793 0.00091796
794 0.00174554
795 0.00133175
796 0.00177267
797 0.00214866
798 0.00443021
799 0.00091343
800 0.00543713
801 0.00485736
802 0.00402877
803 0.0014323
804 0.00167196
805 0.00178544
806 0.0
807 0.00270995
808 0.0
809 0.00252129
810 0.0
811 0.0
812 0.00131831
813 0.00072644
814 0.0
815 0.0
816 0.00036154
817 0.0
818 0.00356088
819 0.0
820 0.0
821 0.0
822 0.0
823 0.0
824 0.0
825 0.00112939
826 0.00186045
827 0.0
828 0.0
829 0.0
830 0.0
831 0.0
832 0.00253548
833 0.0
834 0.0
835 0.00109252
836 0.0
837 0.0
838 0.0
839 0.00047645
840 0.0
841 0.0
842 0.0
843 0.0
844 0.00174722
845 0.0
846 0.00471724
847 0.00203509
848 0.0
849 0.0
850 0.00593316
851 0.0
852 0.0
853 0.0
854 0.0
855 0.0
856 0.0
857 0.0
858 0.0012685
859 0.0
860 0.00219604
861 0.0
862 0.0
863 0.0
864 0.0
865 0.0
866 0.00067797
867 0.0
868 0.0
869 0.0
870 0.0
871 0.0
872 0.0
873 0.0
874 0.00804024
875 0.0
876 0.0
877 0.0
878 0.0
879 0.0
880 0.0
881 0.0
882 0.0
883 0.00412403
884 0.0
885 0.0
886 0.0
887 0.0
888 0.0
889 0.0
890 0.001457
891 0.0
892 0.00527173
893 0.0
894 0.0
895 0.0
896 0.0
897 0.0
898 0.0
899 0.0
900 0.0
901 0.0
902 0.0
903 0.0
904 0.0
905 0.0
906 0.0
907 0.0
908 0.0
909 0.0
910 0.0
911 0.0
912 0.0
913 0.0
914 0.0
915 0.0
916 0.0
917 0.0
918 0.0
919 0.0
920 0.0
921 0.0
922 0.0
923 0.0
924 0.0
925 0.0
926 0.0
927 0.0
928 0.0
929 0.0
930 0.0
931 0.0
932 0.0
933 0.0
934 0.0
935 0.0
936 0.0
937 0.0
938 0.0
939 0.0
940 0.0
941 0.0
942 0.0
943 0.0
944 0.0
945 0.0
946 0.0
947 0.0
948 0.0
949 0.0
950 0.0
951 0.0
952 0.0
953 0.0
954 0.0
955 0.0
956 0.0
957 0.0
958 0.0
959 0.0
960 0.0
961 0.0
962 0.0
963 0.0
964 0.0
965 0.0
966 0.0
967 0.0
968 0.0
969 0.0
970 0.0
971 0.0
972 0.0
973 0.0
974 0.0
975 0.0
976 0.0
977 0.0
978 0.0
979 0.0
980 0.0
981 0.0
982 0.0
983 0.0
984 0.0
985 0.0
986 0.0
987 0.0
988 0.0
989 0.0
990 0.0
991 0.0
992 0.0
993 0.0
994 0.0
995 0.0
996 0.0
997 0.0
998 0.0
999 0.0
1000 0.0
1001 0.0
1002 0.0
1003 0.0
1004 0.0
1005 0.0
1006 0.0
1007 0.0
1008 0.0
1009 0.0
1010 0.0
1011 0.0
1012 0.0
1013 0.0
1014 0.0
1015 0.0
1016 0.0
1017 0.0
1018 0.0
1019 0.0
1020 0.0
1021 0.0
1022 0.0
1023 0.0
1024 0.0
1025 0.0
1026 0.0
1027 0.0
1028 0.0
1029 0.0
1030 0.0
1031 0.0
1032 0.0
1033 0.0
1034 0.0
1035 0.0
1036 0.0
1037 0.0
1038 0.0
1039 0.0
1040 0.0
1041 0.0
1042 0.0
1043 0.0
1044 0.0
1045 0.0
1046 0.0
1047 0.0
1048 0.0
1049 0.0
1050 0.0
1051 0.0
1052 0.0
1053 0.0
1054 0.0
1055 0.0
1056 0.0
1057 0.0
1058 0.0
1059 0.0
1060 0.0
1061 0.0
1062 0.0
1063 0.0
1064 0.0
1065 0.0
1066 0.0
1067 0.0
1068 0.0
1069 0.0
1070 0.0
1071 0.0
1072 0.0
1073 0.0
1074 0.0
1075 0.0
1076 0.0
1077 0.0
1078 0.0
1079 0.0
1080 0.0
1081 0.0
1082 0.0
1083 0.0
1084 0.0
1085 0.0
1086 0.0
1087 0.0
1088 0.0
1089 0.0
1090 0.0
1091 0.0
1092 0.0
1093 0.0
1094 0.0
1095 0.0
1096 0.0
1097 0.0
1098 0.0
1099 0.0
1100 0.0
