LED_6801K_Madrid_F_Farmacia
380 0.0
381 0.0
382 0.0
383 0.0
384 0.0
385 0.0
386 0.0
387 0.0
388 0.00319659
389 0.0
390 3.531e-05
391 0.0
392 0.0
393 0.0
394 0.0
395 0.00141758
396 0.00492145
397 0.00880369
398 0.00241766
399 0.0015736
400 0.00365989
401 0.00599692
402 0.00606086
403 0.01306955
404 0.01403051
405 0.01497882
406 0.01701812
407 0.0220734
408 0.0286949
409 0.03315328
410 0.04458577
411 0.05403122
412 0.06668828
413 0.07241633
414 0.09229776
415 0.10189135
416 0.11305044
417 0.13769085
418 0.15536623
419 0.17333934
420 0.19815867
421 0.21840272
422 0.25266774
423 0.28077552
424 0.31088251
425 0.33156219
426 0.36663859
427 0.40210743
428 0.43527097
429 0.47665586
430 0.51545847
431 0.5315328
432 0.58348202
433 0.62299485
434 0.64596289
435 0.6821744
436 0.71844793
437 0.75410763
438 0.79229211
439 0.83417274
440 0.84949033
441 0.90589579
442 0.92426087
443 0.95128149
444 0.97013993
445 0.987065
446 1.0
447 0.99433469
448 0.97908533
449 0.96673817
450 0.92361721
451 0.88387774
452 0.82410415
453 0.76970697
454 0.6959036
455 0.6582893
456 0.59819222
457 0.54863895
458 0.49812472
459 0.45433172
460 0.42295029
461 0.39470295
462 0.35820897
463 0.33407481
464 0.30426555
465 0.28358945
466 0.25698848
467 0.23153597
468 0.22399646
469 0.20316839
470 0.1834721
471 0.17437115
472 0.15658913
473 0.14601025
474 0.13188932
475 0.12504094
476 0.11182921
477 0.10542982
478 0.10108404
479 0.09482874
480 0.09155128
481 0.08523897
482 0.0805902
483 0.08015791
484 0.07661229
485 0.075387
486 0.07284218
487 0.07120369
488 0.07180965
489 0.06998149
490 0.0716813
491 0.07596219
492 0.07717246
493 0.08129303
494 0.08461344
495 0.09052829
496 0.09374206
497 0.09992912
498 0.10539355
499 0.11085966
500 0.11962184
501 0.12902338
502 0.13687327
503 0.14430519
504 0.15095794
505 0.16021706
506 0.17093241
507 0.1813276
508 0.19979741
509 0.20191304
510 0.21515102
511 0.22852571
512 0.23579563
513 0.24153728
514 0.26165704
515 0.26642414
516 0.27920287
517 0.28509101
518 0.29709368
519 0.3017558
520 0.3105781
521 0.31603943
522 0.32953555
523 0.33686297
524 0.34002163
525 0.34885514
526 0.35889725
527 0.35965566
528 0.36980655
529 0.37925223
530 0.38001327
531 0.38396684
532 0.38872511
533 0.39324505
534 0.39421746
535 0.40030146
536 0.40305264
537 0.40613472
538 0.41088893
539 0.41487471
540 0.42444063
541 0.42018956
542 0.42238583
543 0.42460715
544 0.42727579
545 0.42748192
546 0.42918077
547 0.43332496
548 0.43413037
549 0.42924399
550 0.43212257
551 0.43393403
552 0.43028749
553 0.44180873
554 0.43914343
555 0.43984029
556 0.44585654
557 0.44717368
558 0.44406512
559 0.45009353
560 0.45334499
561 0.45262165
562 0.4503018
563 0.45372933
564 0.4465534
565 0.45020232
566 0.44808931
567 0.45139684
568 0.44795142
569 0.45044828
570 0.44710473
571 0.44086686
572 0.445873
573 0.43450898
574 0.44251752
575 0.44015234
576 0.43595471
577 0.4331718
578 0.43320544
579 0.42837822
580 0.42695444
581 0.43054491
582 0.4272672
583 0.42863373
584 0.43290818
585 0.42465821
586 0.42771667
587 0.4186632
588 0.41774518
589 0.41184297
590 0.40546672
591 0.4073717
592 0.40896463
593 0.3986768
594 0.40043959
595 0.38741012
596 0.39743433
597 0.37988635
598 0.38175626
599 0.38474315
600 0.37813024
601 0.37888961
602 0.37374056
603 0.37181554
604 0.37001029
605 0.35930138
606 0.36306839
607 0.35443027
608 0.34909824
609 0.34212152
610 0.33823403
611 0.32823486
612 0.32663454
613 0.32375692
614 0.32402578
615 0.32195715
616 0.3168687
617 0.3132527
618 0.3148566
619 0.31222948
620 0.30256312
621 0.29758537
622 0.28586803
623 0.29009906
624 0.28465442
625 0.28433283
626 0.27856088
627 0.2731277
628 0.26540735
629 0.26007127
630 0.25469057
631 0.25526052
632 0.24519241
633 0.23908193
634 0.23691763
635 0.2324664
636 0.23068285
637 0.22137029
638 0.22176011
639 0.21140787
640 0.21477337
641 0.21002822
642 0.20550995
643 0.20224585
644 0.19986015
645 0.19318545
646 0.19379929
647 0.18650933
648 0.18523155
649 0.18074072
650 0.17782325
651 0.17056119
652 0.17115642
653 0.170153
654 0.16185961
655 0.15890016
656 0.15297361
657 0.15207492
658 0.14713343
659 0.14712747
660 0.14818576
661 0.14134669
662 0.1359011
663 0.13620099
664 0.13485665
665 0.13056311
666 0.12386122
667 0.12020705
668 0.12205095
669 0.11831424
670 0.11431844
671 0.11233092
672 0.11359104
673 0.10657185
674 0.10781981
675 0.10276738
676 0.10235657
677 0.09491916
678 0.093738
679 0.08862284
680 0.09116646
681 0.09063756
682 0.09380409
683 0.08686959
684 0.07676832
685 0.07823982
686 0.08369662
687 0.07828968
688 0.08153565
689 0.07237053
690 0.07557547
691 0.06862714
692 0.07435948
693 0.06804169
694 0.06527285
695 0.06803906
696 0.06728208
697 0.06184007
698 0.05881286
699 0.0567063
700 0.05960014
701 0.0599673
702 0.05763028
703 0.05774503
704 0.05494279
705 0.04292748
706 0.04895613
707 0.05404815
708 0.04568486
709 0.0454544
710 0.03920293
711 0.0433433
712 0.04484987
713 0.0399184
714 0.03901207
715 0.0364224
716 0.03997518
717 0.03663926
718 0.03619075
719 0.03816396
720 0.03682057
721 0.03347869
722 0.03415838
723 0.02769983
724 0.02967375
725 0.02803191
726 0.02426252
727 0.03201412
728 0.01934512
729 0.02293893
730 0.02511516
731 0.02335094
732 0.02406737
733 0.02448582
734 0.0219639
735 0.02462705
736 0.0202085
737 0.02369949
738 0.01984707
739 0.01960349
740 0.01571123
741 0.02247325
742 0.01605286
743 0.01551346
744 0.01500053
745 0.01617119
746 0.01998401
747 0.01364784
748 0.01681891
749 0.0146317
750 0.01864731
751 0.0138919
752 0.01572411
753 0.00891272
754 0.01039901
755 0.01294025
756 0.01072585
757 0.00677299
758 0.00625625
759 0.00700225
760 0.00858278
761 0.00816242
762 0.0058638
763 0.01336252
764 0.00273615
765 0.01163432
766 0.00859971
767 0.00982191
768 0.00505409
769 0.0127148
770 0.00229838
771 0.0064378
772 0.00430642
773 0.0
774 0.00675796
775 0.00622666
776 0.00099316
777 0.01614805
778 0.00212231
779 0.00561259
780 0.01049348
781 0.00574833
782 0.0
783 0.0
784 0.00436892
785 0.00443214
786 0.01333007
787 0.00712488
788 0.01054382
789 0.00137965
790 0.00155333
791 0.00442284
792 0.00354037
793 0.0036995
794 0.0
795 0.0
796 0.00319683
797 0.01024059
798 0.0
799 0.00185583
800 0.0
801 0.0
802 0.00737872
803 0.0
804 0.0
805 0.00135078
806 0.0
807 0.0
808 0.01165126
809 0.01376522
810 0.00135913
811 0.00190522
812 0.0
813 0.0
814 0.0
815 0.0
816 0.0
817 0.0
818 0.00173464
819 0.0
820 0.0
821 0.0
822 0.00653657
823 0.00038123
824 0.00996266
825 0.0
826 0.0
827 0.0
828 0.0
829 0.0
830 0.0
831 0.0
832 0.0
833 0.0
834 0.0
835 0.00513616
836 0.0
837 0.0
838 0.0
839 0.01531091
840 0.0
841 0.0
842 0.0
843 0.0
844 0.01054453
845 0.0
846 0.0
847 0.0
848 0.0
849 0.0
850 0.0
851 0.0
852 0.0
853 0.02052485
854 0.0
855 0.0
856 0.0
857 0.0
858 0.0
859 0.0
860 0.0
861 0.0
862 0.0
863 0.0
864 0.00162776
865 0.00328725
866 0.0
867 0.0
868 0.02182958
869 0.0
870 0.0
871 0.00665466
872 0.0
873 0.00195961
874 0.0
875 0.0
876 0.0
877 0.0
878 0.0
879 0.0
880 0.00770961
881 0.0
882 0.0
883 0.0
884 0.02254863
885 0.00189758
886 0.0
887 0.0
888 0.0
889 0.01140672
890 0.0
891 0.02277122
892 0.0
893 0.0
894 0.0
895 0.0036389
896 0.0
897 0.0
898 0.0
899 0.0
900 0.0
901 0.0
902 0.0
903 0.0
904 0.0
905 0.0
906 0.0
907 0.0
908 0.0
909 0.0
910 0.0
911 0.0
912 0.0
913 0.0
914 0.0
915 0.0
916 0.0
917 0.0
918 0.0
919 0.0
920 0.0
921 0.0
922 0.0
923 0.0
924 0.0
925 0.0
926 0.0
927 0.0
928 0.0
929 0.0
930 0.0
931 0.0
932 0.0
933 0.0
934 0.0
935 0.0
936 0.0
937 0.0
938 0.0
939 0.0
940 0.0
941 0.0
942 0.0
943 0.0
944 0.0
945 0.0
946 0.0
947 0.0
948 0.0
949 0.0
950 0.0
951 0.0
952 0.0
953 0.0
954 0.0
955 0.0
956 0.0
957 0.0
958 0.0
959 0.0
960 0.0
961 0.0
962 0.0
963 0.0
964 0.0
965 0.0
966 0.0
967 0.0
968 0.0
969 0.0
970 0.0
971 0.0
972 0.0
973 0.0
974 0.0
975 0.0
976 0.0
977 0.0
978 0.0
979 0.0
980 0.0
981 0.0
982 0.0
983 0.0
984 0.0
985 0.0
986 0.0
987 0.0
988 0.0
989 0.0
990 0.0
991 0.0
992 0.0
993 0.0
994 0.0
995 0.0
996 0.0
997 0.0
998 0.0
999 0.0
1000 0.0
1001 0.0
1002 0.0
1003 0.0
1004 0.0
1005 0.0
1006 0.0
1007 0.0
1008 0.0
1009 0.0
1010 0.0
1011 0.0
1012 0.0
1013 0.0
1014 0.0
1015 0.0
1016 0.0
1017 0.0
1018 0.0
1019 0.0
1020 0.0
1021 0.0
1022 0.0
1023 0.0
1024 0.0
1025 0.0
1026 0.0
1027 0.0
1028 0.0
1029 0.0
1030 0.0
1031 0.0
1032 0.0
1033 0.0
1034 0.0
1035 0.0
1036 0.0
1037 0.0
1038 0.0
1039 0.0
1040 0.0
1041 0.0
1042 0.0
1043 0.0
1044 0.0
1045 0.0
1046 0.0
1047 0.0
1048 0.0
1049 0.0
1050 0.0
1051 0.0
1052 0.0
1053 0.0
1054 0.0
1055 0.0
1056 0.0
1057 0.0
1058 0.0
1059 0.0
1060 0.0
1061 0.0
1062 0.0
1063 0.0
1064 0.0
1065 0.0
1066 0.0
1067 0.0
1068 0.0
1069 0.0
1070 0.0
1071 0.0
1072 0.0
1073 0.0
1074 0.0
1075 0.0
1076 0.0
1077 0.0
1078 0.0
1079 0.0
1080 0.0
1081 0.0
1082 0.0
1083 0.0
1084 0.0
1085 0.0
1086 0.0
1087 0.0
1088 0.0
1089 0.0
1090 0.0
1091 0.0
1092 0.0
1093 0.0
1094 0.0
1095 0.0
1096 0.0
1097 0.0
1098 0.0
1099 0.0
1100 0.0
