LED_7043K_LICA_Deco_LED_7000K
380 0.0
381 0.00036009
382 0.00047407
383 3.242e-05
384 4.557e-05
385 0.00024161
386 0.0
387 5.595e-05
388 1.509e-05
389 0.00054252
390 0.0002889
391 0.00018879
392 4.21e-06
393 0.00089722
394 0.00052918
395 0.00037935
396 0.00042839
397 0.0005288
398 0.00063912
399 0.00025111
400 0.00030291
401 0.00066541
402 0.00053355
403 0.0006901
404 0.00089772
405 0.00097076
406 0.00075699
407 0.0009308
408 0.00209285
409 0.00132784
410 0.00195517
411 0.00215591
412 0.00235266
413 0.00279324
414 0.00297999
415 0.00390576
416 0.00410178
417 0.00500849
418 0.00653349
419 0.00736466
420 0.00930143
421 0.01062528
422 0.01205316
423 0.01460812
424 0.01673687
425 0.02016098
426 0.02348655
427 0.02775262
428 0.0319672
429 0.03754255
430 0.04281676
431 0.04962275
432 0.05667663
433 0.06512922
434 0.07452389
435 0.08444572
436 0.09504578
437 0.10767217
438 0.12343731
439 0.14027072
440 0.15678206
441 0.17829169
442 0.19917822
443 0.22777106
444 0.25330557
445 0.28712784
446 0.32207014
447 0.36417516
448 0.41200854
449 0.47831086
450 0.51563273
451 0.57866864
452 0.64547737
453 0.71013077
454 0.76972081
455 0.82759792
456 0.87764347
457 0.91833521
458 0.95460008
459 0.98488823
460 1.0
461 0.99828685
462 0.9880228
463 0.95536101
464 0.93638565
465 0.89429981
466 0.83974183
467 0.79483749
468 0.74773365
469 0.68993686
470 0.64320193
471 0.60725968
472 0.56903183
473 0.53612953
474 0.51143885
475 0.49049425
476 0.46529135
477 0.44596202
478 0.42137903
479 0.40544168
480 0.3864831
481 0.36993877
482 0.34625513
483 0.32707648
484 0.30948452
485 0.29323062
486 0.28059477
487 0.26362928
488 0.25048327
489 0.24134287
490 0.23306839
491 0.22385573
492 0.21822041
493 0.21344202
494 0.21082761
495 0.20669902
496 0.20542222
497 0.20531148
498 0.20331833
499 0.20405323
500 0.20287059
501 0.20482749
502 0.20558146
503 0.2090737
504 0.21071498
505 0.2145395
506 0.21817209
507 0.22239308
508 0.22825812
509 0.23404651
510 0.23950295
511 0.2475743
512 0.25486952
513 0.26069357
514 0.26735666
515 0.27541778
516 0.2810614
517 0.28651637
518 0.29186984
519 0.29669863
520 0.30419285
521 0.30896024
522 0.31562253
523 0.32099884
524 0.32871073
525 0.33336527
526 0.33830927
527 0.34303567
528 0.34719273
529 0.35358909
530 0.35700333
531 0.35938286
532 0.36444226
533 0.36550328
534 0.36749875
535 0.37250398
536 0.37482513
537 0.37568373
538 0.37968211
539 0.38108523
540 0.38412056
541 0.38757192
542 0.38733819
543 0.39016228
544 0.38951291
545 0.3928492
546 0.39058372
547 0.39092246
548 0.39383111
549 0.39354113
550 0.39417555
551 0.39633256
552 0.39723789
553 0.39687153
554 0.39737881
555 0.39715595
556 0.39975373
557 0.39958087
558 0.40153425
559 0.40098258
560 0.40222601
561 0.40400118
562 0.40126353
563 0.3989042
564 0.39726898
565 0.39518459
566 0.39720213
567 0.39743987
568 0.39457145
569 0.39273712
570 0.39109218
571 0.3891553
572 0.38997187
573 0.38832234
574 0.38523817
575 0.38372244
576 0.38179012
577 0.38135315
578 0.38076322
579 0.37725458
580 0.37500843
581 0.37437471
582 0.37306656
583 0.37264596
584 0.372111
585 0.37315305
586 0.36950443
587 0.37002739
588 0.3657216
589 0.36269329
590 0.35913348
591 0.35666033
592 0.35464267
593 0.35182998
594 0.34805968
595 0.34651602
596 0.34161796
597 0.33894599
598 0.33760105
599 0.33546374
600 0.33216656
601 0.32863703
602 0.32657731
603 0.32397375
604 0.32018182
605 0.31465373
606 0.31147159
607 0.30599418
608 0.30368468
609 0.2989326
610 0.29561195
611 0.29180775
612 0.28730375
613 0.28535245
614 0.28364736
615 0.28189651
616 0.27968482
617 0.27655509
618 0.27568554
619 0.27034361
620 0.26879378
621 0.26371604
622 0.25959047
623 0.25588225
624 0.25260794
625 0.24923212
626 0.24631839
627 0.24217242
628 0.23936343
629 0.23632634
630 0.23226957
631 0.2281957
632 0.22439397
633 0.2215545
634 0.21834036
635 0.21470062
636 0.21050387
637 0.20689159
638 0.20401861
639 0.20006841
640 0.19750049
641 0.193395
642 0.19135478
643 0.18613314
644 0.18479524
645 0.18150607
646 0.17790135
647 0.17459723
648 0.17007739
649 0.16970121
650 0.16423859
651 0.16172011
652 0.15921009
653 0.15607872
654 0.15324022
655 0.14916694
656 0.14690763
657 0.1433441
658 0.1391439
659 0.13765156
660 0.1344539
661 0.13201392
662 0.12978673
663 0.12749086
664 0.1238938
665 0.12128698
666 0.11835978
667 0.11674573
668 0.11348309
669 0.11150326
670 0.10946731
671 0.10744096
672 0.10418002
673 0.10313808
674 0.10072322
675 0.09872771
676 0.09618109
677 0.09382866
678 0.09063292
679 0.09025162
680 0.08835731
681 0.08520564
682 0.08388839
683 0.08251656
684 0.07977928
685 0.07895432
686 0.07627574
687 0.07550806
688 0.0729525
689 0.07038904
690 0.06991106
691 0.06756908
692 0.06741643
693 0.06520391
694 0.06279484
695 0.06172729
696 0.06032525
697 0.05977017
698 0.0580374
699 0.05649213
700 0.05556736
701 0.05501787
702 0.05348044
703 0.05124527
704 0.05046828
705 0.04975233
706 0.04844555
707 0.04716849
708 0.04541049
709 0.04511829
710 0.044162
711 0.04272453
712 0.04102957
713 0.0414265
714 0.04031202
715 0.03901798
716 0.03960052
717 0.03726122
718 0.0367757
719 0.03569081
720 0.03441363
721 0.03393255
722 0.03332655
723 0.03265133
724 0.03136435
725 0.03054519
726 0.02923324
727 0.02949877
728 0.02798089
729 0.02730529
730 0.02689303
731 0.02639903
732 0.0264137
733 0.02561789
734 0.02504865
735 0.02483688
736 0.02300531
737 0.02290483
738 0.02162619
739 0.02180409
740 0.02140457
741 0.02142932
742 0.02064658
743 0.02037264
744 0.01868039
745 0.01799686
746 0.01797723
747 0.01764765
748 0.01763324
749 0.01644839
750 0.01631891
751 0.01539966
752 0.01535079
753 0.01396311
754 0.01397329
755 0.01350742
756 0.01336357
757 0.01326202
758 0.01302467
759 0.01301079
760 0.01232475
761 0.01336314
762 0.01123963
763 0.01262603
764 0.01204383
765 0.01035354
766 0.01101538
767 0.01020438
768 0.01116769
769 0.00960893
770 0.00962657
771 0.00914546
772 0.00821824
773 0.00861422
774 0.00742847
775 0.00857177
776 0.00824224
777 0.00667792
778 0.00770924
779 0.00702581
780 0.00672151
781 0.00698646
782 0.00530427
783 0.00694724
784 0.00623345
785 0.00752219
786 0.00556806
787 0.00630035
788 0.00609161
789 0.00577762
790 0.00672682
791 0.00398101
792 0.00527749
793 0.00525927
794 0.00409522
795 0.00461625
796 0.00424852
797 0.00448356
798 0.0037061
799 0.00421383
800 0.00374067
801 0.00337667
802 0.00346055
803 0.00337061
804 0.00224174
805 0.00285229
806 0.00411044
807 0.00295953
808 0.00312786
809 0.00158557
810 0.00358987
811 0.00186435
812 0.00308294
813 0.00123098
814 0.00202883
815 0.00390764
816 0.0018648
817 0.00305015
818 0.0008153
819 0.00160639
820 0.00202995
821 0.00045176
822 0.001649
823 0.00016293
824 0.00021969
825 0.0003213
826 6.49e-06
827 0.00147668
828 0.0
829 0.0008188
830 0.0
831 2.813e-05
832 0.0
833 0.00065573
834 0.00145327
835 4.77e-06
836 0.00015976
837 0.00204271
838 0.00033959
839 0.0
840 0.0
841 7.161e-05
842 0.0
843 0.0
844 0.0
845 0.00019957
846 0.0
847 0.0
848 0.0
849 0.00027778
850 0.0
851 0.00017941
852 0.0
853 0.0
854 0.0
855 0.0
856 0.0
857 0.0
858 0.00027762
859 0.0
860 0.0
861 0.00122449
862 0.0
863 0.0
864 0.0
865 0.0
866 0.0
867 2.4e-07
868 0.0
869 0.0
870 0.00056309
871 0.0
872 0.0
873 0.0
874 0.0
875 0.0
876 0.0
877 0.0
878 0.0
879 0.0
880 0.0
881 0.0
882 0.0
883 0.0
884 0.00266719
885 0.0
886 0.0
887 0.0
888 0.0
889 0.0
890 0.0
891 0.0
892 0.0
893 0.0
894 0.0
895 0.0
896 0.0
897 0.0
898 0.0
899 0.0
900 0.0
901 0.0
902 0.0
903 0.0
904 0.0
905 0.0
906 0.0
907 0.0
908 0.0
909 0.0
910 0.0
911 0.0
912 0.0
913 0.0
914 0.0
915 0.0
916 0.0
917 0.0
918 0.0
919 0.0
920 0.0
921 0.0
922 0.0
923 0.0
924 0.0
925 0.0
926 0.0
927 0.0
928 0.0
929 0.0
930 0.0
931 0.0
932 0.0
933 0.0
934 0.0
935 0.0
936 0.0
937 0.0
938 0.0
939 0.0
940 0.0
941 0.0
942 0.0
943 0.0
944 0.0
945 0.0
946 0.0
947 0.0
948 0.0
949 0.0
950 0.0
951 0.0
952 0.0
953 0.0
954 0.0
955 0.0
956 0.0
957 0.0
958 0.0
959 0.0
960 0.0
961 0.0
962 0.0
963 0.0
964 0.0
965 0.0
966 0.0
967 0.0
968 0.0
969 0.0
970 0.0
971 0.0
972 0.0
973 0.0
974 0.0
975 0.0
976 0.0
977 0.0
978 0.0
979 0.0
980 0.0
981 0.0
982 0.0
983 0.0
984 0.0
985 0.0
986 0.0
987 0.0
988 0.0
989 0.0
990 0.0
991 0.0
992 0.0
993 0.0
994 0.0
995 0.0
996 0.0
997 0.0
998 0.0
999 0.0
1000 0.0
1001 0.0
1002 0.0
1003 0.0
1004 0.0
1005 0.0
1006 0.0
1007 0.0
1008 0.0
1009 0.0
1010 0.0
1011 0.0
1012 0.0
1013 0.0
1014 0.0
1015 0.0
1016 0.0
1017 0.0
1018 0.0
1019 0.0
1020 0.0
1021 0.0
1022 0.0
1023 0.0
1024 0.0
1025 0.0
1026 0.0
1027 0.0
1028 0.0
1029 0.0
1030 0.0
1031 0.0
1032 0.0
1033 0.0
1034 0.0
1035 0.0
1036 0.0
1037 0.0
1038 0.0
1039 0.0
1040 0.0
1041 0.0
1042 0.0
1043 0.0
1044 0.0
1045 0.0
1046 0.0
1047 0.0
1048 0.0
1049 0.0
1050 0.0
1051 0.0
1052 0.0
1053 0.0
1054 0.0
1055 0.0
1056 0.0
1057 0.0
1058 0.0
1059 0.0
1060 0.0
1061 0.0
1062 0.0
1063 0.0
1064 0.0
1065 0.0
1066 0.0
1067 0.0
1068 0.0
1069 0.0
1070 0.0
1071 0.0
1072 0.0
1073 0.0
1074 0.0
1075 0.0
1076 0.0
1077 0.0
1078 0.0
1079 0.0
1080 0.0
1081 0.0
1082 0.0
1083 0.0
1084 0.0
1085 0.0
1086 0.0
1087 0.0
1088 0.0
1089 0.0
1090 0.0
1091 0.0
1092 0.0
1093 0.0
1094 0.0
1095 0.0
1096 0.0
1097 0.0
1098 0.0
1099 0.0
1100 0.0
