LED_7676K_LICA
380 0.0
381 0.00117117
382 0.00036461
383 0.0
384 0.00103082
385 0.00152913
386 0.0
387 0.00063321
388 0.0
389 0.00042583
390 0.0
391 0.00081739
392 0.00020712
393 0.00090786
394 0.00089115
395 0.00189664
396 0.00201875
397 0.00250606
398 0.00251399
399 0.00216925
400 0.00472408
401 0.00510771
402 0.00613853
403 0.00636312
404 0.00841436
405 0.00959568
406 0.01169347
407 0.01539662
408 0.01829833
409 0.02216077
410 0.02730164
411 0.03365735
412 0.04205304
413 0.05110649
414 0.06014595
415 0.0719854
416 0.08466279
417 0.10238496
418 0.12027468
419 0.14011749
420 0.16311919
421 0.18822831
422 0.21828568
423 0.25015442
424 0.28064539
425 0.31409204
426 0.3531708
427 0.39023627
428 0.42869794
429 0.46465168
430 0.51488816
431 0.55735467
432 0.60689954
433 0.65977357
434 0.70398664
435 0.76840415
436 0.82640865
437 0.87003908
438 0.93112197
439 0.96909642
440 0.99230037
441 1.0
442 0.99350684
443 0.98148287
444 0.93213284
445 0.88454106
446 0.82374442
447 0.74779503
448 0.68382023
449 0.61489497
450 0.53429602
451 0.47308769
452 0.41852244
453 0.36886416
454 0.32441856
455 0.29331851
456 0.26885898
457 0.23977606
458 0.22047462
459 0.19913909
460 0.18145222
461 0.16600265
462 0.14975632
463 0.13683881
464 0.12687119
465 0.11649197
466 0.10571523
467 0.09849805
468 0.08948323
469 0.08268208
470 0.07805929
471 0.07444098
472 0.06934232
473 0.06840725
474 0.06477837
475 0.06086912
476 0.05972507
477 0.05650948
478 0.057894
479 0.05397247
480 0.05343357
481 0.05309897
482 0.05332476
483 0.05352634
484 0.05454556
485 0.05547585
486 0.05887937
487 0.05955487
488 0.06216547
489 0.06663238
490 0.07043743
491 0.07562068
492 0.08177839
493 0.08662151
494 0.09326457
495 0.09861359
496 0.10763694
497 0.11534749
498 0.12299579
499 0.13118751
500 0.14169216
501 0.14913343
502 0.16115322
503 0.1708247
504 0.18132406
505 0.18846442
506 0.20076509
507 0.21091936
508 0.22189179
509 0.23206074
510 0.24216223
511 0.25502022
512 0.2622177
513 0.267814
514 0.27828957
515 0.29067423
516 0.29607203
517 0.30346017
518 0.30632555
519 0.3179613
520 0.32095339
521 0.3274972
522 0.33407239
523 0.34116312
524 0.3452389
525 0.34765628
526 0.35427077
527 0.35879865
528 0.3603387
529 0.36598326
530 0.36290572
531 0.36539592
532 0.37065072
533 0.37023367
534 0.3675303
535 0.37266691
536 0.3739815
537 0.37309445
538 0.37315704
539 0.37771024
540 0.37716247
541 0.37836928
542 0.3769944
543 0.37803767
544 0.37745042
545 0.37663627
546 0.37498299
547 0.37647528
548 0.37330285
549 0.37147092
550 0.37484878
551 0.37313418
552 0.37010159
553 0.37074921
554 0.3738779
555 0.36889886
556 0.37201639
557 0.3737089
558 0.37356394
559 0.36788774
560 0.36714471
561 0.36964369
562 0.36423311
563 0.36303985
564 0.36293105
565 0.36027449
566 0.36074901
567 0.35636362
568 0.35801127
569 0.35304264
570 0.35311614
571 0.34465906
572 0.34516923
573 0.34426384
574 0.34033532
575 0.33890041
576 0.34067077
577 0.3358569
578 0.33088699
579 0.33044743
580 0.32862932
581 0.32580862
582 0.3225602
583 0.32378433
584 0.31523712
585 0.3186686
586 0.31567404
587 0.31150804
588 0.30928192
589 0.3053395
590 0.30243276
591 0.30026411
592 0.29601967
593 0.28987808
594 0.28723183
595 0.28527542
596 0.27761876
597 0.27965047
598 0.2737136
599 0.27129861
600 0.26890988
601 0.26445781
602 0.26118305
603 0.25795126
604 0.2551083
605 0.24954407
606 0.24129777
607 0.23998778
608 0.23615783
609 0.23391926
610 0.22905551
611 0.22379603
612 0.22024218
613 0.21910963
614 0.21374808
615 0.21363075
616 0.20936908
617 0.20722687
618 0.20689449
619 0.201947
620 0.19604024
621 0.19143357
622 0.18735515
623 0.18558419
624 0.18223499
625 0.1768505
626 0.17541329
627 0.17263693
628 0.16943456
629 0.16529619
630 0.16260211
631 0.15998759
632 0.15554217
633 0.15256201
634 0.15030144
635 0.14429509
636 0.14143251
637 0.13675337
638 0.13627748
639 0.13158615
640 0.12914242
641 0.12907369
642 0.12462673
643 0.1201044
644 0.11911042
645 0.11439367
646 0.11296115
647 0.11202268
648 0.11045125
649 0.10642885
650 0.10401752
651 0.1016751
652 0.09766941
653 0.09651282
654 0.09342667
655 0.08961957
656 0.08667694
657 0.08553322
658 0.08474934
659 0.08264533
660 0.08208221
661 0.07833983
662 0.07610262
663 0.07242667
664 0.07259636
665 0.0717747
666 0.07067763
667 0.06746162
668 0.0658097
669 0.06364634
670 0.0619511
671 0.06061272
672 0.0582071
673 0.05766744
674 0.05838719
675 0.051988
676 0.05319456
677 0.05141397
678 0.04877889
679 0.04956005
680 0.04744853
681 0.04680167
682 0.04628273
683 0.04543634
684 0.04272913
685 0.04030127
686 0.04088186
687 0.04121194
688 0.0388904
689 0.03431324
690 0.03533877
691 0.03598264
692 0.03258083
693 0.033855
694 0.03331841
695 0.03322205
696 0.03044816
697 0.02850522
698 0.03022117
699 0.0287872
700 0.02920801
701 0.0259428
702 0.02530319
703 0.02796444
704 0.02218243
705 0.02427058
706 0.02270223
707 0.02344415
708 0.02311075
709 0.02124873
710 0.01913977
711 0.02053631
712 0.02024417
713 0.0193561
714 0.01652729
715 0.01818995
716 0.01610862
717 0.01558439
718 0.01758113
719 0.0142124
720 0.01664923
721 0.01636366
722 0.0152798
723 0.01263296
724 0.01491153
725 0.01668726
726 0.01510568
727 0.01268992
728 0.01341838
729 0.01502749
730 0.01165851
731 0.01056979
732 0.0105541
733 0.00917036
734 0.01016954
735 0.00948295
736 0.00875092
737 0.0079597
738 0.009977
739 0.01100603
740 0.00838767
741 0.00853357
742 0.00863674
743 0.00673302
744 0.00864382
745 0.00945302
746 0.00735804
747 0.00554625
748 0.00718921
749 0.00779087
750 0.00712688
751 0.00613187
752 0.00685683
753 0.00466252
754 0.00563834
755 0.0051286
756 0.00526375
757 0.00423898
758 0.00516825
759 0.00445395
760 0.00178895
761 0.00548443
762 0.00154141
763 0.00427633
764 0.00443084
765 0.00515443
766 0.00141129
767 0.00077211
768 0.00534552
769 0.00181947
770 0.00362266
771 0.00482444
772 0.00229084
773 0.00283955
774 0.00422619
775 0.00163597
776 0.00299866
777 0.00087947
778 0.00161713
779 0.00025896
780 0.0
781 0.0
782 0.00258203
783 0.00262117
784 0.0009192
785 0.00171527
786 0.00262748
787 0.00226995
788 0.00350303
789 0.00120843
790 0.00294255
791 0.0
792 0.0
793 0.0029955
794 0.0
795 0.0
796 0.0
797 0.00390848
798 0.00130811
799 0.0
800 0.00390661
801 0.00236682
802 0.00188206
803 0.0
804 0.00212729
805 0.0
806 0.00147959
807 0.0
808 0.0
809 0.0
810 0.0
811 0.00394182
812 0.00071276
813 0.00083589
814 0.0
815 0.0
816 0.0
817 0.00038397
818 0.00539907
819 0.0
820 0.00142561
821 0.00072359
822 0.00201704
823 0.0
824 0.0
825 0.0
826 0.0
827 0.00253949
828 0.00326581
829 0.0
830 0.0
831 0.0
832 0.00127725
833 0.00535038
834 0.0
835 0.00259338
836 0.00044681
837 0.00075472
838 0.0
839 0.0
840 0.0
841 0.0
842 0.0
843 0.0043124
844 0.00068923
845 0.0
846 0.0
847 0.0
848 0.0
849 0.0
850 0.0
851 0.00276775
852 0.0
853 4.374e-05
854 0.00018324
855 0.0
856 0.00139611
857 0.00109631
858 0.0
859 0.0
860 0.0
861 0.0
862 0.0
863 0.0
864 0.0
865 0.0
866 0.0
867 0.0
868 0.0
869 0.0
870 0.00223013
871 0.0
872 0.00223831
873 0.0
874 0.0
875 0.0
876 0.0
877 0.0
878 0.0
879 0.0
880 0.01051744
881 0.0
882 0.0
883 0.0
884 0.0
885 0.0
886 0.0
887 0.0
888 0.00498654
889 9.601e-05
890 0.0
891 0.0
892 0.0
893 0.0
894 0.0
895 0.0
896 0.0
897 0.0
898 0.0
899 0.0
900 0.00039659
901 0.0
902 0.0
903 0.0
904 0.0
905 0.0
906 0.0
907 0.0
908 0.0
909 0.0
910 0.0
911 0.0
912 0.0
913 0.0
914 0.0
915 0.0
916 0.0
917 0.0
918 0.0
919 0.0
920 0.0
921 0.0
922 0.0
923 0.0
924 0.0
925 0.0
926 0.0
927 0.0
928 0.0
929 0.0
930 0.0
931 0.0
932 0.0
933 0.0
934 0.0
935 0.0
936 0.0
937 0.0
938 0.0
939 0.0
940 0.0
941 0.0
942 0.0
943 0.0
944 0.0
945 0.0
946 0.0
947 0.0
948 0.0
949 0.0
950 0.0
951 0.0
952 0.0
953 0.0
954 0.0
955 0.0
956 0.0
957 0.0
958 0.0
959 0.0
960 0.0
961 0.0
962 0.0
963 0.0
964 0.0
965 0.0
966 0.0
967 0.0
968 0.0
969 0.0
970 0.0
971 0.0
972 0.0
973 0.0
974 0.0
975 0.0
976 0.0
977 0.0
978 0.0
979 0.0
980 0.0
981 0.0
982 0.0
983 0.0
984 0.0
985 0.0
986 0.0
987 0.0
988 0.0
989 0.0
990 0.0
991 0.0
992 0.0
993 0.0
994 0.0
995 0.0
996 0.0
997 0.0
998 0.0
999 0.0
1000 0.0
1001 0.0
1002 0.0
1003 0.0
1004 0.0
1005 0.0
1006 0.0
1007 0.0
1008 0.0
1009 0.0
1010 0.0
1011 0.0
1012 0.0
1013 0.0
1014 0.0
1015 0.0
1016 0.0
1017 0.0
1018 0.0
1019 0.0
1020 0.0
1021 0.0
1022 0.0
1023 0.0
1024 0.0
1025 0.0
1026 0.0
1027 0.0
1028 0.0
1029 0.0
1030 0.0
1031 0.0
1032 0.0
1033 0.0
1034 0.0
1035 0.0
1036 0.0
1037 0.0
1038 0.0
1039 0.0
1040 0.0
1041 0.0
1042 0.0
1043 0.0
1044 0.0
1045 0.0
1046 0.0
1047 0.0
1048 0.0
1049 0.0
1050 0.0
1051 0.0
1052 0.0
1053 0.0
1054 0.0
1055 0.0
1056 0.0
1057 0.0
1058 0.0
1059 0.0
1060 0.0
1061 0.0
1062 0.0
1063 0.0
1064 0.0
1065 0.0
1066 0.0
1067 0.0
1068 0.0
1069 0.0
1070 0.0
1071 0.0
1072 0.0
1073 0.0
1074 0.0
1075 0.0
1076 0.0
1077 0.0
1078 0.0
1079 0.0
1080 0.0
1081 0.0
1082 0.0
1083 0.0
1084 0.0
1085 0.0
1086 0.0
1087 0.0
1088 0.0
1089 0.0
1090 0.0
1091 0.0
1092 0.0
1093 0.0
1094 0.0
1095 0.0
1096 0.0
1097 0.0
1098 0.0
1099 0.0
1100 0.0
