LED_9089K_Madrid_Moratalaz
380 1.607e-05
381 0.00217127
382 0.000875
383 0.00037747
384 0.00063237
385 0.00078014
386 0.00091306
387 0.00078162
388 0.00161358
389 0.0003538
390 0.00097735
391 0.0001713
392 0.00124621
393 0.0018799
394 0.00094802
395 0.0010767
396 0.0
397 2.28e-05
398 0.00223313
399 0.00225522
400 0.0037257
401 0.00392564
402 0.00323292
403 0.00390631
404 0.00314066
405 0.00546774
406 0.00551793
407 0.00826186
408 0.00761555
409 0.01197071
410 0.01302846
411 0.01672653
412 0.02016065
413 0.02443156
414 0.02882428
415 0.03602883
416 0.04017614
417 0.04560058
418 0.05415364
419 0.0625725
420 0.07367819
421 0.08455792
422 0.09317296
423 0.1072415
424 0.12490797
425 0.13660653
426 0.15835173
427 0.17098941
428 0.19012158
429 0.21585721
430 0.23367458
431 0.25594926
432 0.28961129
433 0.30851272
434 0.33809533
435 0.36937622
436 0.4020821
437 0.42881195
438 0.4679954
439 0.51632895
440 0.54475718
441 0.59503372
442 0.62772525
443 0.67479291
444 0.71053833
445 0.76218676
446 0.80263163
447 0.84920867
448 0.88662317
449 0.95546074
450 0.95087151
451 0.98574713
452 1.0
453 0.99983289
454 0.9711876
455 0.95068176
456 0.91057331
457 0.86689967
458 0.81799748
459 0.77138664
460 0.71598326
461 0.67604546
462 0.62054237
463 0.56762802
464 0.54023924
465 0.50138456
466 0.46253419
467 0.44027169
468 0.40517715
469 0.3805807
470 0.3590648
471 0.33297867
472 0.31164974
473 0.28859611
474 0.26960909
475 0.2515097
476 0.23255553
477 0.2156237
478 0.19965691
479 0.18729675
480 0.17629738
481 0.16777032
482 0.15594413
483 0.15049087
484 0.1395921
485 0.13990231
486 0.13308196
487 0.12770393
488 0.12622558
489 0.12287868
490 0.11854586
491 0.11878544
492 0.11835157
493 0.11616529
494 0.11630806
495 0.11793021
496 0.12053993
497 0.12596029
498 0.13061595
499 0.13429662
500 0.13768147
501 0.14301785
502 0.14945913
503 0.15642301
504 0.16182428
505 0.16773431
506 0.17541674
507 0.17962634
508 0.18791648
509 0.19596347
510 0.20402053
511 0.21191233
512 0.22114916
513 0.22747148
514 0.23525384
515 0.2418873
516 0.24769395
517 0.25268755
518 0.26083438
519 0.26637071
520 0.27185978
521 0.27633479
522 0.28199938
523 0.29056765
524 0.29845188
525 0.29945046
526 0.30598988
527 0.31176639
528 0.31403838
529 0.3229501
530 0.32501358
531 0.32428198
532 0.32846737
533 0.32930002
534 0.33473489
535 0.33703548
536 0.3373836
537 0.34403123
538 0.34463882
539 0.34539187
540 0.34638247
541 0.34968613
542 0.34882945
543 0.35811112
544 0.35492315
545 0.35789507
546 0.35497399
547 0.35956098
548 0.35715961
549 0.36011021
550 0.36107355
551 0.36319255
552 0.36564168
553 0.36711305
554 0.36244947
555 0.36448349
556 0.36839119
557 0.3688217
558 0.37129527
559 0.37323898
560 0.36976534
561 0.37244871
562 0.37013331
563 0.36638388
564 0.364988
565 0.36527169
566 0.36664494
567 0.3658737
568 0.36058978
569 0.36142217
570 0.35741409
571 0.36023093
572 0.36406817
573 0.35792578
574 0.35442602
575 0.3519839
576 0.35069379
577 0.3532869
578 0.35261789
579 0.34734968
580 0.34933952
581 0.34582222
582 0.34396591
583 0.34543994
584 0.34375514
585 0.34219605
586 0.33911514
587 0.33774601
588 0.33426784
589 0.33097045
590 0.32857226
591 0.32878286
592 0.3297141
593 0.32048361
594 0.31766566
595 0.31440381
596 0.31314294
597 0.30976398
598 0.3067047
599 0.30191446
600 0.29766037
601 0.29930858
602 0.29739978
603 0.29493825
604 0.29239318
605 0.28568045
606 0.27851431
607 0.2756911
608 0.27219545
609 0.26896959
610 0.26346746
611 0.26448505
612 0.25903578
613 0.25691915
614 0.25213704
615 0.25593093
616 0.24851038
617 0.24646162
618 0.24367149
619 0.23989704
620 0.23777083
621 0.2311117
622 0.22731379
623 0.22496577
624 0.22092609
625 0.218691
626 0.21437262
627 0.21152303
628 0.21038845
629 0.20564478
630 0.19702868
631 0.19759337
632 0.19592298
633 0.19002568
634 0.18898277
635 0.18720306
636 0.17978867
637 0.1796256
638 0.17382413
639 0.17022783
640 0.16917593
641 0.16446793
642 0.16288083
643 0.15984494
644 0.15476665
645 0.15533949
646 0.15045258
647 0.14734709
648 0.14620954
649 0.14267794
650 0.13947541
651 0.13551825
652 0.13093861
653 0.13225513
654 0.12946798
655 0.12320813
656 0.11932562
657 0.1180936
658 0.11941118
659 0.11489519
660 0.11318015
661 0.11162352
662 0.10609301
663 0.10421052
664 0.10206342
665 0.10068492
666 0.09742899
667 0.09739957
668 0.09490387
669 0.09337953
670 0.0890649
671 0.08682833
672 0.08583617
673 0.08704933
674 0.0833648
675 0.07846872
676 0.0787229
677 0.0769639
678 0.07261893
679 0.0739884
680 0.06887284
681 0.06937463
682 0.06644968
683 0.06697309
684 0.06546451
685 0.06668499
686 0.06168729
687 0.06022953
688 0.0587605
689 0.05670993
690 0.05464509
691 0.05626191
692 0.05274994
693 0.051646
694 0.05360313
695 0.04825782
696 0.04896341
697 0.0459331
698 0.04907488
699 0.04420111
700 0.04659124
701 0.04395558
702 0.04130604
703 0.04119555
704 0.04072846
705 0.04210282
706 0.04030235
707 0.03676744
708 0.03827186
709 0.03557207
710 0.03662375
711 0.03640776
712 0.03543842
713 0.03125847
714 0.03238531
715 0.0301606
716 0.02870852
717 0.02809834
718 0.02925748
719 0.02717374
720 0.02746204
721 0.02604133
722 0.0261674
723 0.02610303
724 0.0254002
725 0.02559205
726 0.02500106
727 0.02394638
728 0.02315229
729 0.02175609
730 0.02330465
731 0.02162963
732 0.02205725
733 0.0199509
734 0.0180328
735 0.01762086
736 0.01782091
737 0.01770981
738 0.01660288
739 0.01617418
740 0.01654922
741 0.01686594
742 0.01522633
743 0.01672317
744 0.0148243
745 0.0154047
746 0.01441954
747 0.01352412
748 0.01244244
749 0.01169046
750 0.01240798
751 0.01152955
752 0.01172314
753 0.00737949
754 0.01343696
755 0.01017038
756 0.00865665
757 0.01150437
758 0.01115357
759 0.00954119
760 0.01130428
761 0.01079411
762 0.01154138
763 0.00853302
764 0.01134085
765 0.0068387
766 0.00815437
767 0.00804179
768 0.01100332
769 0.00570139
770 0.00624545
771 0.00915163
772 0.00880283
773 0.00885512
774 0.00864319
775 0.00811074
776 0.00453676
777 0.00628634
778 0.00383285
779 0.00542024
780 0.00695186
781 0.0038699
782 0.00052547
783 0.00616827
784 0.00073192
785 0.00351529
786 0.00358853
787 0.00433095
788 0.00449134
789 0.00247892
790 0.00829954
791 0.00053993
792 0.0037829
793 0.00280064
794 0.00376197
795 0.00281897
796 0.00168471
797 0.00547174
798 0.00188244
799 0.00193295
800 0.0039326
801 0.00117851
802 0.00734222
803 0.00140661
804 0.00107042
805 0.00114764
806 0.00361559
807 0.00028392
808 0.00575236
809 0.00518367
810 0.00311203
811 7.608e-05
812 0.00036264
813 0.00600251
814 0.0
815 0.0
816 0.00168864
817 0.0
818 0.0
819 0.00016003
820 0.00014426
821 0.0
822 0.00045402
823 0.00131235
824 1.219e-05
825 0.00421917
826 0.00265233
827 0.00464253
828 0.00016376
829 0.0
830 0.00109647
831 0.0006799
832 0.0
833 0.0
834 0.00154276
835 0.0026405
836 0.00304263
837 0.00172266
838 0.00052252
839 0.00051115
840 0.0
841 0.00044374
842 0.00439023
843 0.00056534
844 0.00281945
845 0.00092692
846 5.93e-06
847 0.0
848 0.00370283
849 0.0072761
850 0.0005069
851 0.0
852 0.0
853 0.00345372
854 0.0
855 0.0
856 0.00035948
857 0.0
858 0.00025778
859 0.00273885
860 3e-08
861 0.0
862 0.0
863 0.00331936
864 0.0
865 0.0
866 0.00138306
867 0.0
868 0.0
869 0.0
870 0.0
871 0.00157791
872 0.0
873 0.0
874 0.0025238
875 0.00138529
876 0.0
877 0.0
878 0.00066577
879 0.0
880 0.0
881 8.004e-05
882 5.288e-05
883 0.00259498
884 5.11e-06
885 0.00123593
886 0.00116954
887 0.0
888 0.00726998
889 0.0
890 0.00099832
891 0.0
892 0.00468179
893 0.0
894 0.00054992
895 0.01342266
896 0.0
897 0.0
898 0.0
899 0.00381553
900 0.0
901 0.0
902 0.0
903 0.0
904 0.0
905 0.0
906 0.0
907 0.0
908 0.0
909 0.0
910 0.0
911 0.0
912 0.0
913 0.0
914 0.0
915 0.0
916 0.0
917 0.0
918 0.0
919 0.0
920 0.0
921 0.0
922 0.0
923 0.0
924 0.0
925 0.0
926 0.0
927 0.0
928 0.0
929 0.0
930 0.0
931 0.0
932 0.0
933 0.0
934 0.0
935 0.0
936 0.0
937 0.0
938 0.0
939 0.0
940 0.0
941 0.0
942 0.0
943 0.0
944 0.0
945 0.0
946 0.0
947 0.0
948 0.0
949 0.0
950 0.0
951 0.0
952 0.0
953 0.0
954 0.0
955 0.0
956 0.0
957 0.0
958 0.0
959 0.0
960 0.0
961 0.0
962 0.0
963 0.0
964 0.0
965 0.0
966 0.0
967 0.0
968 0.0
969 0.0
970 0.0
971 0.0
972 0.0
973 0.0
974 0.0
975 0.0
976 0.0
977 0.0
978 0.0
979 0.0
980 0.0
981 0.0
982 0.0
983 0.0
984 0.0
985 0.0
986 0.0
987 0.0
988 0.0
989 0.0
990 0.0
991 0.0
992 0.0
993 0.0
994 0.0
995 0.0
996 0.0
997 0.0
998 0.0
999 0.0
1000 0.0
1001 0.0
1002 0.0
1003 0.0
1004 0.0
1005 0.0
1006 0.0
1007 0.0
1008 0.0
1009 0.0
1010 0.0
1011 0.0
1012 0.0
1013 0.0
1014 0.0
1015 0.0
1016 0.0
1017 0.0
1018 0.0
1019 0.0
1020 0.0
1021 0.0
1022 0.0
1023 0.0
1024 0.0
1025 0.0
1026 0.0
1027 0.0
1028 0.0
1029 0.0
1030 0.0
1031 0.0
1032 0.0
1033 0.0
1034 0.0
1035 0.0
1036 0.0
1037 0.0
1038 0.0
1039 0.0
1040 0.0
1041 0.0
1042 0.0
1043 0.0
1044 0.0
1045 0.0
1046 0.0
1047 0.0
1048 0.0
1049 0.0
1050 0.0
1051 0.0
1052 0.0
1053 0.0
1054 0.0
1055 0.0
1056 0.0
1057 0.0
1058 0.0
1059 0.0
1060 0.0
1061 0.0
1062 0.0
1063 0.0
1064 0.0
1065 0.0
1066 0.0
1067 0.0
1068 0.0
1069 0.0
1070 0.0
1071 0.0
1072 0.0
1073 0.0
1074 0.0
1075 0.0
1076 0.0
1077 0.0
1078 0.0
1079 0.0
1080 0.0
1081 0.0
1082 0.0
1083 0.0
1084 0.0
1085 0.0
1086 0.0
1087 0.0
1088 0.0
1089 0.0
1090 0.0
1091 0.0
1092 0.0
1093 0.0
1094 0.0
1095 0.0
1096 0.0
1097 0.0
1098 0.0
1099 0.0
1100 0.0
