LED_Color_467
380 0.0
381 0.00142085
382 0.00043656
383 0.0
384 0.0
385 0.0
386 0.00033627
387 0.00098469
388 0.00068274
389 0.00075975
390 0.0009093
391 0.00042193
392 5.844e-05
393 0.00167772
394 0.0
395 0.00087622
396 0.0
397 0.0
398 0.00079206
399 0.00010381
400 0.00038345
401 2.286e-05
402 0.00154592
403 0.00021418
404 0.00181678
405 0.00131653
406 0.00031717
407 0.00117674
408 0.00077605
409 0.00123171
410 0.0
411 0.00148325
412 0.00034045
413 0.00049187
414 0.00119731
415 0.00041297
416 0.0004369
417 0.00143662
418 0.00065064
419 0.00319548
420 0.00135747
421 0.00154249
422 0.00210012
423 0.00306011
424 0.00257404
425 0.00361783
426 0.00394123
427 0.00522742
428 0.00531709
429 0.00789188
430 0.00789385
431 0.01050726
432 0.01005185
433 0.01370326
434 0.01537603
435 0.01864127
436 0.02381621
437 0.02671395
438 0.03156818
439 0.03811939
440 0.04293823
441 0.05225775
442 0.06191704
443 0.07062259
444 0.07999616
445 0.09311977
446 0.10697468
447 0.12623762
448 0.14704845
449 0.17475014
450 0.19754006
451 0.22281315
452 0.25884119
453 0.29865096
454 0.34463519
455 0.38715648
456 0.44580459
457 0.50756147
458 0.57164049
459 0.65010895
460 0.72114495
461 0.7890769
462 0.85034786
463 0.89523012
464 0.9546596
465 0.97510247
466 0.98710842
467 1.0
468 0.99068696
469 0.96024493
470 0.93014262
471 0.89734188
472 0.85188497
473 0.80028795
474 0.7579617
475 0.71151025
476 0.65916965
477 0.61822133
478 0.56379113
479 0.52954534
480 0.49051609
481 0.45683288
482 0.4184896
483 0.38741103
484 0.36257923
485 0.33539379
486 0.30829826
487 0.27962353
488 0.25564839
489 0.23363014
490 0.20860363
491 0.19215221
492 0.17700071
493 0.1617021
494 0.14538768
495 0.13434971
496 0.12134327
497 0.11193573
498 0.10147803
499 0.09266413
500 0.08621593
501 0.07674109
502 0.06928609
503 0.06563731
504 0.05869156
505 0.05239998
506 0.0487688
507 0.0445383
508 0.04008505
509 0.03585526
510 0.03403388
511 0.03012912
512 0.02746269
513 0.02523171
514 0.0222458
515 0.02097407
516 0.01908627
517 0.01774795
518 0.01601553
519 0.01397754
520 0.01324957
521 0.01219217
522 0.01109881
523 0.01064687
524 0.00942592
525 0.00834532
526 0.00791497
527 0.00709343
528 0.00701051
529 0.00634583
530 0.00586149
531 0.00578105
532 0.00466483
533 0.00426739
534 0.00417477
535 0.00421881
536 0.00351037
537 0.00333385
538 0.00276193
539 0.00314194
540 0.00318282
541 0.00233226
542 0.00185022
543 0.00204314
544 0.00181891
545 0.00165935
546 0.00125521
547 0.00197136
548 0.00155734
549 0.00078955
550 0.00121726
551 0.00138793
552 0.00093494
553 0.00095321
554 0.00070795
555 0.00069028
556 0.00086045
557 0.00106592
558 0.00084226
559 0.00088622
560 0.00123097
561 0.00113149
562 0.00131942
563 0.00071787
564 0.00066797
565 0.00038327
566 0.00054457
567 0.00062934
568 0.00070536
569 0.00061104
570 0.00029265
571 0.00014069
572 2.458e-05
573 5.314e-05
574 8.64e-05
575 0.00018302
576 0.00065413
577 1.509e-05
578 0.00092626
579 0.00123564
580 0.00083076
581 0.00041571
582 0.00020485
583 0.00056859
584 0.00013586
585 0.00072663
586 0.00019516
587 0.0
588 0.00020143
589 0.00054694
590 0.00070165
591 0.00016383
592 5.1e-06
593 0.0
594 6.79e-05
595 1e-08
596 0.00022769
597 6.074e-05
598 0.00019325
599 0.00016604
600 0.00034689
601 0.00021239
602 0.0
603 0.0
604 1.671e-05
605 9.657e-05
606 1e-08
607 0.00013177
608 0.0
609 1.8e-06
610 0.0
611 0.0
612 0.0
613 0.0
614 0.0
615 5.344e-05
616 0.0
617 5.5e-07
618 0.0
619 0.00053092
620 0.00065932
621 0.00017058
622 1.8e-07
623 0.00022217
624 0.00019112
625 0.0
626 0.00048088
627 3.05e-06
628 0.0
629 0.0
630 0.00031526
631 0.00024978
632 0.00036534
633 0.00091944
634 0.00016543
635 5.7e-07
636 0.0
637 4.293e-05
638 6.35e-06
639 0.0
640 0.0
641 0.0
642 5.97e-05
643 0.0
644 0.0
645 0.0004219
646 0.0
647 4.356e-05
648 0.00119179
649 0.0
650 5.51e-06
651 0.00010012
652 0.00011303
653 1.543e-05
654 0.00028253
655 5.58e-06
656 0.00011565
657 0.0
658 0.0
659 0.0
660 0.00047016
661 0.0
662 0.0
663 3.042e-05
664 0.0001214
665 0.0
666 0.00017199
667 0.00017323
668 2.54e-06
669 0.0
670 0.00092439
671 5.69e-06
672 3.54e-05
673 0.0
674 0.0
675 0.00141242
676 0.0
677 0.0
678 0.0
679 7.793e-05
680 0.0017927
681 0.0
682 3.5e-07
683 0.00017607
684 0.00030212
685 0.00040579
686 0.0
687 0.00048356
688 0.0
689 0.0
690 0.0
691 0.0
692 0.0
693 0.0
694 0.0
695 0.0
696 0.00035334
697 0.00066045
698 0.0
699 0.00026179
700 0.0
701 0.00046688
702 0.0
703 0.0
704 0.0
705 0.0
706 0.0
707 1.127e-05
708 6.25e-06
709 0.0
710 0.0
711 0.0
712 7.2e-07
713 0.00024624
714 0.0
715 0.0
716 4.299e-05
717 0.00029392
718 0.0
719 0.000483
720 0.00018385
721 0.0
722 0.00027016
723 0.0
724 0.0
725 1.102e-05
726 0.0
727 0.00039104
728 0.0
729 0.00017131
730 0.0
731 0.00083356
732 0.0
733 0.0002163
734 0.0
735 1.078e-05
736 5.062e-05
737 0.00015146
738 0.0
739 0.0
740 0.00099574
741 0.0
742 0.00028813
743 0.0
744 0.0
745 0.0
746 0.00036081
747 0.0
748 0.0
749 0.0
750 0.0
751 5.844e-05
752 0.00030959
753 0.0
754 8.861e-05
755 1.43e-06
756 0.00042605
757 0.00025233
758 0.00103494
759 9.105e-05
760 0.00104256
761 2.603e-05
762 0.00044473
763 0.0
764 0.0
765 0.0
766 0.00034586
767 0.00035507
768 0.00017139
769 0.00037171
770 0.00010312
771 0.00085059
772 7.974e-05
773 0.0
774 0.0
775 0.0
776 0.00301107
777 0.0
778 0.0
779 0.0
780 0.00155535
781 0.00026548
782 5.738e-05
783 0.0
784 2.554e-05
785 0.0
786 0.0
787 7.404e-05
788 8.658e-05
789 0.0
790 0.0
791 0.00048295
792 0.0
793 0.0
794 0.0
795 0.00137502
796 0.00266326
797 8.21e-05
798 0.0
799 0.00287222
800 0.0
801 0.0
802 0.0
803 0.0
804 0.0
805 0.0
806 0.0
807 0.00046116
808 0.0
809 0.0
810 0.0
811 0.00067347
812 0.00081861
813 0.0
814 0.00065938
815 0.00013971
816 0.0
817 0.0
818 0.0
819 0.00282574
820 0.0
821 0.0
822 0.0
823 0.0
824 4.19e-06
825 0.00375927
826 0.00170846
827 0.0
828 0.0
829 0.00080435
830 0.000315
831 0.0012897
832 0.0
833 0.0
834 0.0
835 0.0
836 0.00181401
837 0.0
838 0.00106526
839 0.0
840 0.0
841 0.00175706
842 0.0
843 0.00154396
844 0.00065319
845 0.0
846 0.0
847 0.00308597
848 0.00014548
849 0.0
850 0.0
851 0.0
852 0.0
853 7e-08
854 0.00355787
855 0.0
856 0.0
857 0.0
858 0.00071556
859 0.0
860 6.1e-07
861 0.0
862 0.0
863 0.0
864 0.00229879
865 0.0004876
866 0.0
867 0.0
868 0.0
869 0.00025512
870 0.0
871 0.00160291
872 0.0
873 0.0
874 0.0
875 0.0
876 0.0
877 0.0
878 0.0
879 0.0044312
880 0.0
881 0.00067645
882 0.0015558
883 0.0
884 0.0
885 0.0
886 0.0
887 0.00013058
888 0.0
889 1.116e-05
890 0.0
891 0.0
892 0.00016243
893 0.00269497
894 0.0
895 0.0
896 0.0
897 8.05e-06
898 0.00059763
899 0.0
900 0.0
901 0.0
902 0.0
903 0.0
904 0.0
905 0.0
906 0.0
907 0.0
908 0.0
909 0.0
910 0.0
911 0.0
912 0.0
913 0.0
914 0.0
915 0.0
916 0.0
917 0.0
918 0.0
919 0.0
920 0.0
921 0.0
922 0.0
923 0.0
924 0.0
925 0.0
926 0.0
927 0.0
928 0.0
929 0.0
930 0.0
931 0.0
932 0.0
933 0.0
934 0.0
935 0.0
936 0.0
937 0.0
938 0.0
939 0.0
940 0.0
941 0.0
942 0.0
943 0.0
944 0.0
945 0.0
946 0.0
947 0.0
948 0.0
949 0.0
950 0.0
951 0.0
952 0.0
953 0.0
954 0.0
955 0.0
956 0.0
957 0.0
958 0.0
959 0.0
960 0.0
961 0.0
962 0.0
963 0.0
964 0.0
965 0.0
966 0.0
967 0.0
968 0.0
969 0.0
970 0.0
971 0.0
972 0.0
973 0.0
974 0.0
975 0.0
976 0.0
977 0.0
978 0.0
979 0.0
980 0.0
981 0.0
982 0.0
983 0.0
984 0.0
985 0.0
986 0.0
987 0.0
988 0.0
989 0.0
990 0.0
991 0.0
992 0.0
993 0.0
994 0.0
995 0.0
996 0.0
997 0.0
998 0.0
999 0.0
1000 0.0
1001 0.0
1002 0.0
1003 0.0
1004 0.0
1005 0.0
1006 0.0
1007 0.0
1008 0.0
1009 0.0
1010 0.0
1011 0.0
1012 0.0
1013 0.0
1014 0.0
1015 0.0
1016 0.0
1017 0.0
1018 0.0
1019 0.0
1020 0.0
1021 0.0
1022 0.0
1023 0.0
1024 0.0
1025 0.0
1026 0.0
1027 0.0
1028 0.0
1029 0.0
1030 0.0
1031 0.0
1032 0.0
1033 0.0
1034 0.0
1035 0.0
1036 0.0
1037 0.0
1038 0.0
1039 0.0
1040 0.0
1041 0.0
1042 0.0
1043 0.0
1044 0.0
1045 0.0
1046 0.0
1047 0.0
1048 0.0
1049 0.0
1050 0.0
1051 0.0
1052 0.0
1053 0.0
1054 0.0
1055 0.0
1056 0.0
1057 0.0
1058 0.0
1059 0.0
1060 0.0
1061 0.0
1062 0.0
1063 0.0
1064 0.0
1065 0.0
1066 0.0
1067 0.0
1068 0.0
1069 0.0
1070 0.0
1071 0.0
1072 0.0
1073 0.0
1074 0.0
1075 0.0
1076 0.0
1077 0.0
1078 0.0
1079 0.0
1080 0.0
1081 0.0
1082 0.0
1083 0.0
1084 0.0
1085 0.0
1086 0.0
1087 0.0
1088 0.0
1089 0.0
1090 0.0
1091 0.0
1092 0.0
1093 0.0
1094 0.0
1095 0.0
1096 0.0
1097 0.0
1098 0.0
1099 0.0
1100 0.0
