LED_Color_468
380 0.0017687
381 0.00049654
382 0.0
383 0.00044799
384 0.00124563
385 0.0
386 0.0
387 0.00024594
388 0.00065726
389 1e-08
390 0.0001745
391 0.0
392 0.0
393 6.227e-05
394 0.00051714
395 0.00015908
396 0.0
397 0.00063103
398 0.0
399 0.0
400 0.0
401 6.382e-05
402 0.0004681
403 0.00069897
404 0.0
405 0.00029055
406 0.0
407 0.00067175
408 0.00114654
409 0.0
410 0.0004859
411 0.00058534
412 4.14e-05
413 0.00119169
414 0.00060633
415 0.0004145
416 0.00080645
417 0.00087538
418 0.00178619
419 0.00243474
420 0.002282
421 0.00350828
422 0.00415233
423 0.00516828
424 0.00574298
425 0.00679408
426 0.00859289
427 0.01107641
428 0.01201804
429 0.01550954
430 0.0183839
431 0.0205053
432 0.02482687
433 0.03042209
434 0.03416289
435 0.04265849
436 0.0486928
437 0.05865816
438 0.0683704
439 0.07895
440 0.09196107
441 0.10734319
442 0.12163161
443 0.14386202
444 0.16297739
445 0.18747237
446 0.21360704
447 0.24160179
448 0.27818715
449 0.31838999
450 0.34956305
451 0.39180935
452 0.43577898
453 0.47746967
454 0.51919116
455 0.5737452
456 0.61999689
457 0.66215486
458 0.71340483
459 0.76189574
460 0.81690302
461 0.84938031
462 0.89375324
463 0.91702176
464 0.96310293
465 0.98968248
466 0.98579024
467 0.996074
468 1.0
469 0.98300632
470 0.97389076
471 0.95848709
472 0.9304554
473 0.89936777
474 0.86521755
475 0.82756001
476 0.78678988
477 0.75701944
478 0.70938161
479 0.67101903
480 0.63077108
481 0.58782173
482 0.55090847
483 0.51683341
484 0.4762626
485 0.44356518
486 0.41418784
487 0.38159671
488 0.35490617
489 0.32813753
490 0.30012953
491 0.27757736
492 0.25249874
493 0.23541582
494 0.21519212
495 0.19839738
496 0.18322958
497 0.17095257
498 0.1547021
499 0.14237449
500 0.13152784
501 0.12027546
502 0.10985225
503 0.10062169
504 0.09301972
505 0.08637428
506 0.07931742
507 0.07220858
508 0.06692149
509 0.06055587
510 0.05593539
511 0.05040688
512 0.04623776
513 0.04322874
514 0.03948252
515 0.03672896
516 0.03410411
517 0.03123811
518 0.02791362
519 0.0260322
520 0.0241485
521 0.02187467
522 0.02011334
523 0.01824939
524 0.01674794
525 0.01536189
526 0.01402671
527 0.01312617
528 0.01249804
529 0.01092103
530 0.009785
531 0.00923804
532 0.00862577
533 0.00828712
534 0.00777908
535 0.00645828
536 0.00653196
537 0.00615181
538 0.00533118
539 0.00528877
540 0.0045809
541 0.00416719
542 0.00389756
543 0.00391366
544 0.00304675
545 0.00315623
546 0.00257539
547 0.00267788
548 0.00245758
549 0.00168567
550 0.00295808
551 0.00169276
552 0.00166119
553 0.00141255
554 0.0015179
555 0.00173951
556 0.00129034
557 0.00110643
558 0.00100246
559 0.00129775
560 0.00101017
561 0.00087083
562 0.00084035
563 0.00072146
564 0.00085328
565 0.00080713
566 0.00099806
567 0.00082206
568 0.00072891
569 6.934e-05
570 0.00085111
571 0.00094054
572 8.854e-05
573 0.00075264
574 0.00022429
575 0.00055337
576 0.00088927
577 0.000397
578 0.00060113
579 4.365e-05
580 4.963e-05
581 3.104e-05
582 0.00035969
583 0.00023162
584 8.224e-05
585 0.00022856
586 0.0
587 0.0
588 0.00017186
589 3.026e-05
590 0.00068929
591 0.00020841
592 9.74e-06
593 5.024e-05
594 0.0
595 0.0
596 0.00013441
597 0.00011507
598 0.00062094
599 0.00021105
600 0.00038897
601 0.0
602 0.0002104
603 3.93e-06
604 3.195e-05
605 9.72e-06
606 0.0
607 0.0
608 0.00013114
609 0.00044786
610 0.0
611 0.00027057
612 1.4e-07
613 1.241e-05
614 0.0
615 1.1e-07
616 0.00016157
617 7.05e-06
618 0.00032663
619 7.85e-06
620 0.0
621 0.0
622 0.0
623 0.00023152
624 5.005e-05
625 3.89e-06
626 0.00012718
627 1.9e-07
628 0.0
629 2.748e-05
630 0.0
631 0.00033396
632 0.00061771
633 0.0
634 0.00018482
635 0.0
636 0.00018289
637 1.282e-05
638 0.00044887
639 0.0
640 0.0
641 0.0
642 0.0
643 9.96e-06
644 0.0
645 0.0
646 0.0
647 0.0
648 0.0
649 0.00036015
650 0.00065334
651 9.55e-06
652 0.00014043
653 0.00039907
654 0.00011115
655 0.00037263
656 0.0
657 0.0
658 4.9e-06
659 0.00027159
660 0.00046654
661 0.00046745
662 0.0
663 5.2e-06
664 0.0
665 4.8e-06
666 0.00010625
667 2.434e-05
668 2.456e-05
669 0.0
670 0.0
671 7.772e-05
672 0.0
673 0.0
674 0.0
675 0.00038383
676 0.0
677 0.0005083
678 3.93e-06
679 5.63e-05
680 4.392e-05
681 2.667e-05
682 0.0
683 0.00013633
684 0.00056408
685 0.0
686 0.0
687 1.389e-05
688 0.0
689 0.00037676
690 0.0
691 0.0
692 0.0
693 2.6e-07
694 0.00020529
695 0.0005674
696 0.0
697 0.0008844
698 0.0
699 2.96e-05
700 0.0
701 0.0
702 2.4e-07
703 0.00086051
704 0.0
705 0.0
706 0.0
707 0.00025384
708 0.0
709 6.293e-05
710 0.0
711 0.0
712 0.0
713 0.0
714 0.0005844
715 0.0
716 0.00023388
717 0.00095939
718 0.0
719 0.0
720 0.0
721 0.0
722 0.0
723 4.4e-07
724 0.0
725 0.0
726 0.0
727 0.0
728 0.0
729 0.00030689
730 4.739e-05
731 0.0
732 4.6e-07
733 0.0
734 0.0
735 0.0
736 0.0
737 0.0
738 0.00042351
739 0.0
740 0.0
741 0.00076651
742 0.0
743 0.00064349
744 0.0
745 4.917e-05
746 0.0
747 0.0
748 0.0
749 0.0
750 0.0
751 0.0
752 0.0
753 0.0
754 0.00025483
755 0.0
756 0.0
757 0.0
758 1.353e-05
759 0.00014409
760 0.0
761 0.0
762 0.0
763 0.0
764 0.0
765 0.00018736
766 0.00018655
767 0.0
768 0.0
769 0.00031087
770 0.0
771 0.0
772 0.0
773 0.0
774 0.0
775 0.00024408
776 0.0
777 0.0
778 0.0
779 0.0
780 0.0
781 0.00085963
782 0.00015922
783 0.0
784 0.0
785 0.0
786 0.0
787 0.0
788 0.00099327
789 0.0
790 0.00013555
791 0.0
792 0.0005956
793 0.0
794 0.0
795 0.0
796 0.0
797 0.0
798 0.0
799 0.0
800 0.0
801 0.00045668
802 0.00017444
803 0.0
804 0.0
805 9.1e-07
806 0.00048997
807 0.00054747
808 0.0
809 0.0
810 0.00104086
811 0.0
812 0.00169304
813 0.0
814 7e-07
815 0.00074234
816 0.0
817 0.00016379
818 7.622e-05
819 0.0
820 3.048e-05
821 0.0
822 0.0
823 0.0
824 0.0
825 0.0
826 0.0
827 0.0
828 0.0
829 0.0
830 0.00023009
831 9.113e-05
832 0.0
833 0.00018503
834 0.0
835 0.00121785
836 0.0
837 0.0
838 0.0
839 0.00013116
840 0.00036406
841 0.0
842 0.0
843 0.0
844 0.0
845 0.0
846 0.0
847 0.00063563
848 0.0
849 0.0
850 0.00207717
851 0.00076366
852 0.0
853 0.0
854 0.00039173
855 0.00011298
856 0.0
857 0.0
858 0.0
859 0.0
860 1.1e-07
861 0.00042197
862 0.0
863 0.0
864 0.00179988
865 0.00052903
866 0.0
867 0.00037789
868 0.0
869 0.0
870 0.0
871 0.0
872 0.0
873 0.0
874 0.0
875 0.0
876 9.215e-05
877 0.0
878 0.0
879 3.078e-05
880 0.0
881 0.0
882 0.0
883 0.0
884 0.0
885 0.0
886 0.0
887 0.0
888 0.0
889 1.42e-06
890 0.00125406
891 0.00100152
892 0.0
893 0.0
894 3.647e-05
895 0.0
896 0.0
897 0.0
898 0.0
899 0.0
900 0.0
901 0.0
902 0.0
903 0.0
904 0.0
905 0.0
906 0.0
907 0.0
908 0.0
909 0.0
910 0.0
911 0.0
912 0.0
913 0.0
914 0.0
915 0.0
916 0.0
917 0.0
918 0.0
919 0.0
920 0.0
921 0.0
922 0.0
923 0.0
924 0.0
925 0.0
926 0.0
927 0.0
928 0.0
929 0.0
930 0.0
931 0.0
932 0.0
933 0.0
934 0.0
935 0.0
936 0.0
937 0.0
938 0.0
939 0.0
940 0.0
941 0.0
942 0.0
943 0.0
944 0.0
945 0.0
946 0.0
947 0.0
948 0.0
949 0.0
950 0.0
951 0.0
952 0.0
953 0.0
954 0.0
955 0.0
956 0.0
957 0.0
958 0.0
959 0.0
960 0.0
961 0.0
962 0.0
963 0.0
964 0.0
965 0.0
966 0.0
967 0.0
968 0.0
969 0.0
970 0.0
971 0.0
972 0.0
973 0.0
974 0.0
975 0.0
976 0.0
977 0.0
978 0.0
979 0.0
980 0.0
981 0.0
982 0.0
983 0.0
984 0.0
985 0.0
986 0.0
987 0.0
988 0.0
989 0.0
990 0.0
991 0.0
992 0.0
993 0.0
994 0.0
995 0.0
996 0.0
997 0.0
998 0.0
999 0.0
1000 0.0
1001 0.0
1002 0.0
1003 0.0
1004 0.0
1005 0.0
1006 0.0
1007 0.0
1008 0.0
1009 0.0
1010 0.0
1011 0.0
1012 0.0
1013 0.0
1014 0.0
1015 0.0
1016 0.0
1017 0.0
1018 0.0
1019 0.0
1020 0.0
1021 0.0
1022 0.0
1023 0.0
1024 0.0
1025 0.0
1026 0.0
1027 0.0
1028 0.0
1029 0.0
1030 0.0
1031 0.0
1032 0.0
1033 0.0
1034 0.0
1035 0.0
1036 0.0
1037 0.0
1038 0.0
1039 0.0
1040 0.0
1041 0.0
1042 0.0
1043 0.0
1044 0.0
1045 0.0
1046 0.0
1047 0.0
1048 0.0
1049 0.0
1050 0.0
1051 0.0
1052 0.0
1053 0.0
1054 0.0
1055 0.0
1056 0.0
1057 0.0
1058 0.0
1059 0.0
1060 0.0
1061 0.0
1062 0.0
1063 0.0
1064 0.0
1065 0.0
1066 0.0
1067 0.0
1068 0.0
1069 0.0
1070 0.0
1071 0.0
1072 0.0
1073 0.0
1074 0.0
1075 0.0
1076 0.0
1077 0.0
1078 0.0
1079 0.0
1080 0.0
1081 0.0
1082 0.0
1083 0.0
1084 0.0
1085 0.0
1086 0.0
1087 0.0
1088 0.0
1089 0.0
1090 0.0
1091 0.0
1092 0.0
1093 0.0
1094 0.0
1095 0.0
1096 0.0
1097 0.0
1098 0.0
1099 0.0
1100 0.0
