LED_Color_501_traffic_lights
380 5e-08
381 0.00048315
382 0.00023267
383 0.0
384 5.7e-06
385 0.00010062
386 0.00032923
387 7.268e-05
388 0.00055143
389 0.0
390 0.00058587
391 0.0003892
392 0.0
393 0.00099007
394 0.00018927
395 0.0
396 1.153e-05
397 1.006e-05
398 0.00145591
399 0.00014762
400 0.00085946
401 0.0
402 0.0009942
403 0.00018055
404 0.00178712
405 0.0
406 0.00022788
407 8.754e-05
408 0.0
409 0.0
410 0.00021709
411 0.00134294
412 5.7e-06
413 0.00032899
414 0.0
415 0.0
416 6.61e-06
417 0.00038597
418 0.0001889
419 7.079e-05
420 0.0006461
421 9.194e-05
422 0.00038535
423 3.356e-05
424 0.00039184
425 8.68e-06
426 0.00027834
427 0.00089949
428 0.0
429 0.00010202
430 0.00055953
431 0.00070936
432 0.00065455
433 0.00070511
434 0.0
435 5.016e-05
436 1.851e-05
437 0.00065538
438 0.00066168
439 1.9e-07
440 0.00175099
441 0.00101858
442 0.00035412
443 0.0
444 0.0010283
445 0.00189743
446 0.00167383
447 0.00147422
448 0.00109839
449 0.00197814
450 0.0026285
451 0.00284244
452 0.00274674
453 0.00326465
454 0.00566351
455 0.00520976
456 0.0057734
457 0.00526273
458 0.00610222
459 0.00633078
460 0.00810651
461 0.00908098
462 0.01100557
463 0.0137419
464 0.01531338
465 0.01639701
466 0.02087124
467 0.02376067
468 0.02795204
469 0.03205868
470 0.03654743
471 0.04421884
472 0.05163389
473 0.05998489
474 0.06939045
475 0.07928222
476 0.09459855
477 0.10998911
478 0.13354877
479 0.14992815
480 0.1756956
481 0.20339707
482 0.22703194
483 0.26702655
484 0.30514235
485 0.35201253
486 0.3997288
487 0.44759873
488 0.49642872
489 0.55120522
490 0.60498569
491 0.66275619
492 0.72144758
493 0.77724009
494 0.81973437
495 0.87381176
496 0.91725284
497 0.94862373
498 0.96361497
499 0.9858465
500 0.99686339
501 1.0
502 0.99994919
503 0.99804739
504 0.99285871
505 0.98088202
506 0.95835998
507 0.93448555
508 0.90782384
509 0.87761476
510 0.83728003
511 0.79748137
512 0.75167064
513 0.69958755
514 0.66684342
515 0.62934775
516 0.5953269
517 0.56233322
518 0.52068357
519 0.49076592
520 0.46467086
521 0.43276639
522 0.40473834
523 0.38126536
524 0.35100703
525 0.33211435
526 0.30283437
527 0.2791516
528 0.25849095
529 0.24599865
530 0.2243354
531 0.20819769
532 0.18696821
533 0.17539136
534 0.16042772
535 0.1498152
536 0.14014812
537 0.12512352
538 0.11926863
539 0.10761763
540 0.09717914
541 0.09186195
542 0.08154919
543 0.08053695
544 0.07602908
545 0.06771697
546 0.06171071
547 0.05763545
548 0.05378068
549 0.05031698
550 0.04517124
551 0.04170521
552 0.03995716
553 0.03814303
554 0.0325064
555 0.02917517
556 0.02995555
557 0.0274535
558 0.0244919
559 0.02347105
560 0.02231467
561 0.02078808
562 0.01818955
563 0.01801271
564 0.01478017
565 0.01457205
566 0.01357174
567 0.01376396
568 0.01143997
569 0.01304241
570 0.00981976
571 0.00833825
572 0.00791484
573 0.00713622
574 0.00589653
575 0.00795876
576 0.00518087
577 0.00540216
578 0.00557231
579 0.00382578
580 0.00444859
581 0.00318896
582 0.00420299
583 0.00256632
584 0.00356349
585 0.00237472
586 0.00393752
587 0.0022257
588 0.00280738
589 0.0032063
590 0.00179145
591 0.00244759
592 0.00193207
593 0.00212527
594 0.00205063
595 0.00143479
596 0.00099338
597 2.089e-05
598 0.00100733
599 0.00137185
600 0.00032699
601 0.00177948
602 0.00165845
603 4.351e-05
604 0.00016234
605 0.00021292
606 0.00193898
607 0.00098064
608 0.00216083
609 0.00099606
610 0.00140664
611 7.145e-05
612 2.73e-06
613 0.00081196
614 0.00110356
615 0.00033236
616 0.0
617 0.00037307
618 0.0
619 0.00149323
620 0.00024566
621 0.00014351
622 0.0
623 0.00024171
624 0.0016407
625 0.00164734
626 0.000473
627 0.0
628 0.00159067
629 0.00076349
630 3.43e-06
631 0.00056623
632 0.0
633 4.058e-05
634 0.00126067
635 0.00120554
636 0.0
637 0.00048686
638 4.507e-05
639 0.0
640 0.00068069
641 0.00025739
642 0.00018685
643 0.00066991
644 0.00024143
645 0.0
646 0.00069543
647 0.00059769
648 1.288e-05
649 0.00024061
650 0.00080914
651 0.00024145
652 0.00035865
653 0.0
654 0.00011162
655 0.00034324
656 0.0
657 0.00027594
658 1.216e-05
659 0.0002432
660 5.408e-05
661 0.00012313
662 0.0
663 0.0
664 0.00065244
665 0.00072724
666 0.00012717
667 0.00068337
668 3.755e-05
669 0.00029205
670 0.0024129
671 0.00032877
672 0.0
673 0.00082503
674 0.00047356
675 0.00029672
676 0.00101538
677 2.848e-05
678 0.00039589
679 0.0
680 0.00025182
681 0.00042472
682 1.6e-07
683 0.0
684 0.00035944
685 0.0
686 0.00014183
687 2.264e-05
688 0.00052426
689 0.0
690 0.00053404
691 0.0
692 0.00010529
693 0.0003256
694 0.00016723
695 0.00018971
696 4.309e-05
697 0.0
698 0.00057347
699 0.00026904
700 0.00092606
701 0.0
702 0.00045427
703 1.266e-05
704 0.0
705 0.00173636
706 0.00058176
707 0.0
708 7.058e-05
709 0.0
710 3.306e-05
711 0.00126648
712 0.00038754
713 0.00100713
714 0.0
715 0.0
716 0.00015058
717 0.00082449
718 0.00012209
719 0.00011774
720 0.0003717
721 0.0
722 0.00073259
723 0.0
724 0.00019425
725 0.0
726 0.00019657
727 0.00083822
728 0.0
729 0.0
730 2.786e-05
731 0.0
732 9.7e-07
733 0.00100435
734 0.0
735 0.00075701
736 1.678e-05
737 0.0
738 3.108e-05
739 0.00016479
740 0.0003381
741 0.00022018
742 0.00014804
743 2.948e-05
744 0.00034029
745 0.00095163
746 0.00013699
747 0.00059628
748 0.0
749 1.8e-07
750 0.0007883
751 0.00035223
752 0.00023066
753 9.08e-06
754 0.0
755 0.0
756 0.00086726
757 0.00094399
758 0.0006635
759 0.00187779
760 0.00017531
761 0.0
762 4.886e-05
763 0.00066446
764 0.00048899
765 4.309e-05
766 0.0
767 1.045e-05
768 0.0
769 0.00075563
770 0.0
771 0.0
772 0.0
773 0.0
774 3.084e-05
775 2.911e-05
776 2.228e-05
777 0.0
778 5.711e-05
779 7.073e-05
780 0.00045887
781 5.503e-05
782 0.0
783 0.00022743
784 0.00020734
785 0.0
786 0.00160747
787 0.00034784
788 0.0
789 6.195e-05
790 8.619e-05
791 0.00064314
792 0.00059473
793 0.00071236
794 0.0
795 0.00147406
796 5.563e-05
797 0.00078636
798 0.0
799 0.0
800 0.0
801 0.0
802 0.00042859
803 0.00068416
804 0.00031128
805 0.00199334
806 0.00142219
807 7.3e-07
808 0.00153349
809 2.02e-06
810 6.323e-05
811 0.0
812 0.00015086
813 4.912e-05
814 0.0
815 0.0
816 0.0
817 0.00094895
818 0.0
819 0.00018475
820 0.0
821 8.68e-05
822 0.00095863
823 0.0
824 6.52e-06
825 0.0
826 2.37e-06
827 0.0
828 0.00098431
829 0.00018039
830 0.0
831 7.752e-05
832 0.00045576
833 0.00078419
834 0.00037576
835 0.00068576
836 0.00055297
837 0.0
838 0.00089516
839 0.0
840 0.00024266
841 0.00022591
842 0.0
843 0.00035403
844 0.00021937
845 0.0
846 9.5e-07
847 0.00053031
848 0.0
849 0.00011281
850 0.00086863
851 0.0
852 0.0002656
853 0.0005156
854 0.00049476
855 0.0
856 0.0
857 0.0
858 0.0
859 0.0001066
860 1e-08
861 0.00093929
862 0.00044792
863 0.0
864 0.0
865 0.0
866 0.00060956
867 0.00103343
868 1.725e-05
869 0.00015897
870 0.0
871 0.0
872 1.06e-06
873 0.0
874 0.0
875 0.0
876 0.00022777
877 0.0
878 0.00032104
879 2.466e-05
880 0.0
881 0.00075751
882 0.0
883 0.00091991
884 0.0
885 0.0
886 0.00088317
887 0.0
888 0.00024938
889 0.00056021
890 0.00018471
891 0.0
892 0.00109854
893 0.00101459
894 0.0009773
895 0.00013032
896 0.00029428
897 0.00101123
898 0.00012566
899 0.0
900 0.00011934
901 0.0
902 0.0
903 0.0
904 0.0
905 0.0
906 0.0
907 0.0
908 0.0
909 0.0
910 0.0
911 0.0
912 0.0
913 0.0
914 0.0
915 0.0
916 0.0
917 0.0
918 0.0
919 0.0
920 0.0
921 0.0
922 0.0
923 0.0
924 0.0
925 0.0
926 0.0
927 0.0
928 0.0
929 0.0
930 0.0
931 0.0
932 0.0
933 0.0
934 0.0
935 0.0
936 0.0
937 0.0
938 0.0
939 0.0
940 0.0
941 0.0
942 0.0
943 0.0
944 0.0
945 0.0
946 0.0
947 0.0
948 0.0
949 0.0
950 0.0
951 0.0
952 0.0
953 0.0
954 0.0
955 0.0
956 0.0
957 0.0
958 0.0
959 0.0
960 0.0
961 0.0
962 0.0
963 0.0
964 0.0
965 0.0
966 0.0
967 0.0
968 0.0
969 0.0
970 0.0
971 0.0
972 0.0
973 0.0
974 0.0
975 0.0
976 0.0
977 0.0
978 0.0
979 0.0
980 0.0
981 0.0
982 0.0
983 0.0
984 0.0
985 0.0
986 0.0
987 0.0
988 0.0
989 0.0
990 0.0
991 0.0
992 0.0
993 0.0
994 0.0
995 0.0
996 0.0
997 0.0
998 0.0
999 0.0
1000 0.0
1001 0.0
1002 0.0
1003 0.0
1004 0.0
1005 0.0
1006 0.0
1007 0.0
1008 0.0
1009 0.0
1010 0.0
1011 0.0
1012 0.0
1013 0.0
1014 0.0
1015 0.0
1016 0.0
1017 0.0
1018 0.0
1019 0.0
1020 0.0
1021 0.0
1022 0.0
1023 0.0
1024 0.0
1025 0.0
1026 0.0
1027 0.0
1028 0.0
1029 0.0
1030 0.0
1031 0.0
1032 0.0
1033 0.0
1034 0.0
1035 0.0
1036 0.0
1037 0.0
1038 0.0
1039 0.0
1040 0.0
1041 0.0
1042 0.0
1043 0.0
1044 0.0
1045 0.0
1046 0.0
1047 0.0
1048 0.0
1049 0.0
1050 0.0
1051 0.0
1052 0.0
1053 0.0
1054 0.0
1055 0.0
1056 0.0
1057 0.0
1058 0.0
1059 0.0
1060 0.0
1061 0.0
1062 0.0
1063 0.0
1064 0.0
1065 0.0
1066 0.0
1067 0.0
1068 0.0
1069 0.0
1070 0.0
1071 0.0
1072 0.0
1073 0.0
1074 0.0
1075 0.0
1076 0.0
1077 0.0
1078 0.0
1079 0.0
1080 0.0
1081 0.0
1082 0.0
1083 0.0
1084 0.0
1085 0.0
1086 0.0
1087 0.0
1088 0.0
1089 0.0
1090 0.0
1091 0.0
1092 0.0
1093 0.0
1094 0.0
1095 0.0
1096 0.0
1097 0.0
1098 0.0
1099 0.0
1100 0.0
