LED_Color_596_2
380 0.00049178
381 0.0
382 0.0
383 0.0
384 0.0
385 0.0
386 0.0
387 0.0
388 0.0
389 0.0
390 0.0
391 0.0
392 0.0
393 0.0
394 0.0
395 0.0
396 0.0
397 0.0
398 0.0
399 0.00042208
400 0.00161028
401 0.0
402 0.0
403 0.00055056
404 0.00055721
405 0.0
406 0.0
407 0.0
408 0.0
409 0.0
410 0.0
411 0.00058822
412 0.0
413 0.0
414 0.0
415 0.0
416 0.0
417 0.0
418 1.977e-05
419 0.0
420 0.0
421 0.00099275
422 0.0
423 0.0
424 0.00022868
425 0.0
426 0.0
427 0.0
428 0.0
429 0.0
430 0.0
431 0.0
432 0.00126113
433 0.0
434 0.0
435 0.0
436 0.0
437 0.0
438 0.00072096
439 0.00048854
440 0.0
441 0.0
442 0.0
443 0.0
444 0.00033961
445 0.0
446 0.0
447 0.00062861
448 0.00020993
449 0.0
450 0.00188258
451 0.0
452 0.00012678
453 0.0
454 0.0
455 0.0
456 0.0
457 0.00108358
458 0.0
459 0.0
460 0.0
461 0.00034523
462 0.0
463 0.0
464 0.0
465 0.0
466 0.00125023
467 0.00040606
468 0.00126079
469 0.0002844
470 0.0
471 0.0
472 0.0
473 0.0
474 0.00025458
475 0.0
476 0.00029462
477 6.032e-05
478 6.475e-05
479 0.00039516
480 0.0
481 0.00010497
482 0.0
483 0.0
484 0.0
485 0.0
486 0.0
487 0.0
488 0.00013905
489 0.00078231
490 0.0
491 0.00060134
492 7.651e-05
493 0.0004231
494 0.0
495 0.0
496 0.00071858
497 0.00033109
498 0.0
499 0.0
500 0.0
501 0.0
502 0.0
503 0.0
504 0.0
505 0.0
506 0.0
507 0.0
508 0.0
509 0.0001324
510 0.00010548
511 0.0
512 0.0
513 0.0
514 0.0
515 0.0
516 0.0
517 0.0
518 0.00065127
519 0.0
520 0.0
521 0.0
522 0.00018216
523 0.00052074
524 0.0
525 0.0
526 0.00022408
527 0.0
528 0.0
529 0.00044628
530 0.0
531 0.0
532 7.003e-05
533 0.00047627
534 0.00028661
535 6.901e-05
536 0.00020039
537 0.00104916
538 0.0
539 0.00117781
540 0.00093345
541 0.00099378
542 0.00168373
543 0.00295594
544 0.00218743
545 0.00290686
546 0.00433686
547 0.00350071
548 0.00376483
549 0.00539675
550 0.00525992
551 0.00634844
552 0.00713041
553 0.00778236
554 0.00880766
555 0.01034978
556 0.01276657
557 0.01432097
558 0.01638724
559 0.01886708
560 0.0228001
561 0.02518996
562 0.02956244
563 0.03356276
564 0.03886937
565 0.04252054
566 0.04814666
567 0.05426233
568 0.06252045
569 0.06880499
570 0.07788324
571 0.08449001
572 0.09711294
573 0.10643572
574 0.11868325
575 0.13190735
576 0.15010681
577 0.16094956
578 0.18169855
579 0.20120344
580 0.21892032
581 0.24349581
582 0.27139088
583 0.30493047
584 0.33988847
585 0.38189031
586 0.42317239
587 0.47796534
588 0.5343069
589 0.59101141
590 0.66339822
591 0.73715453
592 0.81370524
593 0.87868644
594 0.93671531
595 0.97110195
596 0.99955525
597 1.0
598 0.99192983
599 0.97104862
600 0.95468608
601 0.92808776
602 0.92086107
603 0.9263904
604 0.92999181
605 0.92156704
606 0.91436899
607 0.86696817
608 0.80727109
609 0.73489246
610 0.65673845
611 0.57393933
612 0.49379163
613 0.42028751
614 0.35226806
615 0.3062463
616 0.25371354
617 0.21149886
618 0.18177812
619 0.15011925
620 0.12886145
621 0.10742932
622 0.09224289
623 0.07678655
624 0.06431613
625 0.05449033
626 0.0453572
627 0.04021315
628 0.03404925
629 0.0294786
630 0.02514089
631 0.02096522
632 0.01875751
633 0.01341904
634 0.01125717
635 0.01110653
636 0.0102668
637 0.00812487
638 0.00649737
639 0.00538738
640 0.00501011
641 0.00655156
642 0.00315633
643 0.00294622
644 0.00334309
645 0.00342045
646 0.00204123
647 0.00294213
648 0.00191786
649 0.00044798
650 0.00174115
651 0.00050387
652 0.00148879
653 0.00196983
654 0.0
655 0.00250898
656 0.0027915
657 0.0013828
658 0.00136184
659 0.00067496
660 0.00108272
661 0.0010604
662 0.0008215
663 0.00129794
664 0.00049859
665 0.0
666 0.00071227
667 0.0
668 0.00131106
669 6.1e-05
670 0.00109687
671 0.0
672 0.00012081
673 0.0
674 0.0
675 0.0
676 0.00074874
677 0.0
678 0.0
679 0.0
680 0.0
681 0.00020022
682 0.0
683 0.00049518
684 0.00135332
685 0.0
686 0.0
687 0.00207446
688 0.0
689 0.0
690 0.0
691 0.00180965
692 0.00181289
693 0.00194393
694 0.00182891
695 0.00081111
696 0.00152986
697 0.0
698 0.0
699 0.00228439
700 0.0
701 0.0
702 0.00290362
703 0.00088693
704 0.0
705 0.0
706 0.0
707 0.0
708 0.0
709 0.0
710 0.0
711 0.0
712 0.0
713 0.0
714 0.00091249
715 0.0
716 0.00027162
717 0.0
718 0.0
719 0.0
720 0.0
721 0.0
722 0.0
723 0.00091113
724 0.0
725 0.00210087
726 0.00131123
727 0.0
728 0.0
729 0.0
730 0.0
731 4.925e-05
732 0.0
733 0.0
734 0.0
735 0.0
736 0.0
737 0.00084127
738 0.00087876
739 0.0
740 0.00171031
741 0.0
742 0.0
743 0.00072744
744 6.492e-05
745 0.0
746 0.00028849
747 0.0
748 0.0
749 0.0
750 0.00158524
751 0.0
752 0.00019375
753 0.0
754 0.0
755 0.0
756 0.0
757 0.0
758 0.0
759 0.00431386
760 0.0
761 0.00221452
762 0.0
763 0.00106517
764 0.0
765 0.0
766 0.0
767 0.0
768 0.0
769 0.0
770 0.0
771 0.0
772 0.003917
773 0.0
774 0.0
775 0.00019392
776 0.0
777 0.0
778 0.0
779 0.00180284
780 0.0
781 0.0
782 0.0
783 0.0
784 0.0
785 0.0
786 0.0
787 0.00305698
788 0.00263115
789 0.0
790 0.0
791 0.0
792 0.0
793 0.0
794 0.0
795 0.00023396
796 0.00103586
797 0.0
798 0.0
799 0.0
800 0.0
801 0.0
802 0.0
803 0.0
804 0.00291709
805 0.0
806 0.0
807 0.0
808 0.0
809 0.0
810 0.0
811 0.0
812 0.0
813 0.0
814 0.0
815 0.0
816 0.0
817 0.00031984
818 0.0
819 0.0
820 0.0
821 0.0
822 0.0
823 0.0
824 0.0
825 0.00475809
826 0.0
827 0.0
828 0.0
829 0.0
830 0.0
831 0.0
832 0.0
833 0.00630482
834 0.0
835 0.0
836 0.00436379
837 0.0
838 0.0
839 0.0
840 0.0
841 0.0
842 0.0
843 0.0
844 0.0
845 0.0
846 0.0
847 0.0
848 0.0
849 0.00684567
850 0.0
851 0.0
852 0.0
853 0.00289306
854 0.00190167
855 0.0011335
856 0.0
857 0.0
858 0.0
859 0.0
860 0.0
861 0.0
862 0.0
863 0.0
864 0.0
865 0.0
866 0.0
867 0.0
868 0.0
869 0.0
870 0.0
871 0.0
872 0.0
873 0.00204583
874 0.0
875 0.0
876 0.00103382
877 0.0
878 0.0
879 0.0
880 0.0
881 0.0
882 0.0
883 0.0
884 0.0
885 0.01687953
886 0.0
887 0.0
888 0.00265399
889 0.0
890 0.0
891 0.0
892 0.0
893 0.0
894 0.00144806
895 0.0
896 0.0
897 0.0
898 0.0
899 0.0164261
900 0.0
901 0.0
902 0.0
903 0.0
904 0.0
905 0.0
906 0.0
907 0.0
908 0.0
909 0.0
910 0.0
911 0.0
912 0.0
913 0.0
914 0.0
915 0.0
916 0.0
917 0.0
918 0.0
919 0.0
920 0.0
921 0.0
922 0.0
923 0.0
924 0.0
925 0.0
926 0.0
927 0.0
928 0.0
929 0.0
930 0.0
931 0.0
932 0.0
933 0.0
934 0.0
935 0.0
936 0.0
937 0.0
938 0.0
939 0.0
940 0.0
941 0.0
942 0.0
943 0.0
944 0.0
945 0.0
946 0.0
947 0.0
948 0.0
949 0.0
950 0.0
951 0.0
952 0.0
953 0.0
954 0.0
955 0.0
956 0.0
957 0.0
958 0.0
959 0.0
960 0.0
961 0.0
962 0.0
963 0.0
964 0.0
965 0.0
966 0.0
967 0.0
968 0.0
969 0.0
970 0.0
971 0.0
972 0.0
973 0.0
974 0.0
975 0.0
976 0.0
977 0.0
978 0.0
979 0.0
980 0.0
981 0.0
982 0.0
983 0.0
984 0.0
985 0.0
986 0.0
987 0.0
988 0.0
989 0.0
990 0.0
991 0.0
992 0.0
993 0.0
994 0.0
995 0.0
996 0.0
997 0.0
998 0.0
999 0.0
1000 0.0
1001 0.0
1002 0.0
1003 0.0
1004 0.0
1005 0.0
1006 0.0
1007 0.0
1008 0.0
1009 0.0
1010 0.0
1011 0.0
1012 0.0
1013 0.0
1014 0.0
1015 0.0
1016 0.0
1017 0.0
1018 0.0
1019 0.0
1020 0.0
1021 0.0
1022 0.0
1023 0.0
1024 0.0
1025 0.0
1026 0.0
1027 0.0
1028 0.0
1029 0.0
1030 0.0
1031 0.0
1032 0.0
1033 0.0
1034 0.0
1035 0.0
1036 0.0
1037 0.0
1038 0.0
1039 0.0
1040 0.0
1041 0.0
1042 0.0
1043 0.0
1044 0.0
1045 0.0
1046 0.0
1047 0.0
1048 0.0
1049 0.0
1050 0.0
1051 0.0
1052 0.0
1053 0.0
1054 0.0
1055 0.0
1056 0.0
1057 0.0
1058 0.0
1059 0.0
1060 0.0
1061 0.0
1062 0.0
1063 0.0
1064 0.0
1065 0.0
1066 0.0
1067 0.0
1068 0.0
1069 0.0
1070 0.0
1071 0.0
1072 0.0
1073 0.0
1074 0.0
1075 0.0
1076 0.0
1077 0.0
1078 0.0
1079 0.0
1080 0.0
1081 0.0
1082 0.0
1083 0.0
1084 0.0
1085 0.0
1086 0.0
1087 0.0
1088 0.0
1089 0.0
1090 0.0
1091 0.0
1092 0.0
1093 0.0
1094 0.0
1095 0.0
1096 0.0
1097 0.0
1098 0.0
1099 0.0
1100 0.0
