LED_Color_596
380 0.0
381 0.00016189
382 0.0
383 0.00032691
384 5.17e-06
385 0.00017417
386 0.00075182
387 0.0
388 0.0
389 0.0005056
390 0.0
391 0.0
392 0.0003442
393 0.00122575
394 0.0
395 0.0
396 0.0
397 0.00041086
398 4.8e-07
399 0.00048894
400 0.0
401 0.0
402 0.0
403 0.00047607
404 4.725e-05
405 7.299e-05
406 2.952e-05
407 0.0
408 2.5e-06
409 4.499e-05
410 0.00026281
411 0.00074665
412 0.0
413 0.0
414 0.0
415 0.00044097
416 0.0
417 0.0
418 0.0
419 0.00056579
420 0.0
421 6.895e-05
422 0.0
423 2.044e-05
424 0.0
425 0.00030457
426 0.00047026
427 0.0
428 0.0
429 0.0
430 0.0
431 0.0
432 0.0
433 0.00032797
434 1.061e-05
435 0.0
436 0.00013168
437 4.211e-05
438 0.00169329
439 0.00026715
440 0.00020319
441 0.00070173
442 0.0
443 0.0
444 0.0
445 0.0
446 0.0
447 0.0
448 8.44e-05
449 7.766e-05
450 2.59e-06
451 0.00014932
452 0.00025134
453 0.00061571
454 0.00104326
455 0.00066462
456 0.00062236
457 1.37e-06
458 0.0
459 0.0
460 0.0
461 7.65e-06
462 0.0
463 0.0
464 0.0
465 0.0
466 0.00018133
467 0.0
468 0.000363
469 0.0
470 0.0
471 0.0
472 0.00010283
473 0.0
474 0.0
475 0.0
476 0.00050934
477 7.1e-07
478 4.4e-06
479 7.465e-05
480 1.839e-05
481 0.00042345
482 0.0
483 0.0
484 6.8e-07
485 0.00075671
486 0.0
487 2.533e-05
488 5.78e-06
489 0.0
490 0.00028898
491 0.0
492 0.00023986
493 6.247e-05
494 0.00015317
495 0.00011876
496 3.993e-05
497 1.805e-05
498 0.0
499 0.00029526
500 7.906e-05
501 0.00017569
502 0.0
503 0.0
504 2.001e-05
505 0.00065244
506 1.1e-07
507 7.697e-05
508 0.0
509 0.0
510 0.0
511 0.0
512 8.84e-05
513 2.943e-05
514 0.0
515 0.00049385
516 0.00012723
517 0.0
518 1.03e-06
519 0.00017806
520 0.00023143
521 0.00065829
522 9.4e-07
523 0.00012658
524 4.88e-06
525 0.00021162
526 0.00034547
527 7.64e-06
528 4.888e-05
529 0.00041277
530 8.4e-07
531 0.0
532 0.00073739
533 0.00074122
534 0.00025314
535 0.00028721
536 0.00014785
537 0.00095245
538 0.00111235
539 0.00110457
540 0.00118051
541 0.00143079
542 0.00173007
543 0.00158774
544 0.00081256
545 0.00183777
546 0.00202093
547 0.00167294
548 0.00256088
549 0.00362546
550 0.00288635
551 0.00451737
552 0.00442391
553 0.00455141
554 0.0055844
555 0.00624874
556 0.00777185
557 0.00895506
558 0.00960592
559 0.01172406
560 0.0132819
561 0.01560833
562 0.01727029
563 0.0208575
564 0.02290787
565 0.02647902
566 0.03053574
567 0.03246417
568 0.03879444
569 0.04410076
570 0.04980953
571 0.05432975
572 0.06556392
573 0.0708785
574 0.07891345
575 0.08780353
576 0.09983162
577 0.11677774
578 0.13035982
579 0.14774894
580 0.16553492
581 0.18780997
582 0.21310626
583 0.24889698
584 0.28603351
585 0.32284072
586 0.37043559
587 0.41415897
588 0.47329669
589 0.53462252
590 0.60482952
591 0.67350793
592 0.75362711
593 0.81978917
594 0.89728142
595 0.96566189
596 0.99764936
597 1.0
598 0.95279174
599 0.88152858
600 0.77470476
601 0.65998999
602 0.56253807
603 0.48267782
604 0.41011476
605 0.36627044
606 0.33004241
607 0.30657204
608 0.28185623
609 0.25760426
610 0.23640542
611 0.21016305
612 0.18553951
613 0.15682802
614 0.13767771
615 0.11599503
616 0.10099582
617 0.08281815
618 0.07078831
619 0.06192026
620 0.05428117
621 0.04582104
622 0.03982962
623 0.03340766
624 0.02769402
625 0.02467233
626 0.02041601
627 0.01761616
628 0.015967
629 0.01290484
630 0.01089375
631 0.00940617
632 0.00856407
633 0.00678806
634 0.00576148
635 0.00521351
636 0.0043419
637 0.00450611
638 0.00380538
639 0.0027193
640 0.00326663
641 0.00115479
642 0.00098492
643 0.00200815
644 0.00047121
645 0.00141852
646 0.00125518
647 0.00155123
648 0.0003554
649 0.00102015
650 0.00124677
651 0.0002721
652 0.00013337
653 0.00050817
654 0.00172433
655 0.00030242
656 0.00166587
657 0.0
658 0.00139376
659 0.00067382
660 0.00101983
661 0.00029926
662 0.00019271
663 0.00064436
664 0.00055972
665 0.00027565
666 0.00017802
667 3.405e-05
668 2.47e-06
669 0.000117
670 0.0
671 0.00185507
672 0.00077644
673 0.0
674 7.5e-07
675 2.85e-06
676 0.00041529
677 0.0
678 5.62e-05
679 0.0003971
680 0.00017463
681 0.00071702
682 3e-06
683 0.0
684 0.0
685 0.00078383
686 0.0
687 0.00137911
688 0.0007795
689 1.4e-07
690 0.0
691 0.00104079
692 0.0
693 0.0
694 3.303e-05
695 0.0
696 3.51e-06
697 0.0
698 0.0
699 3.5e-07
700 0.00159868
701 2.56e-06
702 0.0
703 9.552e-05
704 0.00090223
705 6.8e-07
706 0.00108199
707 0.0
708 0.00027491
709 1.023e-05
710 0.0
711 0.0
712 0.0
713 0.00021634
714 0.0
715 0.00121139
716 0.00014142
717 0.0
718 0.00181718
719 6.36e-06
720 0.0
721 8.45e-06
722 0.0
723 0.001989
724 0.0
725 0.0
726 0.00023851
727 0.0
728 0.00203602
729 0.00017667
730 0.00064779
731 0.00109631
732 0.0
733 0.00066498
734 0.0
735 0.0
736 0.00268127
737 0.00036427
738 3.341e-05
739 0.0006099
740 0.00010126
741 0.00010091
742 0.0
743 0.0
744 0.0
745 0.00041939
746 0.001122
747 0.0
748 0.0
749 0.0
750 0.0
751 0.0
752 0.0
753 2.994e-05
754 0.0
755 0.00011654
756 3.991e-05
757 0.0
758 0.0
759 0.00118049
760 0.0
761 0.0
762 0.0030488
763 0.0
764 0.0
765 0.00036091
766 0.0
767 0.0
768 0.0
769 0.0
770 0.0001993
771 0.0
772 0.0
773 0.0
774 0.00012213
775 0.00139941
776 0.0
777 0.00129558
778 0.0
779 0.00246874
780 0.0
781 0.0005624
782 0.0
783 0.0
784 0.00222942
785 0.0005026
786 0.0
787 0.0
788 0.0
789 0.0
790 0.00173829
791 0.0
792 0.0
793 0.0
794 0.0
795 0.0
796 0.00063054
797 0.00307258
798 0.0
799 0.0
800 0.0
801 0.0
802 0.00028373
803 1.94e-05
804 0.0
805 0.0
806 0.0
807 0.0
808 0.0
809 0.0
810 0.0
811 0.0
812 0.0
813 0.0
814 0.0
815 0.00051859
816 0.00528832
817 0.00064819
818 0.00482371
819 0.0
820 0.0
821 0.0
822 0.00025108
823 0.0
824 0.0
825 0.00277542
826 0.00684758
827 0.00151895
828 0.0
829 3.07e-06
830 0.0
831 0.0
832 0.0
833 0.00029074
834 0.00145065
835 0.0
836 0.0
837 0.0
838 0.0
839 9.268e-05
840 0.0
841 0.00054746
842 0.0
843 0.00552872
844 5e-08
845 0.00779134
846 0.0
847 0.0002439
848 0.0
849 0.0
850 0.00131428
851 0.0
852 0.00044499
853 0.0
854 0.00090799
855 0.00394741
856 0.00742865
857 0.00243209
858 0.00799306
859 0.00191535
860 0.0039457
861 0.00623522
862 0.0
863 0.00561691
864 0.00087544
865 2.9e-07
866 0.00170263
867 0.0
868 0.00321216
869 0.00319275
870 0.0
871 0.00351798
872 0.01102144
873 0.0
874 0.01796658
875 0.00387663
876 0.00447529
877 0.00388498
878 0.0
879 0.00250081
880 8.14e-05
881 0.00301932
882 0.00732441
883 0.00427609
884 1.3e-07
885 0.0
886 0.01398987
887 0.0
888 0.00139083
889 2.56e-05
890 0.00083094
891 0.0
892 0.01490744
893 0.00922848
894 0.0
895 0.00130815
896 0.01299108
897 0.00121407
898 0.00547711
899 0.00854555
900 0.00430694
901 0.0
902 0.0
903 0.0
904 0.0
905 0.0
906 0.0
907 0.0
908 0.0
909 0.0
910 0.0
911 0.0
912 0.0
913 0.0
914 0.0
915 0.0
916 0.0
917 0.0
918 0.0
919 0.0
920 0.0
921 0.0
922 0.0
923 0.0
924 0.0
925 0.0
926 0.0
927 0.0
928 0.0
929 0.0
930 0.0
931 0.0
932 0.0
933 0.0
934 0.0
935 0.0
936 0.0
937 0.0
938 0.0
939 0.0
940 0.0
941 0.0
942 0.0
943 0.0
944 0.0
945 0.0
946 0.0
947 0.0
948 0.0
949 0.0
950 0.0
951 0.0
952 0.0
953 0.0
954 0.0
955 0.0
956 0.0
957 0.0
958 0.0
959 0.0
960 0.0
961 0.0
962 0.0
963 0.0
964 0.0
965 0.0
966 0.0
967 0.0
968 0.0
969 0.0
970 0.0
971 0.0
972 0.0
973 0.0
974 0.0
975 0.0
976 0.0
977 0.0
978 0.0
979 0.0
980 0.0
981 0.0
982 0.0
983 0.0
984 0.0
985 0.0
986 0.0
987 0.0
988 0.0
989 0.0
990 0.0
991 0.0
992 0.0
993 0.0
994 0.0
995 0.0
996 0.0
997 0.0
998 0.0
999 0.0
1000 0.0
1001 0.0
1002 0.0
1003 0.0
1004 0.0
1005 0.0
1006 0.0
1007 0.0
1008 0.0
1009 0.0
1010 0.0
1011 0.0
1012 0.0
1013 0.0
1014 0.0
1015 0.0
1016 0.0
1017 0.0
1018 0.0
1019 0.0
1020 0.0
1021 0.0
1022 0.0
1023 0.0
1024 0.0
1025 0.0
1026 0.0
1027 0.0
1028 0.0
1029 0.0
1030 0.0
1031 0.0
1032 0.0
1033 0.0
1034 0.0
1035 0.0
1036 0.0
1037 0.0
1038 0.0
1039 0.0
1040 0.0
1041 0.0
1042 0.0
1043 0.0
1044 0.0
1045 0.0
1046 0.0
1047 0.0
1048 0.0
1049 0.0
1050 0.0
1051 0.0
1052 0.0
1053 0.0
1054 0.0
1055 0.0
1056 0.0
1057 0.0
1058 0.0
1059 0.0
1060 0.0
1061 0.0
1062 0.0
1063 0.0
1064 0.0
1065 0.0
1066 0.0
1067 0.0
1068 0.0
1069 0.0
1070 0.0
1071 0.0
1072 0.0
1073 0.0
1074 0.0
1075 0.0
1076 0.0
1077 0.0
1078 0.0
1079 0.0
1080 0.0
1081 0.0
1082 0.0
1083 0.0
1084 0.0
1085 0.0
1086 0.0
1087 0.0
1088 0.0
1089 0.0
1090 0.0
1091 0.0
1092 0.0
1093 0.0
1094 0.0
1095 0.0
1096 0.0
1097 0.0
1098 0.0
1099 0.0
1100 0.0
