LED_Color_634_traffic_lights
380 0.00014691
381 0.00060792
382 0.00058129
383 0.0
384 0.00081566
385 0.0
386 0.00039548
387 0.0
388 0.00102776
389 2.84e-06
390 1.381e-05
391 0.00016253
392 4.4e-07
393 0.0
394 0.00066157
395 0.0
396 6.08e-05
397 0.0
398 0.00020972
399 0.0
400 0.00071456
401 0.0
402 0.00069599
403 0.00026097
404 0.00029535
405 0.0
406 7.357e-05
407 6.46e-05
408 0.00036993
409 2.511e-05
410 0.0
411 0.0
412 0.00079975
413 2.321e-05
414 0.00010199
415 0.0
416 0.00063019
417 0.0
418 0.0
419 0.0
420 0.00096338
421 3.373e-05
422 0.00181421
423 1.283e-05
424 0.00059098
425 0.0
426 0.0
427 0.0
428 0.0
429 0.00031921
430 0.0
431 0.00022004
432 0.00045748
433 0.00012507
434 0.0
435 0.0
436 0.00038558
437 0.00067188
438 0.00030768
439 8e-08
440 1.083e-05
441 0.00025483
442 0.0
443 0.0
444 0.00023614
445 0.00024732
446 0.00105012
447 0.00067163
448 0.0
449 0.00024443
450 0.00070485
451 0.00023949
452 0.00012274
453 0.00058478
454 0.00189038
455 0.00019777
456 0.0006249
457 4.9e-07
458 0.00038655
459 0.0
460 0.00101736
461 0.00032927
462 0.0
463 0.00023233
464 0.00029094
465 0.00022009
466 0.00037018
467 0.00044052
468 0.00051835
469 0.00056469
470 5.076e-05
471 0.00185081
472 3.838e-05
473 7.254e-05
474 0.0
475 0.0
476 0.0
477 0.0005269
478 0.0
479 0.00090374
480 0.00029289
481 0.00030115
482 0.0
483 0.00088075
484 7.076e-05
485 0.0
486 0.00144082
487 0.00011354
488 0.00038962
489 0.00054119
490 0.00022101
491 0.0
492 0.00070246
493 0.0
494 0.00017842
495 5.32e-06
496 0.0012419
497 0.00030852
498 0.0
499 0.0
500 0.00130699
501 0.0
502 0.0
503 0.0
504 4.283e-05
505 8e-08
506 0.00031957
507 0.0
508 1.501e-05
509 7.107e-05
510 0.00011961
511 0.00100964
512 0.0
513 0.00042622
514 0.0
515 0.00054505
516 0.00028729
517 0.00024851
518 0.00057191
519 0.00054496
520 0.0
521 6.7e-07
522 0.00113366
523 0.0
524 0.00076392
525 0.00026925
526 3.217e-05
527 0.000248
528 0.0
529 0.00084774
530 0.0
531 0.0009037
532 0.0
533 0.0004528
534 0.00073951
535 6.5e-05
536 0.00141904
537 1.979e-05
538 0.00060357
539 0.0
540 5.33e-06
541 3.887e-05
542 0.00111984
543 0.00011876
544 0.00095223
545 0.00136539
546 1.61e-06
547 5.6e-06
548 0.00142961
549 0.000851
550 3.669e-05
551 0.00070198
552 0.00114535
553 0.00022012
554 0.00015044
555 0.00066592
556 0.00047875
557 0.0001492
558 0.0
559 0.00099331
560 0.00092042
561 9.54e-06
562 0.0
563 0.00010322
564 0.00060891
565 0.0
566 0.00093667
567 0.00131737
568 0.00024812
569 0.0005034
570 0.0006669
571 0.00031528
572 4.004e-05
573 0.00112917
574 2.287e-05
575 0.00114712
576 0.00069918
577 0.00012901
578 0.0004077
579 0.00058466
580 0.00066897
581 0.00114382
582 0.00150171
583 0.00128622
584 0.00174125
585 0.00029915
586 0.00302982
587 0.00092621
588 0.00343945
589 0.00448142
590 0.00638991
591 0.00736571
592 0.00909632
593 0.01357338
594 0.01588804
595 0.02016514
596 0.02339641
597 0.02973084
598 0.03617135
599 0.04257206
600 0.04845968
601 0.05817835
602 0.06516234
603 0.07671952
604 0.08480613
605 0.09548748
606 0.10781929
607 0.12150567
608 0.14055392
609 0.16154955
610 0.17800027
611 0.20253865
612 0.2302429
613 0.25579646
614 0.28477992
615 0.32049808
616 0.3540618
617 0.397051
618 0.44011157
619 0.49163682
620 0.53834101
621 0.58691691
622 0.64764879
623 0.7025413
624 0.75784784
625 0.81264223
626 0.85080189
627 0.88878442
628 0.91532043
629 0.94055862
630 0.96050333
631 0.97500144
632 0.98691755
633 0.99599273
634 1.0
635 0.99666538
636 0.98838087
637 0.97182967
638 0.94409745
639 0.90791954
640 0.85293973
641 0.77406725
642 0.66953071
643 0.57419306
644 0.47653932
645 0.38825938
646 0.32045833
647 0.26382614
648 0.21130214
649 0.17729978
650 0.14427204
651 0.11779168
652 0.09888421
653 0.07919051
654 0.06703082
655 0.05487473
656 0.04544497
657 0.03639655
658 0.03002155
659 0.02613993
660 0.02159376
661 0.01792423
662 0.01479178
663 0.01102856
664 0.01030293
665 0.00887681
666 0.00828818
667 0.00725716
668 0.00507045
669 0.00565574
670 0.00534215
671 0.00376812
672 0.00128478
673 0.0030803
674 0.00264568
675 0.00139883
676 0.00168944
677 0.00251545
678 0.00095765
679 0.00081955
680 0.00033178
681 0.00066291
682 0.00033449
683 0.00075462
684 0.00162169
685 0.00148886
686 0.0007763
687 0.00041852
688 0.00043815
689 0.0
690 0.00101322
691 0.00072943
692 0.0003074
693 6.859e-05
694 0.00133905
695 0.00034468
696 0.0
697 0.00010348
698 8.508e-05
699 2.403e-05
700 0.00116522
701 0.00143706
702 4.172e-05
703 1.16e-06
704 0.00121475
705 0.0003646
706 0.00013023
707 4.536e-05
708 2.21e-05
709 0.0
710 1.539e-05
711 0.00084435
712 7.197e-05
713 0.00088421
714 3.061e-05
715 0.0
716 0.00035223
717 0.00039592
718 0.0002031
719 0.00063612
720 0.0
721 0.0
722 0.00036849
723 0.0
724 0.0
725 0.00060715
726 0.00025384
727 0.00051668
728 0.0001986
729 0.0
730 0.0
731 0.0001708
732 4.7e-07
733 0.0
734 0.0
735 0.00047109
736 0.0
737 0.0
738 0.00020812
739 0.00063008
740 0.00190303
741 0.0001484
742 0.00053031
743 0.0
744 0.00034623
745 0.0
746 0.0
747 0.00011
748 0.0
749 0.00104084
750 0.0001971
751 2.4e-06
752 0.00060944
753 0.0
754 1.912e-05
755 0.00047365
756 0.00058664
757 0.0
758 0.0
759 0.00168258
760 0.00063178
761 0.0
762 0.0
763 0.00021439
764 0.0
765 0.00013417
766 0.0
767 0.0
768 2.811e-05
769 0.00093732
770 0.00024384
771 0.0
772 1.483e-05
773 0.0
774 0.0
775 0.0
776 0.0
777 0.0
778 0.00097593
779 0.0
780 9.8e-06
781 0.00041369
782 2.298e-05
783 0.0
784 0.00016885
785 0.0
786 0.0
787 0.00114895
788 7.375e-05
789 4.767e-05
790 6.87e-06
791 0.00064501
792 0.00075094
793 0.00076554
794 0.0
795 0.00091488
796 0.00153938
797 0.00076929
798 1.183e-05
799 6.416e-05
800 0.0
801 0.0
802 7.304e-05
803 0.00069293
804 0.00024565
805 0.00035752
806 5.732e-05
807 0.00015287
808 3.725e-05
809 1.19e-06
810 0.00058068
811 0.00107316
812 0.00021855
813 0.00035548
814 0.00012572
815 0.0
816 0.00017656
817 0.00015993
818 0.0
819 0.00105989
820 5.174e-05
821 0.0
822 0.00129175
823 0.0
824 2.31e-06
825 0.00018101
826 8.247e-05
827 0.00085254
828 0.00111534
829 0.00015238
830 0.0
831 0.0
832 0.00039417
833 0.0003942
834 6.333e-05
835 2.01e-06
836 0.00085351
837 0.00037757
838 0.00062975
839 0.0
840 7.25e-06
841 2.683e-05
842 0.0
843 0.0
844 0.00014692
845 0.0
846 0.00028892
847 0.00057418
848 0.0
849 0.00085821
850 2.876e-05
851 3.37e-06
852 0.00096219
853 0.0
854 0.00060529
855 7.324e-05
856 0.0
857 0.0
858 0.0
859 0.00033975
860 0.0
861 0.00070148
862 0.00017528
863 0.0
864 2.341e-05
865 0.0
866 0.0
867 0.00259229
868 0.00045765
869 0.0002101
870 5.94e-06
871 3.318e-05
872 0.0
873 0.0
874 0.0
875 0.0
876 0.00012549
877 0.0
878 0.00037039
879 2.224e-05
880 0.0
881 0.00013546
882 1.782e-05
883 0.00070316
884 0.00069326
885 0.0
886 0.00021124
887 0.0
888 0.0
889 0.0
890 0.0
891 0.00033175
892 0.0
893 0.00039545
894 0.00073162
895 0.00078535
896 0.0
897 0.00169295
898 7.42e-05
899 0.00026075
900 0.00010916
901 0.0
902 0.0
903 0.0
904 0.0
905 0.0
906 0.0
907 0.0
908 0.0
909 0.0
910 0.0
911 0.0
912 0.0
913 0.0
914 0.0
915 0.0
916 0.0
917 0.0
918 0.0
919 0.0
920 0.0
921 0.0
922 0.0
923 0.0
924 0.0
925 0.0
926 0.0
927 0.0
928 0.0
929 0.0
930 0.0
931 0.0
932 0.0
933 0.0
934 0.0
935 0.0
936 0.0
937 0.0
938 0.0
939 0.0
940 0.0
941 0.0
942 0.0
943 0.0
944 0.0
945 0.0
946 0.0
947 0.0
948 0.0
949 0.0
950 0.0
951 0.0
952 0.0
953 0.0
954 0.0
955 0.0
956 0.0
957 0.0
958 0.0
959 0.0
960 0.0
961 0.0
962 0.0
963 0.0
964 0.0
965 0.0
966 0.0
967 0.0
968 0.0
969 0.0
970 0.0
971 0.0
972 0.0
973 0.0
974 0.0
975 0.0
976 0.0
977 0.0
978 0.0
979 0.0
980 0.0
981 0.0
982 0.0
983 0.0
984 0.0
985 0.0
986 0.0
987 0.0
988 0.0
989 0.0
990 0.0
991 0.0
992 0.0
993 0.0
994 0.0
995 0.0
996 0.0
997 0.0
998 0.0
999 0.0
1000 0.0
1001 0.0
1002 0.0
1003 0.0
1004 0.0
1005 0.0
1006 0.0
1007 0.0
1008 0.0
1009 0.0
1010 0.0
1011 0.0
1012 0.0
1013 0.0
1014 0.0
1015 0.0
1016 0.0
1017 0.0
1018 0.0
1019 0.0
1020 0.0
1021 0.0
1022 0.0
1023 0.0
1024 0.0
1025 0.0
1026 0.0
1027 0.0
1028 0.0
1029 0.0
1030 0.0
1031 0.0
1032 0.0
1033 0.0
1034 0.0
1035 0.0
1036 0.0
1037 0.0
1038 0.0
1039 0.0
1040 0.0
1041 0.0
1042 0.0
1043 0.0
1044 0.0
1045 0.0
1046 0.0
1047 0.0
1048 0.0
1049 0.0
1050 0.0
1051 0.0
1052 0.0
1053 0.0
1054 0.0
1055 0.0
1056 0.0
1057 0.0
1058 0.0
1059 0.0
1060 0.0
1061 0.0
1062 0.0
1063 0.0
1064 0.0
1065 0.0
1066 0.0
1067 0.0
1068 0.0
1069 0.0
1070 0.0
1071 0.0
1072 0.0
1073 0.0
1074 0.0
1075 0.0
1076 0.0
1077 0.0
1078 0.0
1079 0.0
1080 0.0
1081 0.0
1082 0.0
1083 0.0
1084 0.0
1085 0.0
1086 0.0
1087 0.0
1088 0.0
1089 0.0
1090 0.0
1091 0.0
1092 0.0
1093 0.0
1094 0.0
1095 0.0
1096 0.0
1097 0.0
1098 0.0
1099 0.0
1100 0.0
