LED_Color_693
380 0.0
381 0.0
382 0.0
383 0.00022473
384 0.0
385 0.0
386 0.0
387 0.0
388 0.0
389 0.0
390 0.0
391 0.0
392 0.0
393 0.00022586
394 0.0
395 3.931e-05
396 0.0
397 0.0
398 0.0
399 0.0
400 0.0
401 0.0
402 0.0
403 0.0
404 0.00056443
405 0.0
406 0.0
407 0.0
408 0.0
409 0.0
410 0.0
411 0.0001377
412 0.0
413 0.0
414 0.00027835
415 0.0
416 0.0
417 0.0
418 0.0
419 0.00075584
420 0.0002551
421 0.0
422 5.571e-05
423 0.0
424 0.0
425 0.0
426 0.0
427 0.0
428 0.0
429 1.13e-06
430 0.0
431 0.0
432 9.605e-05
433 0.0
434 0.0
435 2.169e-05
436 0.0
437 0.0
438 0.0
439 0.0
440 0.0
441 0.0
442 0.0
443 0.0
444 0.0
445 0.0
446 0.0
447 0.0
448 0.0
449 0.0
450 0.0
451 0.0
452 0.0
453 0.0
454 0.0
455 0.0
456 0.0
457 0.00032651
458 0.0
459 0.0
460 0.0
461 0.0
462 0.0
463 0.0
464 6.9e-07
465 0.0
466 8.842e-05
467 0.0
468 0.0
469 0.0
470 0.0
471 0.0
472 0.0
473 0.0
474 0.0
475 0.0
476 0.0
477 0.0
478 0.0
479 0.0
480 0.0
481 0.0
482 0.0001561
483 0.0
484 0.0
485 0.0
486 0.0
487 0.0
488 0.0
489 0.00016547
490 0.0
491 0.0
492 0.00041736
493 0.0
494 0.0
495 0.0004413
496 0.0
497 0.00011991
498 0.0
499 0.0
500 0.0
501 4.269e-05
502 0.0
503 0.0
504 0.0
505 0.00027358
506 0.00018135
507 0.0
508 0.00011271
509 0.0
510 0.00036963
511 0.0
512 0.0
513 0.0
514 0.0
515 0.0
516 0.0
517 0.0
518 7.384e-05
519 0.0
520 0.0
521 0.00049588
522 0.0
523 0.0
524 0.00040183
525 0.0
526 0.0
527 0.00010603
528 0.0
529 1.926e-05
530 0.0
531 0.0
532 3.098e-05
533 2.612e-05
534 0.0
535 0.0
536 0.00027367
537 0.0
538 5.97e-05
539 0.00010768
540 0.0
541 0.0
542 0.0
543 0.00084296
544 0.0
545 0.0
546 0.00043584
547 0.0
548 0.0
549 0.0
550 0.0
551 0.0
552 0.0
553 0.0
554 0.0
555 0.0
556 0.0
557 0.0
558 0.0
559 0.0
560 0.0
561 0.0
562 0.0
563 0.0
564 0.00011106
565 0.0
566 0.0
567 0.0
568 0.0
569 0.0
570 0.00030083
571 0.0
572 0.0
573 0.00028911
574 0.0
575 0.00026525
576 0.00059818
577 0.0
578 2.351e-05
579 0.0
580 0.0
581 0.0
582 0.0
583 0.0
584 0.0
585 0.0
586 0.0
587 0.00033258
588 0.0
589 0.00050942
590 0.00060582
591 0.00033441
592 0.00039705
593 0.00036998
594 0.00038456
595 0.0
596 0.00024
597 0.00028156
598 0.00100174
599 0.00088218
600 0.00079697
601 0.00192496
602 0.00069111
603 0.00129997
604 0.00160912
605 0.00147776
606 0.0012204
607 0.00232496
608 0.00291412
609 0.00140895
610 0.00291256
611 0.00252479
612 0.00286362
613 0.0040658
614 0.0048121
615 0.00449852
616 0.00523952
617 0.0051544
618 0.00557471
619 0.00762088
620 0.00781932
621 0.00752439
622 0.00863486
623 0.01064598
624 0.0100976
625 0.01077795
626 0.01301641
627 0.01315784
628 0.01534719
629 0.01549469
630 0.01741497
631 0.01934444
632 0.02114827
633 0.02176537
634 0.02328191
635 0.02539559
636 0.02933358
637 0.0314923
638 0.03171486
639 0.0358243
640 0.03855126
641 0.04044533
642 0.04302444
643 0.04680104
644 0.04975412
645 0.05344847
646 0.06011845
647 0.06440968
648 0.06825248
649 0.07413956
650 0.07798583
651 0.08259775
652 0.0891919
653 0.09751708
654 0.10325752
655 0.1122142
656 0.11898952
657 0.12937268
658 0.13527181
659 0.1471499
660 0.16020397
661 0.17119329
662 0.1804633
663 0.19497534
664 0.20786697
665 0.22628984
666 0.24144371
667 0.26121817
668 0.27931028
669 0.30062879
670 0.32182184
671 0.34691105
672 0.37111947
673 0.39842727
674 0.4243295
675 0.45442812
676 0.48361749
677 0.52313163
678 0.55742229
679 0.59724203
680 0.63231552
681 0.67918398
682 0.72170604
683 0.76975915
684 0.80508479
685 0.85298658
686 0.8859496
687 0.91344022
688 0.93965994
689 0.97146582
690 0.97581665
691 0.98782047
692 0.9925747
693 1.0
694 0.99647347
695 0.97850865
696 0.96375123
697 0.94776282
698 0.92054821
699 0.89260085
700 0.8634526
701 0.82930276
702 0.78335968
703 0.7338171
704 0.67973201
705 0.63318616
706 0.57913751
707 0.52879241
708 0.48511104
709 0.44152208
710 0.39750067
711 0.36281364
712 0.32686561
713 0.29250249
714 0.25227338
715 0.23165561
716 0.20771261
717 0.18305039
718 0.16291506
719 0.1475001
720 0.12856157
721 0.11545952
722 0.10278055
723 0.08630451
724 0.0778903
725 0.07303733
726 0.05949337
727 0.05385376
728 0.05192577
729 0.04511669
730 0.04132829
731 0.03764835
732 0.03038435
733 0.02690831
734 0.02382491
735 0.02295202
736 0.01740169
737 0.01775354
738 0.01559109
739 0.0128283
740 0.01299593
741 0.01165041
742 0.01109397
743 0.0099809
744 0.00975634
745 0.00819008
746 0.008247
747 0.00884701
748 0.00365955
749 0.00282406
750 0.00390762
751 0.00273113
752 0.00459196
753 0.00385599
754 0.00096235
755 0.00427483
756 0.00118196
757 0.00168869
758 0.00391968
759 0.00081588
760 0.0
761 0.0020591
762 0.00016156
763 0.00264366
764 0.00082048
765 0.00140964
766 0.00171377
767 0.0
768 0.00063454
769 0.0
770 0.00267846
771 0.0
772 0.0
773 0.0
774 0.0
775 0.0
776 0.0
777 0.00082612
778 0.0
779 0.0
780 0.00137745
781 0.0
782 0.0
783 0.0
784 0.0
785 0.0
786 0.0
787 0.0
788 0.0
789 0.0
790 0.0
791 0.00171437
792 0.0
793 0.00072278
794 0.0
795 0.0
796 0.0
797 0.0
798 0.0
799 0.00025172
800 0.0
801 0.00062282
802 0.0
803 0.0
804 0.0
805 0.0028828
806 0.0
807 0.00262622
808 0.0
809 0.0
810 0.0
811 0.0
812 0.0
813 0.0
814 0.0
815 0.0
816 0.0003056
817 0.0
818 0.0
819 0.00264783
820 0.0
821 0.0
822 0.0
823 0.0
824 0.0
825 0.0
826 0.0
827 0.00143185
828 0.00034794
829 0.0
830 0.0
831 0.0
832 0.00054742
833 0.0
834 0.0
835 0.0
836 0.0
837 0.0
838 0.0
839 0.0
840 0.0
841 0.0
842 0.00289312
843 0.00143463
844 0.00354076
845 0.0
846 0.00990853
847 0.00092183
848 0.00781845
849 0.00135463
850 0.00381816
851 0.00573419
852 0.00038525
853 0.00131055
854 0.00236444
855 0.0
856 0.00696101
857 0.0
858 0.00569757
859 0.00318909
860 0.00357912
861 0.0
862 0.00946107
863 0.0
864 0.00283811
865 0.0073001
866 0.0074063
867 0.00228357
868 0.00379795
869 0.0
870 0.00202639
871 0.00476507
872 0.00395083
873 0.00349183
874 5.9e-05
875 0.0
876 0.00882584
877 0.00824848
878 0.0001423
879 0.0
880 0.00937968
881 0.00816848
882 0.0
883 0.00247073
884 0.01327073
885 0.0025431
886 0.01039175
887 0.0136919
888 0.01073153
889 0.00384723
890 0.00968346
891 0.0182122
892 0.00713602
893 0.00242509
894 0.00831017
895 0.00258319
896 0.00662504
897 0.00845907
898 0.01228721
899 0.00860076
900 0.02045959
901 0.0
902 0.0
903 0.0
904 0.0
905 0.0
906 0.0
907 0.0
908 0.0
909 0.0
910 0.0
911 0.0
912 0.0
913 0.0
914 0.0
915 0.0
916 0.0
917 0.0
918 0.0
919 0.0
920 0.0
921 0.0
922 0.0
923 0.0
924 0.0
925 0.0
926 0.0
927 0.0
928 0.0
929 0.0
930 0.0
931 0.0
932 0.0
933 0.0
934 0.0
935 0.0
936 0.0
937 0.0
938 0.0
939 0.0
940 0.0
941 0.0
942 0.0
943 0.0
944 0.0
945 0.0
946 0.0
947 0.0
948 0.0
949 0.0
950 0.0
951 0.0
952 0.0
953 0.0
954 0.0
955 0.0
956 0.0
957 0.0
958 0.0
959 0.0
960 0.0
961 0.0
962 0.0
963 0.0
964 0.0
965 0.0
966 0.0
967 0.0
968 0.0
969 0.0
970 0.0
971 0.0
972 0.0
973 0.0
974 0.0
975 0.0
976 0.0
977 0.0
978 0.0
979 0.0
980 0.0
981 0.0
982 0.0
983 0.0
984 0.0
985 0.0
986 0.0
987 0.0
988 0.0
989 0.0
990 0.0
991 0.0
992 0.0
993 0.0
994 0.0
995 0.0
996 0.0
997 0.0
998 0.0
999 0.0
1000 0.0
1001 0.0
1002 0.0
1003 0.0
1004 0.0
1005 0.0
1006 0.0
1007 0.0
1008 0.0
1009 0.0
1010 0.0
1011 0.0
1012 0.0
1013 0.0
1014 0.0
1015 0.0
1016 0.0
1017 0.0
1018 0.0
1019 0.0
1020 0.0
1021 0.0
1022 0.0
1023 0.0
1024 0.0
1025 0.0
1026 0.0
1027 0.0
1028 0.0
1029 0.0
1030 0.0
1031 0.0
1032 0.0
1033 0.0
1034 0.0
1035 0.0
1036 0.0
1037 0.0
1038 0.0
1039 0.0
1040 0.0
1041 0.0
1042 0.0
1043 0.0
1044 0.0
1045 0.0
1046 0.0
1047 0.0
1048 0.0
1049 0.0
1050 0.0
1051 0.0
1052 0.0
1053 0.0
1054 0.0
1055 0.0
1056 0.0
1057 0.0
1058 0.0
1059 0.0
1060 0.0
1061 0.0
1062 0.0
1063 0.0
1064 0.0
1065 0.0
1066 0.0
1067 0.0
1068 0.0
1069 0.0
1070 0.0
1071 0.0
1072 0.0
1073 0.0
1074 0.0
1075 0.0
1076 0.0
1077 0.0
1078 0.0
1079 0.0
1080 0.0
1081 0.0
1082 0.0
1083 0.0
1084 0.0
1085 0.0
1086 0.0
1087 0.0
1088 0.0
1089 0.0
1090 0.0
1091 0.0
1092 0.0
1093 0.0
1094 0.0
1095 0.0
1096 0.0
1097 0.0
1098 0.0
1099 0.0
1100 0.0
