LED_PC_Amber_1766K_La_Palma_Wave_Tecnica_Canaria
380 1.1e-07
381 0.0
382 0.0
383 0.0
384 0.0
385 0.0
386 0.0
387 0.00016224
388 0.0
389 0.0
390 0.0
391 0.00019274
392 0.0
393 0.0
394 0.0
395 5.478e-05
396 0.0
397 0.0
398 0.00042174
399 0.0
400 0.0
401 0.0
402 0.00048625
403 0.00120317
404 0.0002888
405 0.0
406 0.0003141
407 0.0
408 0.0
409 0.0
410 0.00018777
411 1.749e-05
412 0.00080213
413 0.00152531
414 0.00039752
415 0.0
416 0.0
417 0.0
418 4.044e-05
419 0.0
420 9.9e-07
421 0.00064869
422 0.00051141
423 0.00033672
424 0.0
425 0.00014009
426 0.0005403
427 0.00140595
428 1.272e-05
429 0.00061767
430 0.00075829
431 0.00181434
432 0.00160121
433 0.00310721
434 0.00447161
435 0.00333158
436 0.0034893
437 0.00411936
438 0.0060871
439 0.00649966
440 0.00696064
441 0.0068896
442 0.00693223
443 0.00724667
444 0.00595001
445 0.00858257
446 0.00724294
447 0.00651881
448 0.00731787
449 0.00733776
450 0.00691982
451 0.00615712
452 0.00582599
453 0.00548193
454 0.00653626
455 0.004866
456 0.00523673
457 0.00487154
458 0.00487653
459 0.00505755
460 0.00442814
461 0.00450809
462 0.00350163
463 0.00304368
464 0.00361549
465 0.00461807
466 0.00335216
467 0.00366173
468 0.00404388
469 0.00532263
470 0.00360937
471 0.00431579
472 0.00274722
473 0.00138775
474 0.00323548
475 0.00342848
476 0.0034499
477 0.00356824
478 0.00213262
479 0.00198187
480 0.00068677
481 0.00150231
482 0.00224579
483 0.00176555
484 0.002019
485 0.0005873
486 0.00217325
487 0.001305
488 0.00198594
489 0.00105471
490 0.00060475
491 0.0014727
492 0.00066199
493 0.00060393
494 0.00103611
495 0.00106918
496 0.00132288
497 0.00128111
498 0.00178129
499 0.00123319
500 0.00152178
501 0.0015044
502 0.00143307
503 0.00203567
504 0.00193413
505 0.00212878
506 0.00235623
507 0.00278752
508 0.00314261
509 0.00291612
510 0.00369292
511 0.00405944
512 0.00409388
513 0.00461029
514 0.00520915
515 0.00580062
516 0.00724811
517 0.00806816
518 0.00998209
519 0.01046673
520 0.0116685
521 0.0129361
522 0.01451849
523 0.01661519
524 0.01880355
525 0.02052569
526 0.02387501
527 0.02577362
528 0.02857533
529 0.03240101
530 0.03581247
531 0.03994623
532 0.04584811
533 0.04899551
534 0.05475263
535 0.06076245
536 0.06570463
537 0.0741764
538 0.08016772
539 0.09022263
540 0.09480044
541 0.10676677
542 0.1195446
543 0.1291527
544 0.1399877
545 0.15425738
546 0.16493254
547 0.18007469
548 0.19380516
549 0.20865856
550 0.22654857
551 0.24353765
552 0.26148565
553 0.28152607
554 0.3042983
555 0.32346758
556 0.34476078
557 0.37116751
558 0.39014355
559 0.42043495
560 0.43923298
561 0.46956175
562 0.48907229
563 0.51196507
564 0.53357158
565 0.55314459
566 0.57858725
567 0.60729153
568 0.62464768
569 0.6527168
570 0.67564412
571 0.69514209
572 0.71636293
573 0.7395148
574 0.76016036
575 0.78584092
576 0.80099009
577 0.81367092
578 0.83419813
579 0.85644426
580 0.87346377
581 0.89070353
582 0.90824279
583 0.91661588
584 0.92034359
585 0.93992061
586 0.95146313
587 0.96882993
588 0.97577693
589 0.98070374
590 0.98023821
591 0.98459849
592 0.98918508
593 1.0
594 0.99391634
595 0.99743981
596 0.99391551
597 0.99500474
598 0.98759281
599 0.99167116
600 0.98566146
601 0.9818448
602 0.97711688
603 0.97845026
604 0.9816658
605 0.96134086
606 0.95103162
607 0.93868675
608 0.93124561
609 0.91873168
610 0.90728942
611 0.90832109
612 0.8898745
613 0.87292872
614 0.86317047
615 0.86013118
616 0.84757927
617 0.83317541
618 0.83018071
619 0.82040089
620 0.8059966
621 0.79040492
622 0.77512281
623 0.76501993
624 0.75446966
625 0.73747611
626 0.72604764
627 0.71465567
628 0.702973
629 0.68713938
630 0.6689476
631 0.65789569
632 0.64684874
633 0.62862789
634 0.61221841
635 0.59939168
636 0.5899621
637 0.57910345
638 0.56052013
639 0.54752598
640 0.52908141
641 0.52142173
642 0.51042655
643 0.50030506
644 0.48941148
645 0.47980603
646 0.46364206
647 0.45293245
648 0.4448385
649 0.42899766
650 0.41762782
651 0.40902894
652 0.39865257
653 0.39095674
654 0.3795209
655 0.36334357
656 0.35570438
657 0.34136721
658 0.3348017
659 0.32627123
660 0.31891256
661 0.30845016
662 0.30156803
663 0.28722213
664 0.2842351
665 0.27700742
666 0.26769188
667 0.26078322
668 0.25128812
669 0.24409811
670 0.23823454
671 0.23007182
672 0.21993056
673 0.21694991
674 0.21033333
675 0.20511681
676 0.19792578
677 0.1908927
678 0.18569509
679 0.1828387
680 0.17268672
681 0.17063975
682 0.16327025
683 0.15868932
684 0.15394521
685 0.14838019
686 0.14097533
687 0.13567013
688 0.13435749
689 0.13151192
690 0.12370663
691 0.1231424
692 0.1156809
693 0.11667094
694 0.11022352
695 0.10993424
696 0.10315596
697 0.10024653
698 0.0967238
699 0.0946528
700 0.09076749
701 0.08709371
702 0.08605933
703 0.08470645
704 0.08054746
705 0.07513244
706 0.07427968
707 0.07503584
708 0.07044947
709 0.06514269
710 0.06745351
711 0.06305909
712 0.05881336
713 0.05998185
714 0.05818143
715 0.05423044
716 0.05386821
717 0.05249075
718 0.05246952
719 0.04972101
720 0.04674747
721 0.04336822
722 0.04417157
723 0.04566073
724 0.04101028
725 0.04039677
726 0.0371037
727 0.03788341
728 0.03731169
729 0.04038566
730 0.03483193
731 0.03491135
732 0.0359445
733 0.02986817
734 0.0314805
735 0.02953893
736 0.02713384
737 0.02747939
738 0.02333071
739 0.02715016
740 0.02191344
741 0.02363991
742 0.02303727
743 0.01964079
744 0.02289691
745 0.02001132
746 0.02009187
747 0.01454451
748 0.01843758
749 0.01541499
750 0.01686711
751 0.01660244
752 0.01385926
753 0.01466248
754 0.01459266
755 0.01344126
756 0.01173483
757 0.01320258
758 0.01070044
759 0.01250079
760 0.01063015
761 0.01084519
762 0.00622553
763 0.01261675
764 0.00538941
765 0.01241621
766 0.00983121
767 0.00960089
768 0.00308044
769 0.0078271
770 0.00338102
771 0.00588394
772 0.00620132
773 0.00602036
774 0.00779855
775 0.0068497
776 0.00615104
777 0.00321132
778 0.00378442
779 0.00826039
780 0.00105481
781 0.00395532
782 0.00156643
783 0.00479024
784 0.00421578
785 0.00622753
786 0.0017314
787 0.00084053
788 0.00247485
789 0.00278279
790 0.00479154
791 0.00251451
792 0.00267998
793 0.00093572
794 0.00448801
795 0.00348232
796 0.00022923
797 0.0
798 0.00042842
799 0.000151
800 0.00697727
801 0.00043672
802 0.0021157
803 0.0
804 0.00239965
805 0.00360867
806 0.00133061
807 0.00196669
808 0.00101345
809 0.00348613
810 0.00451093
811 0.0043755
812 0.00060512
813 0.00317157
814 0.00027267
815 0.00060546
816 0.00612111
817 0.00315753
818 0.00630592
819 0.00047972
820 0.00191776
821 0.0
822 0.00186897
823 0.00447919
824 0.00147208
825 0.00191953
826 0.00125319
827 0.00175099
828 0.00234487
829 0.0
830 0.0
831 0.0
832 0.0
833 7.277e-05
834 0.0
835 0.00217185
836 0.0
837 0.0
838 0.0
839 0.0
840 0.00699173
841 0.0
842 0.000309
843 0.00062722
844 0.0
845 0.00028181
846 0.0
847 0.0
848 0.0001031
849 0.00141884
850 0.0042085
851 0.00081336
852 0.0
853 0.0
854 0.00444349
855 0.0
856 0.00377685
857 0.0
858 5.616e-05
859 0.0
860 7.7e-07
861 0.0
862 1.015e-05
863 0.00055404
864 0.0
865 0.00228549
866 0.0
867 0.0
868 0.008122
869 0.00049294
870 0.0
871 0.00031796
872 2.34e-06
873 0.0
874 0.0
875 0.0003828
876 0.0
877 0.0
878 0.0
879 3.997e-05
880 0.0004031
881 0.0
882 0.0
883 0.0
884 0.0
885 0.00167019
886 0.0
887 0.0
888 0.00411927
889 0.0
890 0.00726187
891 0.0
892 0.00399025
893 0.0
894 0.0
895 0.00288503
896 0.00183404
897 0.0
898 0.00449208
899 0.00020075
900 0.0
901 0.0
902 0.0
903 0.0
904 0.0
905 0.0
906 0.0
907 0.0
908 0.0
909 0.0
910 0.0
911 0.0
912 0.0
913 0.0
914 0.0
915 0.0
916 0.0
917 0.0
918 0.0
919 0.0
920 0.0
921 0.0
922 0.0
923 0.0
924 0.0
925 0.0
926 0.0
927 0.0
928 0.0
929 0.0
930 0.0
931 0.0
932 0.0
933 0.0
934 0.0
935 0.0
936 0.0
937 0.0
938 0.0
939 0.0
940 0.0
941 0.0
942 0.0
943 0.0
944 0.0
945 0.0
946 0.0
947 0.0
948 0.0
949 0.0
950 0.0
951 0.0
952 0.0
953 0.0
954 0.0
955 0.0
956 0.0
957 0.0
958 0.0
959 0.0
960 0.0
961 0.0
962 0.0
963 0.0
964 0.0
965 0.0
966 0.0
967 0.0
968 0.0
969 0.0
970 0.0
971 0.0
972 0.0
973 0.0
974 0.0
975 0.0
976 0.0
977 0.0
978 0.0
979 0.0
980 0.0
981 0.0
982 0.0
983 0.0
984 0.0
985 0.0
986 0.0
987 0.0
988 0.0
989 0.0
990 0.0
991 0.0
992 0.0
993 0.0
994 0.0
995 0.0
996 0.0
997 0.0
998 0.0
999 0.0
1000 0.0
1001 0.0
1002 0.0
1003 0.0
1004 0.0
1005 0.0
1006 0.0
1007 0.0
1008 0.0
1009 0.0
1010 0.0
1011 0.0
1012 0.0
1013 0.0
1014 0.0
1015 0.0
1016 0.0
1017 0.0
1018 0.0
1019 0.0
1020 0.0
1021 0.0
1022 0.0
1023 0.0
1024 0.0
1025 0.0
1026 0.0
1027 0.0
1028 0.0
1029 0.0
1030 0.0
1031 0.0
1032 0.0
1033 0.0
1034 0.0
1035 0.0
1036 0.0
1037 0.0
1038 0.0
1039 0.0
1040 0.0
1041 0.0
1042 0.0
1043 0.0
1044 0.0
1045 0.0
1046 0.0
1047 0.0
1048 0.0
1049 0.0
1050 0.0
1051 0.0
1052 0.0
1053 0.0
1054 0.0
1055 0.0
1056 0.0
1057 0.0
1058 0.0
1059 0.0
1060 0.0
1061 0.0
1062 0.0
1063 0.0
1064 0.0
1065 0.0
1066 0.0
1067 0.0
1068 0.0
1069 0.0
1070 0.0
1071 0.0
1072 0.0
1073 0.0
1074 0.0
1075 0.0
1076 0.0
1077 0.0
1078 0.0
1079 0.0
1080 0.0
1081 0.0
1082 0.0
1083 0.0
1084 0.0
1085 0.0
1086 0.0
1087 0.0
1088 0.0
1089 0.0
1090 0.0
1091 0.0
1092 0.0
1093 0.0
1094 0.0
1095 0.0
1096 0.0
1097 0.0
1098 0.0
1099 0.0
1100 0.0
