LED_PC_Amber_1901K_Wave_Tecnica_Canaria
380 0.00059112
381 0.0
382 0.00166572
383 0.00186204
384 0.00036024
385 1.669e-05
386 0.00092802
387 0.00228821
388 0.0
389 0.00110032
390 0.0
391 0.0
392 6.376e-05
393 0.0007099
394 0.00094668
395 0.00083366
396 9.27e-06
397 0.00033559
398 0.00205156
399 0.00065386
400 0.0
401 0.00159806
402 0.00022727
403 0.0
404 0.00061071
405 0.00224613
406 0.0
407 0.0
408 0.0
409 0.0
410 0.00053462
411 7.095e-05
412 0.00032968
413 0.00039855
414 0.0
415 0.00117189
416 0.00057227
417 0.00037086
418 0.00020147
419 0.00017581
420 0.0
421 0.00205125
422 0.00248447
423 0.00054391
424 0.0014358
425 0.00020282
426 0.0
427 4.505e-05
428 0.00211322
429 0.00026019
430 0.00192488
431 0.0016223
432 0.00293802
433 0.00101871
434 0.00180017
435 0.00420667
436 0.00133909
437 0.00379542
438 0.00466954
439 0.0026611
440 0.00629656
441 0.00629628
442 0.00713769
443 0.00694781
444 0.00603722
445 0.00613325
446 0.00870885
447 0.00733377
448 0.00904942
449 0.00633858
450 0.00749306
451 0.006107
452 0.00764601
453 0.0059293
454 0.0052845
455 0.0044365
456 0.0051373
457 0.00434709
458 0.00077431
459 0.00397937
460 0.00293169
461 0.00414238
462 0.00063423
463 0.00269985
464 0.00156777
465 0.00361315
466 0.00287231
467 0.0026095
468 0.00341607
469 0.00183178
470 0.00264381
471 0.00102754
472 0.00263931
473 0.00080369
474 0.00106523
475 0.00193955
476 0.00291031
477 0.00171639
478 0.00164225
479 0.00231543
480 0.00218339
481 0.00284238
482 0.00089154
483 0.00266595
484 0.00198618
485 0.003754
486 0.00291758
487 0.00347814
488 0.00283103
489 0.00182468
490 0.00313386
491 0.00309756
492 0.00495025
493 0.00402093
494 0.00427695
495 0.00468123
496 0.00531073
497 0.00572547
498 0.00577535
499 0.00765668
500 0.00797983
501 0.00981524
502 0.00904233
503 0.01147257
504 0.01272165
505 0.01238434
506 0.01322238
507 0.01420651
508 0.01662302
509 0.01640828
510 0.01842043
511 0.02034607
512 0.02087397
513 0.0237072
514 0.02514987
515 0.02718995
516 0.02831311
517 0.03121822
518 0.03381276
519 0.03518284
520 0.03748379
521 0.04134782
522 0.04447683
523 0.0468066
524 0.05088745
525 0.05278399
526 0.05690805
527 0.06038151
528 0.0657881
529 0.0720432
530 0.07721904
531 0.08223441
532 0.08894175
533 0.09181244
534 0.10074035
535 0.10879269
536 0.11496878
537 0.12512171
538 0.13357542
539 0.14546602
540 0.15430355
541 0.16717651
542 0.17896362
543 0.19056897
544 0.2050178
545 0.22150868
546 0.23244677
547 0.2468412
548 0.2670672
549 0.27975549
550 0.29862843
551 0.3266645
552 0.3425029
553 0.36122419
554 0.38312592
555 0.40518223
556 0.43463641
557 0.45591036
558 0.48515905
559 0.50738577
560 0.5325354
561 0.56409546
562 0.58031958
563 0.59900655
564 0.62494192
565 0.64819922
566 0.66572627
567 0.69340072
568 0.71234939
569 0.73950821
570 0.75226848
571 0.7750821
572 0.79495736
573 0.8050157
574 0.82808822
575 0.83802909
576 0.85207955
577 0.8717732
578 0.88730804
579 0.89411673
580 0.9058716
581 0.9175598
582 0.93408656
583 0.94530087
584 0.95018747
585 0.97172725
586 0.97231775
587 0.97759231
588 0.98267144
589 0.98821823
590 0.98692833
591 0.98501796
592 0.99291414
593 0.99110485
594 0.99297952
595 1.0
596 0.99238467
597 0.98874012
598 0.9845546
599 0.98919717
600 0.9879065
601 0.97936254
602 0.97193901
603 0.96734643
604 0.96740045
605 0.95547956
606 0.93825696
607 0.93613432
608 0.9234142
609 0.91195182
610 0.90338039
611 0.90103876
612 0.87795036
613 0.87359791
614 0.86534508
615 0.86295505
616 0.85477387
617 0.84384973
618 0.84039657
619 0.82669731
620 0.82679261
621 0.79944892
622 0.78674701
623 0.77810558
624 0.76666489
625 0.75244548
626 0.7395751
627 0.72507075
628 0.71726796
629 0.69865622
630 0.69449007
631 0.67263991
632 0.65240675
633 0.65045011
634 0.63594876
635 0.62884438
636 0.60352366
637 0.59280545
638 0.58686981
639 0.57153643
640 0.56296599
641 0.54336757
642 0.53839313
643 0.5140649
644 0.50994745
645 0.49847441
646 0.49339919
647 0.47797695
648 0.46162742
649 0.45742633
650 0.44833467
651 0.43215107
652 0.41701144
653 0.41456003
654 0.40323136
655 0.38785139
656 0.38067537
657 0.37069649
658 0.35698395
659 0.35149648
660 0.33780583
661 0.3365124
662 0.32429411
663 0.31299128
664 0.30755385
665 0.29590278
666 0.28914098
667 0.27756442
668 0.27452531
669 0.26467699
670 0.26165661
671 0.25409608
672 0.24729769
673 0.23659806
674 0.234969
675 0.22739355
676 0.21429459
677 0.21644344
678 0.20485534
679 0.19904136
680 0.19544566
681 0.18884871
682 0.1803018
683 0.17793862
684 0.17230914
685 0.16952136
686 0.15796173
687 0.15998791
688 0.15494175
689 0.14778611
690 0.14312591
691 0.14346632
692 0.13998004
693 0.13432399
694 0.13203066
695 0.12576416
696 0.12504578
697 0.12117698
698 0.11255998
699 0.11128582
700 0.11222029
701 0.1050548
702 0.10324172
703 0.09626123
704 0.09848875
705 0.09444863
706 0.09165485
707 0.08737292
708 0.08579571
709 0.08036954
710 0.08083855
711 0.08037292
712 0.07709968
713 0.07597158
714 0.07502485
715 0.06812867
716 0.06896551
717 0.06293196
718 0.06693696
719 0.05855865
720 0.06018539
721 0.05595223
722 0.05742366
723 0.05573089
724 0.05247578
725 0.05341716
726 0.051405
727 0.04736764
728 0.04744208
729 0.04809031
730 0.04411326
731 0.0420133
732 0.0386724
733 0.03931043
734 0.03849597
735 0.03103471
736 0.03464519
737 0.03244789
738 0.03201814
739 0.0327449
740 0.0321958
741 0.03283962
742 0.02996506
743 0.02848852
744 0.02885194
745 0.02641876
746 0.02494771
747 0.02893923
748 0.02068284
749 0.02504458
750 0.02416297
751 0.01720714
752 0.02263381
753 0.02024353
754 0.0176618
755 0.0206287
756 0.02170477
757 0.01940542
758 0.01870684
759 0.01685067
760 0.01605578
761 0.01766288
762 0.01615307
763 0.01426097
764 0.00946898
765 0.0159657
766 0.01280938
767 0.01243003
768 0.01813791
769 0.00781674
770 0.00790779
771 0.00640613
772 0.01256009
773 0.00980006
774 0.01276894
775 0.01260086
776 0.01619148
777 0.01235709
778 0.00420442
779 0.01050614
780 0.00799592
781 0.00884505
782 0.00880335
783 0.0032333
784 0.00120556
785 0.00329523
786 0.00403134
787 0.00530975
788 0.01140153
789 0.00689304
790 0.00409298
791 0.00296738
792 0.00589833
793 0.00232461
794 0.00822739
795 0.00955547
796 0.00730235
797 0.00508733
798 0.00179373
799 0.00696046
800 4.165e-05
801 0.00451982
802 0.00222261
803 0.00343331
804 0.00481484
805 0.01018592
806 0.00696636
807 0.00890852
808 0.0
809 0.0
810 0.00113253
811 4.079e-05
812 0.00694827
813 0.00675112
814 0.00223627
815 0.0
816 0.00308116
817 0.00218711
818 0.00300747
819 0.00068817
820 0.00722734
821 0.00363382
822 0.00223944
823 0.00559627
824 0.00943423
825 0.0039512
826 0.00987019
827 0.0006008
828 0.00526553
829 0.0
830 0.0
831 0.00145666
832 0.00432011
833 0.0
834 0.00470885
835 0.0
836 0.00018343
837 0.0
838 9.171e-05
839 0.00364861
840 0.01033099
841 0.0
842 0.0
843 0.00018926
844 6.8e-06
845 0.01110425
846 2.813e-05
847 0.00019943
848 0.00335832
849 0.0
850 0.00182574
851 0.0
852 0.0
853 1.1e-07
854 0.00941962
855 0.0
856 0.01043739
857 0.00084359
858 9.155e-05
859 0.0
860 0.0
861 0.0
862 0.0
863 0.0
864 0.00070586
865 0.0
866 0.00283302
867 0.0132955
868 0.0
869 0.00120681
870 0.00884942
871 0.0
872 6.222e-05
873 0.00176833
874 0.0
875 0.0
876 0.00046921
877 0.0
878 0.0
879 0.00224231
880 0.00093149
881 0.00118303
882 0.00146489
883 0.00436329
884 0.0
885 0.0073336
886 0.0
887 0.0
888 0.00797383
889 0.00654574
890 0.00404696
891 0.0
892 0.00245054
893 0.0
894 0.0
895 0.0
896 0.0
897 0.0
898 0.0
899 0.00492794
900 0.0
901 0.0
902 0.0
903 0.0
904 0.0
905 0.0
906 0.0
907 0.0
908 0.0
909 0.0
910 0.0
911 0.0
912 0.0
913 0.0
914 0.0
915 0.0
916 0.0
917 0.0
918 0.0
919 0.0
920 0.0
921 0.0
922 0.0
923 0.0
924 0.0
925 0.0
926 0.0
927 0.0
928 0.0
929 0.0
930 0.0
931 0.0
932 0.0
933 0.0
934 0.0
935 0.0
936 0.0
937 0.0
938 0.0
939 0.0
940 0.0
941 0.0
942 0.0
943 0.0
944 0.0
945 0.0
946 0.0
947 0.0
948 0.0
949 0.0
950 0.0
951 0.0
952 0.0
953 0.0
954 0.0
955 0.0
956 0.0
957 0.0
958 0.0
959 0.0
960 0.0
961 0.0
962 0.0
963 0.0
964 0.0
965 0.0
966 0.0
967 0.0
968 0.0
969 0.0
970 0.0
971 0.0
972 0.0
973 0.0
974 0.0
975 0.0
976 0.0
977 0.0
978 0.0
979 0.0
980 0.0
981 0.0
982 0.0
983 0.0
984 0.0
985 0.0
986 0.0
987 0.0
988 0.0
989 0.0
990 0.0
991 0.0
992 0.0
993 0.0
994 0.0
995 0.0
996 0.0
997 0.0
998 0.0
999 0.0
1000 0.0
1001 0.0
1002 0.0
1003 0.0
1004 0.0
1005 0.0
1006 0.0
1007 0.0
1008 0.0
1009 0.0
1010 0.0
1011 0.0
1012 0.0
1013 0.0
1014 0.0
1015 0.0
1016 0.0
1017 0.0
1018 0.0
1019 0.0
1020 0.0
1021 0.0
1022 0.0
1023 0.0
1024 0.0
1025 0.0
1026 0.0
1027 0.0
1028 0.0
1029 0.0
1030 0.0
1031 0.0
1032 0.0
1033 0.0
1034 0.0
1035 0.0
1036 0.0
1037 0.0
1038 0.0
1039 0.0
1040 0.0
1041 0.0
1042 0.0
1043 0.0
1044 0.0
1045 0.0
1046 0.0
1047 0.0
1048 0.0
1049 0.0
1050 0.0
1051 0.0
1052 0.0
1053 0.0
1054 0.0
1055 0.0
1056 0.0
1057 0.0
1058 0.0
1059 0.0
1060 0.0
1061 0.0
1062 0.0
1063 0.0
1064 0.0
1065 0.0
1066 0.0
1067 0.0
1068 0.0
1069 0.0
1070 0.0
1071 0.0
1072 0.0
1073 0.0
1074 0.0
1075 0.0
1076 0.0
1077 0.0
1078 0.0
1079 0.0
1080 0.0
1081 0.0
1082 0.0
1083 0.0
1084 0.0
1085 0.0
1086 0.0
1087 0.0
1088 0.0
1089 0.0
1090 0.0
1091 0.0
1092 0.0
1093 0.0
1094 0.0
1095 0.0
1096 0.0
1097 0.0
1098 0.0
1099 0.0
1100 0.0
