LED_PC_Amber_2071K_Philips_Filtered
380 0.0
381 0.0
382 0.00059154
383 0.00023957
384 0.00038212
385 0.0001799
386 0.00010422
387 0.0
388 0.0
389 3.465e-05
390 0.00088953
391 0.0
392 2.821e-05
393 0.0
394 0.00161989
395 0.0
396 0.0001929
397 0.00016058
398 0.00054996
399 5.027e-05
400 4.809e-05
401 0.00034916
402 0.00122522
403 0.00112313
404 0.0
405 0.0
406 0.0
407 0.00058526
408 4.45e-06
409 0.0
410 0.0
411 0.0
412 0.00141194
413 3.912e-05
414 0.0
415 0.00044905
416 4.75e-06
417 0.0
418 0.00011265
419 0.00014429
420 1.1e-07
421 0.00079798
422 0.0
423 0.00040367
424 0.00180707
425 0.00091772
426 0.0006887
427 0.00163449
428 0.0
429 0.00062289
430 0.00099888
431 0.00073327
432 7.179e-05
433 0.00071841
434 0.00061751
435 0.00011768
436 5.551e-05
437 0.00064495
438 0.00050737
439 0.00138147
440 0.00054273
441 0.00090811
442 7.147e-05
443 8.2e-07
444 0.00178928
445 0.00013553
446 3.84e-06
447 0.0
448 0.0005752
449 0.00076373
450 7e-08
451 0.0
452 0.00063772
453 5.912e-05
454 2.367e-05
455 5.458e-05
456 0.00057252
457 0.00058565
458 0.0
459 0.00103129
460 0.00176033
461 1.267e-05
462 0.0
463 0.0003887
464 0.00140894
465 5.848e-05
466 0.0
467 0.00044789
468 0.00086015
469 0.00037966
470 0.00023364
471 0.0
472 1.759e-05
473 0.0
474 2.17e-06
475 0.00099007
476 0.00037023
477 0.00035022
478 5.49e-06
479 0.00014096
480 0.00116943
481 0.00017384
482 0.00094972
483 8.38e-06
484 0.00019614
485 0.00050863
486 0.00099006
487 0.00049892
488 0.00047623
489 4.416e-05
490 0.00054699
491 0.00123432
492 0.00034109
493 0.00106444
494 0.00159607
495 0.00059347
496 0.00092038
497 0.00134974
498 0.00199487
499 0.00178361
500 0.00209905
501 0.00248511
502 0.0030267
503 0.00347269
504 0.00284566
505 0.00383636
506 0.00478122
507 0.00513725
508 0.0051015
509 0.00598625
510 0.00657346
511 0.00813571
512 0.00753126
513 0.01071459
514 0.01031515
515 0.01346597
516 0.01370476
517 0.01613952
518 0.01920294
519 0.0212112
520 0.02387636
521 0.02793312
522 0.03063949
523 0.03647696
524 0.04104531
525 0.04674066
526 0.05247787
527 0.05966024
528 0.06931064
529 0.07798572
530 0.08681834
531 0.09876444
532 0.10952624
533 0.12235589
534 0.13954426
535 0.15341044
536 0.16922907
537 0.18260233
538 0.20247987
539 0.22069026
540 0.24166344
541 0.26062918
542 0.28481075
543 0.30808057
544 0.32462679
545 0.34888367
546 0.36801478
547 0.39230311
548 0.4138712
549 0.4399808
550 0.46086043
551 0.4822852
552 0.51110231
553 0.53139584
554 0.55449184
555 0.56614561
556 0.59877434
557 0.6233421
558 0.64567021
559 0.66663387
560 0.68792683
561 0.70742445
562 0.72574245
563 0.74022939
564 0.75191953
565 0.76769648
566 0.79207729
567 0.80679291
568 0.82058865
569 0.84084323
570 0.84130756
571 0.859685
572 0.87187719
573 0.88518117
574 0.8954631
575 0.9075326
576 0.91983295
577 0.91967749
578 0.92859725
579 0.93662112
580 0.9430308
581 0.95315981
582 0.9625276
583 0.97081975
584 0.98490198
585 0.98836729
586 0.98624811
587 0.98628421
588 0.99956617
589 0.99509862
590 0.99249095
591 0.99614343
592 0.99469319
593 1.0
594 0.99260457
595 0.99034705
596 0.99081176
597 0.97820261
598 0.98110677
599 0.97574072
600 0.97945102
601 0.97185752
602 0.96919608
603 0.96528443
604 0.963009
605 0.94532756
606 0.93854776
607 0.92074788
608 0.91102746
609 0.90694244
610 0.89229881
611 0.886933
612 0.87486799
613 0.8636701
614 0.85702143
615 0.85852365
616 0.83946857
617 0.83359452
618 0.83235405
619 0.81965818
620 0.80812856
621 0.79649265
622 0.7766122
623 0.7701285
624 0.75581581
625 0.7488134
626 0.73496899
627 0.71845698
628 0.70661284
629 0.69412471
630 0.68350728
631 0.66023973
632 0.65240429
633 0.63308656
634 0.62735719
635 0.60756045
636 0.60074593
637 0.58415815
638 0.57008172
639 0.55527496
640 0.54838963
641 0.54146129
642 0.53086494
643 0.51245734
644 0.49924579
645 0.4934661
646 0.48227112
647 0.46403334
648 0.4622437
649 0.44584885
650 0.42747157
651 0.42753428
652 0.4140046
653 0.40401761
654 0.39992271
655 0.38144915
656 0.37300746
657 0.36410712
658 0.35296312
659 0.348396
660 0.33579623
661 0.33549375
662 0.32157733
663 0.31796407
664 0.30472531
665 0.30171258
666 0.29024868
667 0.28523498
668 0.27570306
669 0.27025187
670 0.26778388
671 0.25116718
672 0.25264031
673 0.24403082
674 0.23768686
675 0.23094488
676 0.22460405
677 0.2200181
678 0.21285488
679 0.20109705
680 0.19994803
681 0.19098213
682 0.18964707
683 0.1813373
684 0.17894138
685 0.17535455
686 0.16605705
687 0.16788694
688 0.15856659
689 0.14948415
690 0.14829327
691 0.14632903
692 0.14502539
693 0.14180809
694 0.13380636
695 0.13211546
696 0.12794538
697 0.12487122
698 0.12011993
699 0.11786652
700 0.11894899
701 0.11170492
702 0.10669432
703 0.10949766
704 0.10199684
705 0.09718865
706 0.09185563
707 0.09125701
708 0.09328307
709 0.08991429
710 0.08415663
711 0.08311182
712 0.07978703
713 0.07661994
714 0.07752586
715 0.07911467
716 0.06752889
717 0.06953479
718 0.06719884
719 0.06582227
720 0.06841723
721 0.06813848
722 0.05967177
723 0.0550095
724 0.05826187
725 0.05578109
726 0.05593362
727 0.06017127
728 0.04898186
729 0.05350486
730 0.04536995
731 0.04954369
732 0.04776577
733 0.04584902
734 0.04137873
735 0.04419327
736 0.04244565
737 0.04191278
738 0.03867749
739 0.0384718
740 0.03470714
741 0.03720147
742 0.03417103
743 0.03414969
744 0.03530829
745 0.03471397
746 0.02847653
747 0.03152464
748 0.03025332
749 0.02862046
750 0.02681779
751 0.0282997
752 0.02820624
753 0.02579646
754 0.0224598
755 0.02187492
756 0.02081808
757 0.02056615
758 0.02317557
759 0.02360925
760 0.02078068
761 0.02196776
762 0.01784801
763 0.02442137
764 0.02181048
765 0.01522541
766 0.02048199
767 0.01900446
768 0.02057043
769 0.01400902
770 0.01244471
771 0.01486974
772 0.01176092
773 0.0089562
774 0.01186126
775 0.01503971
776 0.01607255
777 0.01312923
778 0.00836235
779 0.01550267
780 0.0158984
781 0.0138881
782 0.01566664
783 0.01273408
784 0.01155403
785 0.00854139
786 0.007312
787 0.01007726
788 0.01501212
789 0.00299076
790 0.00248488
791 0.00350293
792 0.00543525
793 0.0140649
794 0.01140067
795 0.00778733
796 0.00766704
797 0.01033282
798 0.00682524
799 0.00306023
800 0.00269661
801 0.00026389
802 0.00194931
803 0.00484475
804 0.00699764
805 0.00768393
806 0.0050944
807 0.00097198
808 0.0057702
809 0.00429052
810 0.0056693
811 0.00920916
812 0.00202854
813 0.00339559
814 0.00536663
815 0.00654405
816 0.00690507
817 0.01102126
818 0.00193273
819 0.00165542
820 0.00114996
821 0.00153703
822 0.00300313
823 0.0023116
824 0.00134484
825 0.0046471
826 0.00231983
827 0.00315538
828 0.00123638
829 0.00215668
830 0.0080606
831 0.00541305
832 0.00124164
833 0.00385751
834 0.00696088
835 2.317e-05
836 0.0
837 4.137e-05
838 0.0
839 0.0
840 0.00555998
841 0.00311628
842 0.0
843 0.0
844 9.847e-05
845 0.00252182
846 0.0
847 0.00383326
848 0.00034394
849 0.00061521
850 0.00113405
851 0.00025708
852 0.00089635
853 0.0
854 0.00577295
855 0.0
856 0.00122825
857 0.01416869
858 0.0
859 0.00313838
860 0.0
861 0.0
862 0.00595035
863 0.0
864 0.01398249
865 0.00364746
866 0.00285512
867 6.27e-06
868 0.00677756
869 0.0
870 0.0
871 0.0
872 5.889e-05
873 0.00630325
874 0.0
875 0.0
876 0.00420297
877 0.00777221
878 0.00513559
879 0.0079176
880 0.00300244
881 0.0
882 0.00085665
883 0.00674039
884 0.0
885 0.00223452
886 0.00151367
887 0.0
888 0.01093905
889 0.01179513
890 0.00503833
891 0.00052325
892 0.00379388
893 0.00929846
894 3.915e-05
895 0.00045931
896 0.0
897 0.00411282
898 0.00363045
899 0.0
900 0.0
901 0.0
902 0.0
903 0.0
904 0.0
905 0.0
906 0.0
907 0.0
908 0.0
909 0.0
910 0.0
911 0.0
912 0.0
913 0.0
914 0.0
915 0.0
916 0.0
917 0.0
918 0.0
919 0.0
920 0.0
921 0.0
922 0.0
923 0.0
924 0.0
925 0.0
926 0.0
927 0.0
928 0.0
929 0.0
930 0.0
931 0.0
932 0.0
933 0.0
934 0.0
935 0.0
936 0.0
937 0.0
938 0.0
939 0.0
940 0.0
941 0.0
942 0.0
943 0.0
944 0.0
945 0.0
946 0.0
947 0.0
948 0.0
949 0.0
950 0.0
951 0.0
952 0.0
953 0.0
954 0.0
955 0.0
956 0.0
957 0.0
958 0.0
959 0.0
960 0.0
961 0.0
962 0.0
963 0.0
964 0.0
965 0.0
966 0.0
967 0.0
968 0.0
969 0.0
970 0.0
971 0.0
972 0.0
973 0.0
974 0.0
975 0.0
976 0.0
977 0.0
978 0.0
979 0.0
980 0.0
981 0.0
982 0.0
983 0.0
984 0.0
985 0.0
986 0.0
987 0.0
988 0.0
989 0.0
990 0.0
991 0.0
992 0.0
993 0.0
994 0.0
995 0.0
996 0.0
997 0.0
998 0.0
999 0.0
1000 0.0
1001 0.0
1002 0.0
1003 0.0
1004 0.0
1005 0.0
1006 0.0
1007 0.0
1008 0.0
1009 0.0
1010 0.0
1011 0.0
1012 0.0
1013 0.0
1014 0.0
1015 0.0
1016 0.0
1017 0.0
1018 0.0
1019 0.0
1020 0.0
1021 0.0
1022 0.0
1023 0.0
1024 0.0
1025 0.0
1026 0.0
1027 0.0
1028 0.0
1029 0.0
1030 0.0
1031 0.0
1032 0.0
1033 0.0
1034 0.0
1035 0.0
1036 0.0
1037 0.0
1038 0.0
1039 0.0
1040 0.0
1041 0.0
1042 0.0
1043 0.0
1044 0.0
1045 0.0
1046 0.0
1047 0.0
1048 0.0
1049 0.0
1050 0.0
1051 0.0
1052 0.0
1053 0.0
1054 0.0
1055 0.0
1056 0.0
1057 0.0
1058 0.0
1059 0.0
1060 0.0
1061 0.0
1062 0.0
1063 0.0
1064 0.0
1065 0.0
1066 0.0
1067 0.0
1068 0.0
1069 0.0
1070 0.0
1071 0.0
1072 0.0
1073 0.0
1074 0.0
1075 0.0
1076 0.0
1077 0.0
1078 0.0
1079 0.0
1080 0.0
1081 0.0
1082 0.0
1083 0.0
1084 0.0
1085 0.0
1086 0.0
1087 0.0
1088 0.0
1089 0.0
1090 0.0
1091 0.0
1092 0.0
1093 0.0
1094 0.0
1095 0.0
1096 0.0
1097 0.0
1098 0.0
1099 0.0
1100 0.0
