LED_PC_Amber_Ager_Ignialight
380 0.0
381 0.0
382 0.0
383 0.0
384 0.0
385 0.0
386 0.00020293
387 0.0
388 1.9e-07
389 3.067e-05
390 0.0
391 0.0
392 1.1e-07
393 0.0
394 0.0
395 8.196e-05
396 4.13e-06
397 0.0
398 0.0
399 0.0
400 7.559e-05
401 1.003e-05
402 0.0
403 0.0
404 0.0
405 0.0
406 0.0
407 0.0
408 0.0
409 0.00075027
410 0.00069979
411 0.00087827
412 0.00048404
413 0.00114989
414 0.00159818
415 0.00165361
416 0.00193145
417 0.00340356
418 0.00340928
419 0.00346779
420 0.00420981
421 0.00553859
422 0.00581624
423 0.00627262
424 0.00713536
425 0.0073809
426 0.00734566
427 0.00750817
428 0.00760213
429 0.0078817
430 0.00789157
431 0.00828686
432 0.00763725
433 0.0074774
434 0.00712932
435 0.00709684
436 0.00673609
437 0.00598819
438 0.00646053
439 0.00661045
440 0.00562738
441 0.00594314
442 0.00535369
443 0.0055501
444 0.00421426
445 0.00437991
446 0.00387444
447 0.00403122
448 0.00357109
449 0.00322502
450 0.00298497
451 0.0027294
452 0.00196651
453 0.00182292
454 0.00194742
455 0.00141373
456 0.00207436
457 0.00142715
458 0.00178178
459 0.00054827
460 0.00083685
461 0.00069264
462 0.00145149
463 0.00112355
464 0.00078274
465 0.00097787
466 0.00079119
467 0.00067307
468 0.00107091
469 0.00082135
470 0.00114215
471 0.00073573
472 0.00092949
473 0.00103237
474 0.00086981
475 0.00097619
476 0.00126805
477 0.00159849
478 0.00135339
479 0.00156921
480 0.00163774
481 0.00135617
482 0.00210827
483 0.00158037
484 0.00215506
485 0.00240578
486 0.00246559
487 0.0024686
488 0.00297373
489 0.00317587
490 0.00355306
491 0.00396108
492 0.00450619
493 0.00514098
494 0.00583165
495 0.00658989
496 0.00740746
497 0.00836958
498 0.00967571
499 0.01051052
500 0.0121885
501 0.01359998
502 0.01501227
503 0.01709555
504 0.01930692
505 0.02096249
506 0.02320699
507 0.02589798
508 0.02830563
509 0.03137365
510 0.03408924
511 0.03756451
512 0.04032981
513 0.04361801
514 0.04754021
515 0.05056998
516 0.05391673
517 0.05787753
518 0.06110177
519 0.06420129
520 0.06854139
521 0.07212104
522 0.07641671
523 0.08048695
524 0.08437298
525 0.0884975
526 0.09305001
527 0.09718466
528 0.10132877
529 0.10584332
530 0.11082769
531 0.11427779
532 0.11871818
533 0.12204372
534 0.12732886
535 0.13309325
536 0.13665955
537 0.14194323
538 0.14656784
539 0.15246595
540 0.15795087
541 0.16586443
542 0.17040522
543 0.17759957
544 0.18228989
545 0.18915223
546 0.19522523
547 0.20353959
548 0.21196465
549 0.21811316
550 0.22693895
551 0.23688562
552 0.24609859
553 0.25515901
554 0.26497089
555 0.27565507
556 0.2888171
557 0.30095181
558 0.31393588
559 0.32524417
560 0.339253
561 0.35373691
562 0.36750487
563 0.38068161
564 0.39496815
565 0.41048849
566 0.4265087
567 0.4446154
568 0.45966707
569 0.4771336
570 0.49053453
571 0.50946604
572 0.52836893
573 0.54468215
574 0.56235141
575 0.58016466
576 0.59713901
577 0.61811103
578 0.63634869
579 0.65418551
580 0.67184874
581 0.69147386
582 0.71189337
583 0.73300913
584 0.75213556
585 0.77455342
586 0.7933943
587 0.80862511
588 0.82412544
589 0.83483617
590 0.85301887
591 0.86873971
592 0.8818834
593 0.89519865
594 0.90585674
595 0.91797303
596 0.92908505
597 0.93475193
598 0.94830334
599 0.96055943
600 0.97012159
601 0.97790598
602 0.98539692
603 0.99790405
604 1.0
605 0.99737959
606 0.99967179
607 0.99743151
608 0.99643095
609 0.99455029
610 0.99413589
611 0.99432565
612 0.99044905
613 0.99068388
614 0.99126696
615 0.99456339
616 0.99232005
617 0.99035472
618 0.99575105
619 0.99121231
620 0.99127422
621 0.97577368
622 0.96825392
623 0.96453591
624 0.95533448
625 0.94962608
626 0.94221099
627 0.93110694
628 0.92446059
629 0.90923121
630 0.89509107
631 0.88612194
632 0.87484175
633 0.86213542
634 0.85499667
635 0.84216189
636 0.82849053
637 0.81853076
638 0.80302094
639 0.79132832
640 0.78177704
641 0.76814024
642 0.75757419
643 0.7428685
644 0.73321765
645 0.71572372
646 0.70686333
647 0.69651355
648 0.68641342
649 0.6765787
650 0.6606889
651 0.64744754
652 0.6373737
653 0.61986174
654 0.61016267
655 0.59790601
656 0.58714654
657 0.57407891
658 0.5643438
659 0.5526773
660 0.53940991
661 0.53445428
662 0.52191965
663 0.50967231
664 0.49838279
665 0.49160206
666 0.47882918
667 0.46808347
668 0.45856463
669 0.44904819
670 0.44235118
671 0.43511134
672 0.42364927
673 0.41711165
674 0.4054517
675 0.39660717
676 0.39122482
677 0.38203343
678 0.37272698
679 0.3645397
680 0.35862706
681 0.35143628
682 0.34325193
683 0.33550465
684 0.32659993
685 0.3214551
686 0.31484407
687 0.30739764
688 0.29928598
689 0.29215801
690 0.28471643
691 0.28095237
692 0.27585246
693 0.26881264
694 0.26208696
695 0.25760033
696 0.25008695
697 0.2425895
698 0.23715971
699 0.23167655
700 0.22774898
701 0.22438041
702 0.21757983
703 0.21448001
704 0.20776104
705 0.20191185
706 0.19472968
707 0.1896397
708 0.18515787
709 0.18152658
710 0.17696995
711 0.17391155
712 0.16821104
713 0.16412659
714 0.16023081
715 0.15575505
716 0.15079571
717 0.14673193
718 0.14470867
719 0.14003458
720 0.13569855
721 0.13473533
722 0.12948106
723 0.12759953
724 0.12294602
725 0.11911441
726 0.1156862
727 0.11120613
728 0.11042272
729 0.1064975
730 0.10363979
731 0.10184092
732 0.09865674
733 0.09545526
734 0.09244458
735 0.08964368
736 0.08756103
737 0.08575544
738 0.08290333
739 0.08131394
740 0.07962329
741 0.07737581
742 0.0750854
743 0.07300344
744 0.07033041
745 0.06900163
746 0.06687824
747 0.06510256
748 0.06185605
749 0.06042896
750 0.058431
751 0.0578264
752 0.05735071
753 0.05308439
754 0.05336485
755 0.05207374
756 0.05025884
757 0.0491253
758 0.04917015
759 0.04869862
760 0.04562007
761 0.04534229
762 0.0429884
763 0.04200527
764 0.04064782
765 0.0386193
766 0.03805205
767 0.03700185
768 0.03657274
769 0.03465151
770 0.03468151
771 0.03435361
772 0.03347208
773 0.03210989
774 0.03048452
775 0.02821077
776 0.02851362
777 0.02668723
778 0.0265069
779 0.02586454
780 0.02490846
781 0.02512728
782 0.02478841
783 0.02299398
784 0.02504808
785 0.02444345
786 0.02187748
787 0.02129995
788 0.01989129
789 0.01868018
790 0.02044488
791 0.01767941
792 0.01878642
793 0.01784559
794 0.01725167
795 0.01632166
796 0.01551926
797 0.01557202
798 0.01571382
799 0.01524211
800 0.01648761
801 0.01321326
802 0.0156117
803 0.01165
804 0.01078574
805 0.01266727
806 0.0124636
807 0.01269981
808 0.01065671
809 0.01075765
810 0.01056087
811 0.0106551
812 0.00892737
813 0.01077785
814 0.00962161
815 0.00837714
816 0.00984611
817 0.00890553
818 0.00809657
819 0.00828524
820 0.00944981
821 0.00815178
822 0.00818981
823 0.00684207
824 0.00868019
825 0.00708441
826 0.00625682
827 0.00620754
828 0.00814091
829 0.00486574
830 0.00534669
831 0.00511177
832 0.00670287
833 0.00571148
834 0.00334741
835 0.00158599
836 0.00392569
837 0.00065983
838 0.00370911
839 0.00345809
840 0.0010075
841 0.00131599
842 0.00295883
843 0.00361864
844 0.00224525
845 0.00308507
846 0.00395039
847 0.00425776
848 0.00030055
849 0.0036346
850 0.00281416
851 0.00091441
852 0.00308432
853 1e-08
854 0.00155048
855 0.00325374
856 0.00187319
857 0.00128052
858 0.00034667
859 0.00294555
860 0.00060788
861 0.0
862 0.00010535
863 0.0
864 0.00134543
865 7.022e-05
866 0.00061422
867 0.00011591
868 0.00117181
869 0.0
870 0.0002822
871 0.0
872 0.00349576
873 0.0
874 0.00011674
875 0.00121724
876 0.0
877 3.313e-05
878 0.00049773
879 0.0
880 0.00145729
881 0.00025427
882 8.449e-05
883 0.0
884 0.0
885 0.0
886 0.0
887 0.00441598
888 0.0
889 0.0
890 0.0
891 0.00031544
892 0.00290247
893 0.0
894 0.0014175
895 0.0
896 0.0
897 0.0
898 0.0
899 0.0
900 0.0
901 0.0
902 0.0
903 0.0
904 0.0
905 0.0
906 0.0
907 0.0
908 0.0
909 0.0
910 0.0
911 0.0
912 0.0
913 0.0
914 0.0
915 0.0
916 0.0
917 0.0
918 0.0
919 0.0
920 0.0
921 0.0
922 0.0
923 0.0
924 0.0
925 0.0
926 0.0
927 0.0
928 0.0
929 0.0
930 0.0
931 0.0
932 0.0
933 0.0
934 0.0
935 0.0
936 0.0
937 0.0
938 0.0
939 0.0
940 0.0
941 0.0
942 0.0
943 0.0
944 0.0
945 0.0
946 0.0
947 0.0
948 0.0
949 0.0
950 0.0
951 0.0
952 0.0
953 0.0
954 0.0
955 0.0
956 0.0
957 0.0
958 0.0
959 0.0
960 0.0
961 0.0
962 0.0
963 0.0
964 0.0
965 0.0
966 0.0
967 0.0
968 0.0
969 0.0
970 0.0
971 0.0
972 0.0
973 0.0
974 0.0
975 0.0
976 0.0
977 0.0
978 0.0
979 0.0
980 0.0
981 0.0
982 0.0
983 0.0
984 0.0
985 0.0
986 0.0
987 0.0
988 0.0
989 0.0
990 0.0
991 0.0
992 0.0
993 0.0
994 0.0
995 0.0
996 0.0
997 0.0
998 0.0
999 0.0
1000 0.0
1001 0.0
1002 0.0
1003 0.0
1004 0.0
1005 0.0
1006 0.0
1007 0.0
1008 0.0
1009 0.0
1010 0.0
1011 0.0
1012 0.0
1013 0.0
1014 0.0
1015 0.0
1016 0.0
1017 0.0
1018 0.0
1019 0.0
1020 0.0
1021 0.0
1022 0.0
1023 0.0
1024 0.0
1025 0.0
1026 0.0
1027 0.0
1028 0.0
1029 0.0
1030 0.0
1031 0.0
1032 0.0
1033 0.0
1034 0.0
1035 0.0
1036 0.0
1037 0.0
1038 0.0
1039 0.0
1040 0.0
1041 0.0
1042 0.0
1043 0.0
1044 0.0
1045 0.0
1046 0.0
1047 0.0
1048 0.0
1049 0.0
1050 0.0
1051 0.0
1052 0.0
1053 0.0
1054 0.0
1055 0.0
1056 0.0
1057 0.0
1058 0.0
1059 0.0
1060 0.0
1061 0.0
1062 0.0
1063 0.0
1064 0.0
1065 0.0
1066 0.0
1067 0.0
1068 0.0
1069 0.0
1070 0.0
1071 0.0
1072 0.0
1073 0.0
1074 0.0
1075 0.0
1076 0.0
1077 0.0
1078 0.0
1079 0.0
1080 0.0
1081 0.0
1082 0.0
1083 0.0
1084 0.0
1085 0.0
1086 0.0
1087 0.0
1088 0.0
1089 0.0
1090 0.0
1091 0.0
1092 0.0
1093 0.0
1094 0.0
1095 0.0
1096 0.0
1097 0.0
1098 0.0
1099 0.0
1100 0.0
