LED_Pure_Amber_1877K
380 0.0019105
381 0.0
382 0.00026793
383 0.0
384 0.0
385 0.00022498
386 0.0
387 0.0
388 0.0
389 0.0
390 0.0
391 0.00040732
392 0.0
393 0.0
394 0.0
395 0.0002528
396 0.0
397 0.0
398 9.493e-05
399 0.0
400 3.161e-05
401 0.0
402 0.0
403 0.0
404 0.0
405 2.775e-05
406 0.00017995
407 0.0
408 0.0
409 0.0
410 0.00047781
411 0.0
412 0.00070964
413 0.00018095
414 0.00013529
415 0.0
416 0.0
417 4.856e-05
418 0.0
419 0.0
420 3.3e-07
421 8.84e-06
422 0.00027517
423 0.0
424 0.00063812
425 0.00017753
426 0.0
427 0.00048539
428 6.771e-05
429 0.00071437
430 0.00086853
431 3.54e-06
432 9.057e-05
433 0.0
434 0.00044671
435 0.00070975
436 0.00013203
437 0.00142525
438 0.00194697
439 3.1e-07
440 0.00050165
441 4.81e-05
442 0.00038407
443 0.00110571
444 0.00057072
445 0.00077194
446 0.00036622
447 0.00331358
448 0.00301902
449 0.00109975
450 0.00252059
451 0.00167618
452 0.00131281
453 0.00299022
454 0.00199031
455 0.00245992
456 0.00239647
457 0.00279567
458 0.00207747
459 0.00237475
460 0.00078559
461 0.00042267
462 0.00133524
463 0.00129519
464 0.00043061
465 0.00011105
466 0.00046607
467 4.881e-05
468 0.00250972
469 0.00157544
470 0.00034182
471 0.00249844
472 0.00082676
473 0.0012257
474 0.00065072
475 1.189e-05
476 0.00140951
477 0.00118042
478 0.00110361
479 0.00130816
480 0.00165185
481 0.00131294
482 0.0016849
483 0.00086145
484 0.00104368
485 0.00100445
486 0.00142711
487 0.00087002
488 0.00094607
489 0.00083218
490 0.00169447
491 0.00208989
492 0.00156786
493 0.00161571
494 0.0015754
495 0.00211631
496 0.00199409
497 0.00231297
498 0.00225822
499 0.0024134
500 0.00368808
501 0.00326026
502 0.00322956
503 0.00436493
504 0.00453496
505 0.00554118
506 0.00533678
507 0.00683573
508 0.00639405
509 0.00643389
510 0.0076321
511 0.00787946
512 0.0085414
513 0.00902169
514 0.0108091
515 0.01115953
516 0.01211905
517 0.01271875
518 0.01500129
519 0.01492662
520 0.01632035
521 0.01760176
522 0.01833693
523 0.01989327
524 0.02037908
525 0.02301252
526 0.02403929
527 0.02451998
528 0.02655424
529 0.02904961
530 0.03097184
531 0.03278004
532 0.03631561
533 0.03940012
534 0.04094431
535 0.04523974
536 0.04805242
537 0.0506075
538 0.05538906
539 0.0608757
540 0.06420758
541 0.06925194
542 0.07514106
543 0.0800903
544 0.08570562
545 0.09175391
546 0.09703062
547 0.10476465
548 0.10909238
549 0.11972243
550 0.12732789
551 0.13518814
552 0.14611987
553 0.15122579
554 0.16254097
555 0.17140518
556 0.18367687
557 0.19211786
558 0.20421824
559 0.21471608
560 0.22648389
561 0.23970188
562 0.24757593
563 0.25832458
564 0.26682709
565 0.27839484
566 0.29196757
567 0.30552772
568 0.31493097
569 0.33414124
570 0.34447565
571 0.35557459
572 0.37029113
573 0.38063625
574 0.39993672
575 0.41591588
576 0.43128058
577 0.45588224
578 0.47387095
579 0.49585298
580 0.52552023
581 0.54878556
582 0.58038042
583 0.61400072
584 0.64190129
585 0.6838243
586 0.72983234
587 0.77804438
588 0.81577991
589 0.85669381
590 0.89913709
591 0.94454885
592 0.97123308
593 1.0
594 0.99914283
595 0.97645242
596 0.93494562
597 0.87557325
598 0.81264329
599 0.74817376
600 0.68857153
601 0.63459481
602 0.5966047
603 0.56032315
604 0.52388259
605 0.49038407
606 0.46232041
607 0.43864534
608 0.4195773
609 0.40149126
610 0.38981492
611 0.37089171
612 0.35947819
613 0.34914869
614 0.33581647
615 0.33415187
616 0.32565881
617 0.32187983
618 0.31566787
619 0.30679628
620 0.30586222
621 0.29320639
622 0.29105598
623 0.27956874
624 0.27646092
625 0.27232377
626 0.26697733
627 0.26276796
628 0.2552282
629 0.24997048
630 0.24564242
631 0.23726136
632 0.23387561
633 0.23381925
634 0.22418152
635 0.22129157
636 0.21543049
637 0.20787395
638 0.20869498
639 0.20294063
640 0.19471078
641 0.1907969
642 0.18701745
643 0.18084487
644 0.17899709
645 0.17361665
646 0.16976472
647 0.16880608
648 0.16376839
649 0.16078479
650 0.15446366
651 0.15507757
652 0.14667977
653 0.14718499
654 0.14080563
655 0.13623901
656 0.13161359
657 0.12934678
658 0.12763677
659 0.12055378
660 0.12011847
661 0.11390489
662 0.11467774
663 0.11152448
664 0.1031749
665 0.10353754
666 0.09779289
667 0.09681455
668 0.09475173
669 0.0938027
670 0.08928048
671 0.08860677
672 0.08734949
673 0.08258485
674 0.07784147
675 0.07645892
676 0.07561254
677 0.07488738
678 0.070323
679 0.07218528
680 0.06675574
681 0.06460781
682 0.06477689
683 0.06314419
684 0.057843
685 0.05995345
686 0.05793261
687 0.05311618
688 0.05362472
689 0.05169425
690 0.04966577
691 0.0472952
692 0.04974368
693 0.04751566
694 0.04569759
695 0.04369894
696 0.03962072
697 0.04023167
698 0.04211974
699 0.03907907
700 0.03833766
701 0.03581425
702 0.03391063
703 0.03370633
704 0.03090192
705 0.03176981
706 0.03144316
707 0.03066088
708 0.02827789
709 0.03006247
710 0.02758292
711 0.0261751
712 0.02390156
713 0.02544645
714 0.02637732
715 0.0217885
716 0.02395021
717 0.02149858
718 0.01892523
719 0.01987835
720 0.01810808
721 0.02177882
722 0.01554648
723 0.01668904
724 0.0169652
725 0.01410976
726 0.01726068
727 0.01362753
728 0.01693829
729 0.01569112
730 0.01515164
731 0.01414079
732 0.01257865
733 0.01334467
734 0.01062647
735 0.01071658
736 0.01035035
737 0.00878517
738 0.01185946
739 0.00922599
740 0.00839482
741 0.01315357
742 0.00971211
743 0.00984997
744 0.00899038
745 0.0087204
746 0.00841883
747 0.00717446
748 0.00693133
749 0.00869007
750 0.00670932
751 0.00621032
752 0.00540451
753 0.00495221
754 0.00265886
755 0.00688644
756 0.00783151
757 0.00299054
758 0.00565737
759 0.0052919
760 0.00406973
761 0.00664317
762 0.00237923
763 0.00418406
764 0.00051657
765 0.00152833
766 0.00373722
767 0.00205762
768 2.88e-05
769 0.0014507
770 0.00399848
771 0.00140884
772 0.00606557
773 0.00587036
774 0.00264095
775 0.00412733
776 0.00038578
777 0.00346546
778 7.992e-05
779 0.00117261
780 0.00082003
781 0.0
782 0.0
783 0.00426244
784 0.0
785 0.00236094
786 0.0003058
787 0.00154171
788 0.00031642
789 0.00259413
790 0.00043274
791 0.00140066
792 0.0017646
793 0.0
794 0.00319337
795 0.0
796 0.00176668
797 0.0
798 0.0
799 0.0
800 0.0
801 0.0
802 0.00369745
803 0.0
804 0.00068855
805 0.0
806 0.00090002
807 0.00132715
808 0.0
809 0.00122224
810 6.796e-05
811 0.00108891
812 0.0
813 0.0
814 0.0
815 0.0
816 0.0
817 0.00053875
818 0.00069265
819 0.0
820 0.00016381
821 0.00028772
822 0.0
823 0.0
824 0.0
825 0.0
826 0.0
827 0.00385299
828 0.0
829 0.0
830 0.00291313
831 0.0
832 0.0
833 0.0
834 0.00011101
835 0.0
836 0.0
837 1.35e-05
838 0.0
839 0.0
840 0.0
841 0.0
842 0.01397904
843 0.0
844 0.0
845 0.0
846 5.81e-06
847 0.0
848 0.0
849 0.00068478
850 0.0
851 0.0
852 0.0
853 0.0
854 0.00316011
855 6.26e-06
856 0.0
857 0.0
858 0.0
859 0.00038838
860 0.0
861 0.00170193
862 0.0
863 0.00023799
864 0.0
865 0.0
866 0.0
867 0.0
868 0.0
869 0.0
870 0.0
871 0.00225569
872 0.00701709
873 0.00357687
874 0.0
875 0.00403089
876 0.00109591
877 2.967e-05
878 0.0
879 4.497e-05
880 0.0
881 0.00059912
882 0.0
883 0.00297783
884 0.00322957
885 0.0
886 0.0
887 0.0
888 0.00024995
889 0.0
890 0.0
891 0.0003286
892 0.0
893 0.0
894 0.0
895 0.00162428
896 0.0
897 0.0
898 0.00183495
899 0.00060159
900 0.00131176
901 0.0
902 0.0
903 0.0
904 0.0
905 0.0
906 0.0
907 0.0
908 0.0
909 0.0
910 0.0
911 0.0
912 0.0
913 0.0
914 0.0
915 0.0
916 0.0
917 0.0
918 0.0
919 0.0
920 0.0
921 0.0
922 0.0
923 0.0
924 0.0
925 0.0
926 0.0
927 0.0
928 0.0
929 0.0
930 0.0
931 0.0
932 0.0
933 0.0
934 0.0
935 0.0
936 0.0
937 0.0
938 0.0
939 0.0
940 0.0
941 0.0
942 0.0
943 0.0
944 0.0
945 0.0
946 0.0
947 0.0
948 0.0
949 0.0
950 0.0
951 0.0
952 0.0
953 0.0
954 0.0
955 0.0
956 0.0
957 0.0
958 0.0
959 0.0
960 0.0
961 0.0
962 0.0
963 0.0
964 0.0
965 0.0
966 0.0
967 0.0
968 0.0
969 0.0
970 0.0
971 0.0
972 0.0
973 0.0
974 0.0
975 0.0
976 0.0
977 0.0
978 0.0
979 0.0
980 0.0
981 0.0
982 0.0
983 0.0
984 0.0
985 0.0
986 0.0
987 0.0
988 0.0
989 0.0
990 0.0
991 0.0
992 0.0
993 0.0
994 0.0
995 0.0
996 0.0
997 0.0
998 0.0
999 0.0
1000 0.0
1001 0.0
1002 0.0
1003 0.0
1004 0.0
1005 0.0
1006 0.0
1007 0.0
1008 0.0
1009 0.0
1010 0.0
1011 0.0
1012 0.0
1013 0.0
1014 0.0
1015 0.0
1016 0.0
1017 0.0
1018 0.0
1019 0.0
1020 0.0
1021 0.0
1022 0.0
1023 0.0
1024 0.0
1025 0.0
1026 0.0
1027 0.0
1028 0.0
1029 0.0
1030 0.0
1031 0.0
1032 0.0
1033 0.0
1034 0.0
1035 0.0
1036 0.0
1037 0.0
1038 0.0
1039 0.0
1040 0.0
1041 0.0
1042 0.0
1043 0.0
1044 0.0
1045 0.0
1046 0.0
1047 0.0
1048 0.0
1049 0.0
1050 0.0
1051 0.0
1052 0.0
1053 0.0
1054 0.0
1055 0.0
1056 0.0
1057 0.0
1058 0.0
1059 0.0
1060 0.0
1061 0.0
1062 0.0
1063 0.0
1064 0.0
1065 0.0
1066 0.0
1067 0.0
1068 0.0
1069 0.0
1070 0.0
1071 0.0
1072 0.0
1073 0.0
1074 0.0
1075 0.0
1076 0.0
1077 0.0
1078 0.0
1079 0.0
1080 0.0
1081 0.0
1082 0.0
1083 0.0
1084 0.0
1085 0.0
1086 0.0
1087 0.0
1088 0.0
1089 0.0
1090 0.0
1091 0.0
1092 0.0
1093 0.0
1094 0.0
1095 0.0
1096 0.0
1097 0.0
1098 0.0
1099 0.0
1100 0.0
