LED_Warm_2159K_LICA_Ignialight
380 0.00024675
381 0.0
382 0.0
383 5.48e-05
384 0.0
385 0.00017545
386 4.02e-06
387 0.00019298
388 4.896e-05
389 2.497e-05
390 1.973e-05
391 0.0002762
392 1.735e-05
393 0.00014963
394 0.00034652
395 0.00015586
396 5.17e-06
397 0.00036734
398 0.00025798
399 0.00074062
400 0.00049439
401 0.00079148
402 0.00056049
403 0.00064078
404 0.00113327
405 0.00096119
406 0.00121523
407 0.00180086
408 0.00226438
409 0.00323944
410 0.00354523
411 0.00452041
412 0.00554673
413 0.00752975
414 0.00898518
415 0.00990423
416 0.01273022
417 0.01522713
418 0.01788216
419 0.02142529
420 0.02544679
421 0.02830872
422 0.03251082
423 0.03801183
424 0.04322153
425 0.04671473
426 0.05327275
427 0.05838219
428 0.06448564
429 0.07111877
430 0.07586887
431 0.08347888
432 0.08913795
433 0.09436703
434 0.10058799
435 0.1067667
436 0.11316103
437 0.11926198
438 0.12664821
439 0.13656054
440 0.14265265
441 0.15155077
442 0.16159434
443 0.16912219
444 0.17550811
445 0.18435249
446 0.18933578
447 0.19122476
448 0.19298886
449 0.19211747
450 0.18039145
451 0.17224132
452 0.1597078
453 0.14723299
454 0.13169131
455 0.11839971
456 0.10609267
457 0.0955187
458 0.08803645
459 0.08127798
460 0.07521096
461 0.06959283
462 0.06591719
463 0.06228803
464 0.05971299
465 0.05650074
466 0.05416789
467 0.05130012
468 0.04932755
469 0.04563223
470 0.04341433
471 0.04063158
472 0.03922879
473 0.03751449
474 0.03664568
475 0.03592289
476 0.03513647
477 0.03493561
478 0.03472557
479 0.03512933
480 0.03548868
481 0.03662429
482 0.03743077
483 0.03815945
484 0.03900202
485 0.0405021
486 0.04276069
487 0.04402228
488 0.04617976
489 0.04870888
490 0.05124387
491 0.05458451
492 0.05745111
493 0.06196396
494 0.06641514
495 0.07078434
496 0.07588077
497 0.08158343
498 0.08716539
499 0.09337401
500 0.09966223
501 0.10669185
502 0.11345794
503 0.12102903
504 0.12698373
505 0.13474502
506 0.14193918
507 0.14943698
508 0.15732868
509 0.16481647
510 0.17341268
511 0.1824223
512 0.19086178
513 0.19756897
514 0.20632763
515 0.21347885
516 0.22125597
517 0.22811738
518 0.23521241
519 0.24142558
520 0.24882959
521 0.25475874
522 0.26263979
523 0.27021618
524 0.27951824
525 0.28455575
526 0.29219538
527 0.29869443
528 0.30753347
529 0.31313938
530 0.31748252
531 0.32467935
532 0.33140561
533 0.33561826
534 0.34111757
535 0.34883221
536 0.35436801
537 0.35984803
538 0.366828
539 0.37233578
540 0.37858065
541 0.38756736
542 0.39210735
543 0.40111768
544 0.40464964
545 0.41149121
546 0.41712534
547 0.42560441
548 0.43207783
549 0.43619298
550 0.44430311
551 0.45255122
552 0.46063718
553 0.46884711
554 0.47479934
555 0.48208814
556 0.49321949
557 0.50284565
558 0.512686
559 0.51771997
560 0.52902759
561 0.53918188
562 0.54459338
563 0.55125841
564 0.56026714
565 0.56829701
566 0.5790823
567 0.58901945
568 0.59549616
569 0.6057906
570 0.60951482
571 0.61892715
572 0.62924142
573 0.63746924
574 0.64429458
575 0.65298514
576 0.66149603
577 0.67268229
578 0.68183398
579 0.68971986
580 0.69884962
581 0.70929263
582 0.71955879
583 0.73272622
584 0.74518621
585 0.75798224
586 0.76775715
587 0.77653439
588 0.78547055
589 0.79239604
590 0.80427941
591 0.81349485
592 0.81889687
593 0.83196009
594 0.83774355
595 0.84955645
596 0.85574125
597 0.86143988
598 0.87456653
599 0.8830728
600 0.893763
601 0.89803149
602 0.90961712
603 0.91960953
604 0.92636523
605 0.92820921
606 0.93393808
607 0.93267365
608 0.93718491
609 0.93701552
610 0.94183371
611 0.95114033
612 0.95071051
613 0.95461848
614 0.96042063
615 0.97074431
616 0.97530914
617 0.98089688
618 0.99322084
619 0.99432957
620 1.0
621 0.99466638
622 0.99394305
623 0.99438421
624 0.9945592
625 0.99708326
626 0.99628331
627 0.99572014
628 0.9947901
629 0.9926525
630 0.98729931
631 0.98588003
632 0.97718807
633 0.97488426
634 0.97646688
635 0.97067778
636 0.96014825
637 0.95681536
638 0.95397522
639 0.94477126
640 0.93616932
641 0.93286572
642 0.93007119
643 0.91890116
644 0.91411907
645 0.90810326
646 0.90345609
647 0.89204077
648 0.88953132
649 0.88233515
650 0.87166348
651 0.86169182
652 0.85495385
653 0.84177812
654 0.83449777
655 0.82320196
656 0.81241455
657 0.80415148
658 0.79369555
659 0.7869169
660 0.77524322
661 0.76714115
662 0.75893344
663 0.74848207
664 0.73316062
665 0.72774169
666 0.71548879
667 0.70448733
668 0.69379137
669 0.68801633
670 0.67764843
671 0.66811998
672 0.65818353
673 0.65079721
674 0.63714737
675 0.6262537
676 0.61841826
677 0.6084501
678 0.59602741
679 0.588511
680 0.57975648
681 0.56914809
682 0.55826859
683 0.54874585
684 0.53871757
685 0.5295681
686 0.51928982
687 0.50957526
688 0.49902335
689 0.48794249
690 0.48240386
691 0.47185691
692 0.46576968
693 0.4568861
694 0.44528616
695 0.43899981
696 0.42962481
697 0.42003236
698 0.41079363
699 0.40395777
700 0.39846787
701 0.39274174
702 0.38424332
703 0.37407879
704 0.36368507
705 0.35812973
706 0.34867956
707 0.33993336
708 0.33135746
709 0.32368753
710 0.31876395
711 0.30956008
712 0.30094639
713 0.29279643
714 0.28628129
715 0.28072086
716 0.27184642
717 0.26626927
718 0.26043829
719 0.25479182
720 0.24787393
721 0.24232119
722 0.23663946
723 0.22816485
724 0.22283417
725 0.21713547
726 0.20957622
727 0.20452629
728 0.20048201
729 0.19392413
730 0.19061282
731 0.18404942
732 0.17970826
733 0.17510634
734 0.16891238
735 0.16711731
736 0.1615371
737 0.15603028
738 0.15426855
739 0.14879177
740 0.14543341
741 0.14191807
742 0.13601017
743 0.13168041
744 0.12904903
745 0.12430339
746 0.11915773
747 0.11511443
748 0.11185005
749 0.10941164
750 0.10692204
751 0.10384749
752 0.10068586
753 0.09676346
754 0.09396028
755 0.09227173
756 0.08912213
757 0.08831015
758 0.08480131
759 0.08212977
760 0.08053592
761 0.07878342
762 0.07873898
763 0.07346855
764 0.07142707
765 0.07057234
766 0.06624258
767 0.06530946
768 0.06420907
769 0.06040907
770 0.0600273
771 0.05734332
772 0.05411177
773 0.05392345
774 0.05359434
775 0.05075321
776 0.05081755
777 0.04680037
778 0.04629969
779 0.04460009
780 0.04461082
781 0.04324215
782 0.03994042
783 0.04123342
784 0.03995117
785 0.03728913
786 0.03558801
787 0.03757699
788 0.0346695
789 0.03434794
790 0.03293563
791 0.03211075
792 0.03213731
793 0.03107929
794 0.02819258
795 0.02762867
796 0.02932125
797 0.02536034
798 0.02433332
799 0.02613662
800 0.02158633
801 0.02357168
802 0.02391136
803 0.02371967
804 0.02066995
805 0.02142933
806 0.01926644
807 0.01909287
808 0.01978178
809 0.01744366
810 0.01767759
811 0.01582024
812 0.01812516
813 0.01873758
814 0.01484178
815 0.01666309
816 0.01592705
817 0.01395506
818 0.01362982
819 0.01261178
820 0.01358333
821 0.01281523
822 0.01207686
823 0.01101631
824 0.0121142
825 0.01066355
826 0.01217752
827 0.01151089
828 0.01172978
829 0.00991882
830 0.01007901
831 0.00913094
832 0.01022049
833 0.00781882
834 0.0059061
835 0.00541572
836 0.00680756
837 0.00801809
838 0.00477425
839 0.0069171
840 0.00464908
841 0.00694692
842 0.00714416
843 0.0037482
844 0.00579556
845 0.00698171
846 0.00510033
847 0.00771224
848 0.00422488
849 0.0047952
850 0.00150262
851 0.0010103
852 0.00437205
853 0.00239978
854 0.00289651
855 0.0040038
856 0.00430512
857 0.0037375
858 0.00442814
859 0.00159544
860 0.00409708
861 0.0018182
862 0.00039823
863 0.00474642
864 0.00383098
865 0.00243614
866 0.00238321
867 0.00042945
868 0.00136161
869 0.00050062
870 0.00372127
871 0.00025423
872 0.00149698
873 0.00188328
874 0.00013144
875 0.0035333
876 0.00235103
877 0.00072356
878 0.00021472
879 0.00053584
880 0.00107846
881 0.0
882 0.0
883 0.0
884 0.0
885 9.43e-06
886 0.0
887 1.626e-05
888 0.00017928
889 0.0
890 0.0
891 9.111e-05
892 0.0
893 0.0
894 0.00227855
895 0.00022682
896 0.00026945
897 0.00496491
898 7.978e-05
899 0.0
900 0.0
901 0.0
902 0.0
903 0.0
904 0.0
905 0.0
906 0.0
907 0.0
908 0.0
909 0.0
910 0.0
911 0.0
912 0.0
913 0.0
914 0.0
915 0.0
916 0.0
917 0.0
918 0.0
919 0.0
920 0.0
921 0.0
922 0.0
923 0.0
924 0.0
925 0.0
926 0.0
927 0.0
928 0.0
929 0.0
930 0.0
931 0.0
932 0.0
933 0.0
934 0.0
935 0.0
936 0.0
937 0.0
938 0.0
939 0.0
940 0.0
941 0.0
942 0.0
943 0.0
944 0.0
945 0.0
946 0.0
947 0.0
948 0.0
949 0.0
950 0.0
951 0.0
952 0.0
953 0.0
954 0.0
955 0.0
956 0.0
957 0.0
958 0.0
959 0.0
960 0.0
961 0.0
962 0.0
963 0.0
964 0.0
965 0.0
966 0.0
967 0.0
968 0.0
969 0.0
970 0.0
971 0.0
972 0.0
973 0.0
974 0.0
975 0.0
976 0.0
977 0.0
978 0.0
979 0.0
980 0.0
981 0.0
982 0.0
983 0.0
984 0.0
985 0.0
986 0.0
987 0.0
988 0.0
989 0.0
990 0.0
991 0.0
992 0.0
993 0.0
994 0.0
995 0.0
996 0.0
997 0.0
998 0.0
999 0.0
1000 0.0
1001 0.0
1002 0.0
1003 0.0
1004 0.0
1005 0.0
1006 0.0
1007 0.0
1008 0.0
1009 0.0
1010 0.0
1011 0.0
1012 0.0
1013 0.0
1014 0.0
1015 0.0
1016 0.0
1017 0.0
1018 0.0
1019 0.0
1020 0.0
1021 0.0
1022 0.0
1023 0.0
1024 0.0
1025 0.0
1026 0.0
1027 0.0
1028 0.0
1029 0.0
1030 0.0
1031 0.0
1032 0.0
1033 0.0
1034 0.0
1035 0.0
1036 0.0
1037 0.0
1038 0.0
1039 0.0
1040 0.0
1041 0.0
1042 0.0
1043 0.0
1044 0.0
1045 0.0
1046 0.0
1047 0.0
1048 0.0
1049 0.0
1050 0.0
1051 0.0
1052 0.0
1053 0.0
1054 0.0
1055 0.0
1056 0.0
1057 0.0
1058 0.0
1059 0.0
1060 0.0
1061 0.0
1062 0.0
1063 0.0
1064 0.0
1065 0.0
1066 0.0
1067 0.0
1068 0.0
1069 0.0
1070 0.0
1071 0.0
1072 0.0
1073 0.0
1074 0.0
1075 0.0
1076 0.0
1077 0.0
1078 0.0
1079 0.0
1080 0.0
1081 0.0
1082 0.0
1083 0.0
1084 0.0
1085 0.0
1086 0.0
1087 0.0
1088 0.0
1089 0.0
1090 0.0
1091 0.0
1092 0.0
1093 0.0
1094 0.0
1095 0.0
1096 0.0
1097 0.0
1098 0.0
1099 0.0
1100 0.0
