LED_streetlamp_2973K_75deg_of_axis_LICA_Philips
380 0.00064364
381 0.0
382 0.00078557
383 0.0
384 0.0
385 0.00020389
386 0.0
387 0.0
388 0.0
389 0.0
390 0.00099477
391 0.0
392 0.00022427
393 0.00158914
394 0.00266025
395 0.00174628
396 0.00129635
397 0.0
398 0.00114046
399 0.00186365
400 0.00308031
401 0.00448078
402 0.00328323
403 0.00108032
404 0.0
405 0.00218645
406 0.00361133
407 0.00666792
408 0.00721778
409 0.00947317
410 0.01159472
411 0.0132542
412 0.01704473
413 0.01901277
414 0.02204228
415 0.02782387
416 0.03727178
417 0.04170204
418 0.04755704
419 0.05579735
420 0.06768989
421 0.07999622
422 0.0941461
423 0.11304778
424 0.12653937
425 0.15398532
426 0.17361201
427 0.1972525
428 0.2205067
429 0.24897338
430 0.27877939
431 0.31317922
432 0.33973954
433 0.36909771
434 0.39897894
435 0.43150479
436 0.46520711
437 0.49641791
438 0.52617982
439 0.56499734
440 0.59478032
441 0.62229815
442 0.66290815
443 0.70503291
444 0.73548688
445 0.7792827
446 0.8066272
447 0.84108606
448 0.86017656
449 0.86550487
450 0.86081559
451 0.82804943
452 0.79350083
453 0.73351828
454 0.68441997
455 0.61858271
456 0.55770546
457 0.49278704
458 0.44837842
459 0.39271155
460 0.35830795
461 0.32706771
462 0.30205411
463 0.27788608
464 0.26394051
465 0.23688644
466 0.22131963
467 0.20993131
468 0.20209375
469 0.18771304
470 0.17418601
471 0.164567
472 0.14954014
473 0.13998407
474 0.1281909
475 0.12054356
476 0.11342124
477 0.11294549
478 0.10411121
479 0.10272303
480 0.10153037
481 0.10307444
482 0.09895093
483 0.1017446
484 0.09908281
485 0.10127861
486 0.10235139
487 0.10182777
488 0.10485519
489 0.10712929
490 0.1087977
491 0.11320897
492 0.12084473
493 0.12437553
494 0.13469651
495 0.1335654
496 0.14367914
497 0.15704289
498 0.16060412
499 0.17400765
500 0.18397457
501 0.19374682
502 0.20615642
503 0.21575156
504 0.22514141
505 0.24099013
506 0.24462058
507 0.25957599
508 0.27217887
509 0.2822259
510 0.29191636
511 0.30424725
512 0.31923239
513 0.32334068
514 0.34102947
515 0.35443537
516 0.36264568
517 0.37126615
518 0.37768957
519 0.39036377
520 0.39733132
521 0.41008758
522 0.42204474
523 0.43206539
524 0.438964
525 0.45136788
526 0.46200719
527 0.46646341
528 0.4757631
529 0.48706769
530 0.49327186
531 0.49957568
532 0.51120515
533 0.51361266
534 0.52091263
535 0.52877001
536 0.53987642
537 0.54448321
538 0.55050205
539 0.56142885
540 0.56866938
541 0.57946486
542 0.58605393
543 0.59444678
544 0.5965488
545 0.61299287
546 0.61586594
547 0.62706306
548 0.63156296
549 0.64664997
550 0.65488498
551 0.66408518
552 0.67219696
553 0.68501728
554 0.6865894
555 0.7056845
556 0.71223575
557 0.72597576
558 0.73542939
559 0.75249072
560 0.76496131
561 0.77625068
562 0.78184931
563 0.7874231
564 0.79454333
565 0.80714203
566 0.81747236
567 0.83341193
568 0.8373247
569 0.85280401
570 0.85649015
571 0.86293031
572 0.86954185
573 0.87918765
574 0.88856522
575 0.89695277
576 0.89728283
577 0.91269934
578 0.91539545
579 0.91865803
580 0.92523482
581 0.93121974
582 0.9399887
583 0.95265663
584 0.95869347
585 0.97114703
586 0.97415519
587 0.98525365
588 0.97892373
589 0.98284112
590 0.98590175
591 0.98628861
592 0.98940172
593 0.99962054
594 0.99527011
595 0.99050743
596 0.98448148
597 0.98810495
598 0.99428177
599 1.0
600 0.99303217
601 0.98529691
602 0.99006015
603 0.99617584
604 0.98506231
605 0.9705821
606 0.96970707
607 0.95561064
608 0.9427839
609 0.93343689
610 0.93197224
611 0.92168252
612 0.92222205
613 0.91502953
614 0.91376472
615 0.90735623
616 0.90342448
617 0.89796052
618 0.89953696
619 0.89361553
620 0.88674735
621 0.87183995
622 0.86126692
623 0.85096367
624 0.83786591
625 0.82461533
626 0.81664939
627 0.80634432
628 0.7960331
629 0.7841862
630 0.7741421
631 0.75826938
632 0.73890451
633 0.73462051
634 0.72496661
635 0.71255339
636 0.6931733
637 0.68585979
638 0.67740511
639 0.65849869
640 0.64699551
641 0.63483237
642 0.62723514
643 0.60709586
644 0.59988785
645 0.58838384
646 0.58386929
647 0.5630166
648 0.54918993
649 0.54399169
650 0.52951566
651 0.51680057
652 0.51361
653 0.49787572
654 0.48878397
655 0.47848043
656 0.47029663
657 0.46257715
658 0.44032553
659 0.44049146
660 0.42422937
661 0.42069661
662 0.40926517
663 0.3970737
664 0.39198431
665 0.38508515
666 0.37200162
667 0.36457883
668 0.3526461
669 0.34904552
670 0.33885349
671 0.33532156
672 0.32911851
673 0.31841793
674 0.30280423
675 0.30178448
676 0.29481204
677 0.28263858
678 0.27508097
679 0.27057787
680 0.265062
681 0.25585022
682 0.25382566
683 0.23643874
684 0.23976677
685 0.23542345
686 0.22179314
687 0.22335842
688 0.21261347
689 0.20645186
690 0.20599271
691 0.19975016
692 0.19735438
693 0.18827113
694 0.18487263
695 0.17559624
696 0.17419201
697 0.16418936
698 0.16453644
699 0.15927707
700 0.15570119
701 0.15650936
702 0.14878639
703 0.14657454
704 0.13727833
705 0.13899
706 0.1347515
707 0.12781228
708 0.12523953
709 0.11948502
710 0.12071731
711 0.11647783
712 0.11162025
713 0.10620876
714 0.10487082
715 0.10521316
716 0.09972101
717 0.0954966
718 0.0928418
719 0.09075834
720 0.0933068
721 0.08865047
722 0.08843694
723 0.0837058
724 0.08155968
725 0.07899434
726 0.0752514
727 0.0739517
728 0.07327876
729 0.06693879
730 0.0673985
731 0.06647491
732 0.0694098
733 0.05992533
734 0.06056967
735 0.0573798
736 0.0620914
737 0.05284599
738 0.05480636
739 0.05470015
740 0.05213243
741 0.0470958
742 0.05061293
743 0.04587118
744 0.04620556
745 0.04555746
746 0.04442132
747 0.04128099
748 0.03685241
749 0.04129216
750 0.03796008
751 0.031148
752 0.03847589
753 0.03909887
754 0.03428218
755 0.0330069
756 0.0321877
757 0.03030214
758 0.02939069
759 0.02571767
760 0.02603419
761 0.02935343
762 0.02998116
763 0.02736333
764 0.0221704
765 0.02634596
766 0.02492987
767 0.02066443
768 0.02162891
769 0.01692401
770 0.01943284
771 0.0235964
772 0.02206322
773 0.0231099
774 0.01949508
775 0.01330305
776 0.01743674
777 0.01754127
778 0.02159012
779 0.01075138
780 0.01826599
781 0.01480078
782 0.01520675
783 0.01498262
784 0.00618868
785 0.00396623
786 0.02071021
787 0.01536278
788 0.01400642
789 0.0109381
790 0.01599553
791 0.0085659
792 0.01167678
793 0.01166045
794 0.00670616
795 0.00276882
796 0.00915749
797 0.00880985
798 0.00332761
799 0.00196302
800 0.01115861
801 0.00243737
802 0.01229112
803 0.00944219
804 0.00940451
805 0.00545684
806 0.00236759
807 0.00338134
808 0.00565543
809 0.01084767
810 0.00271314
811 0.00075626
812 0.00818366
813 0.00057149
814 0.00399414
815 0.0
816 0.0
817 0.0
818 0.00066388
819 0.00094997
820 0.00348043
821 0.0100614
822 0.00324416
823 0.00428972
824 0.00331338
825 0.00436397
826 0.00681864
827 0.0030898
828 0.01075319
829 0.00084363
830 0.0
831 0.00184691
832 0.0057474
833 0.00614723
834 0.00062452
835 0.00518052
836 0.0
837 0.0
838 0.0
839 0.01236829
840 0.0
841 0.00710809
842 0.0
843 0.00160031
844 0.0
845 0.0
846 0.0
847 0.00790608
848 0.0
849 0.0
850 0.00279185
851 0.0
852 0.00333431
853 0.0
854 0.00081236
855 0.0
856 0.0
857 0.0
858 0.00290852
859 0.0
860 0.00796748
861 0.0
862 0.0
863 0.0
864 0.0
865 0.00329858
866 0.00012588
867 0.0
868 0.0
869 0.01006838
870 0.0
871 0.00319196
872 0.00926914
873 0.00062047
874 0.0
875 0.0
876 0.0
877 0.00328491
878 0.0
879 0.00425497
880 0.0
881 0.0
882 0.0
883 0.01485507
884 0.0
885 0.0
886 0.0
887 0.00029977
888 0.0
889 0.0
890 0.0
891 0.0
892 0.0
893 0.0
894 0.0
895 0.0
896 0.0
897 0.0
898 0.00686623
899 0.0
900 0.0
901 0.0
902 0.0
903 0.0
904 0.0
905 0.0
906 0.0
907 0.0
908 0.0
909 0.0
910 0.0
911 0.0
912 0.0
913 0.0
914 0.0
915 0.0
916 0.0
917 0.0
918 0.0
919 0.0
920 0.0
921 0.0
922 0.0
923 0.0
924 0.0
925 0.0
926 0.0
927 0.0
928 0.0
929 0.0
930 0.0
931 0.0
932 0.0
933 0.0
934 0.0
935 0.0
936 0.0
937 0.0
938 0.0
939 0.0
940 0.0
941 0.0
942 0.0
943 0.0
944 0.0
945 0.0
946 0.0
947 0.0
948 0.0
949 0.0
950 0.0
951 0.0
952 0.0
953 0.0
954 0.0
955 0.0
956 0.0
957 0.0
958 0.0
959 0.0
960 0.0
961 0.0
962 0.0
963 0.0
964 0.0
965 0.0
966 0.0
967 0.0
968 0.0
969 0.0
970 0.0
971 0.0
972 0.0
973 0.0
974 0.0
975 0.0
976 0.0
977 0.0
978 0.0
979 0.0
980 0.0
981 0.0
982 0.0
983 0.0
984 0.0
985 0.0
986 0.0
987 0.0
988 0.0
989 0.0
990 0.0
991 0.0
992 0.0
993 0.0
994 0.0
995 0.0
996 0.0
997 0.0
998 0.0
999 0.0
1000 0.0
1001 0.0
1002 0.0
1003 0.0
1004 0.0
1005 0.0
1006 0.0
1007 0.0
1008 0.0
1009 0.0
1010 0.0
1011 0.0
1012 0.0
1013 0.0
1014 0.0
1015 0.0
1016 0.0
1017 0.0
1018 0.0
1019 0.0
1020 0.0
1021 0.0
1022 0.0
1023 0.0
1024 0.0
1025 0.0
1026 0.0
1027 0.0
1028 0.0
1029 0.0
1030 0.0
1031 0.0
1032 0.0
1033 0.0
1034 0.0
1035 0.0
1036 0.0
1037 0.0
1038 0.0
1039 0.0
1040 0.0
1041 0.0
1042 0.0
1043 0.0
1044 0.0
1045 0.0
1046 0.0
1047 0.0
1048 0.0
1049 0.0
1050 0.0
1051 0.0
1052 0.0
1053 0.0
1054 0.0
1055 0.0
1056 0.0
1057 0.0
1058 0.0
1059 0.0
1060 0.0
1061 0.0
1062 0.0
1063 0.0
1064 0.0
1065 0.0
1066 0.0
1067 0.0
1068 0.0
1069 0.0
1070 0.0
1071 0.0
1072 0.0
1073 0.0
1074 0.0
1075 0.0
1076 0.0
1077 0.0
1078 0.0
1079 0.0
1080 0.0
1081 0.0
1082 0.0
1083 0.0
1084 0.0
1085 0.0
1086 0.0
1087 0.0
1088 0.0
1089 0.0
1090 0.0
1091 0.0
1092 0.0
1093 0.0
1094 0.0
1095 0.0
1096 0.0
1097 0.0
1098 0.0
1099 0.0
1100 0.0
