LED_streetlamp_3107K_on_axis_LICA_Philips
380 0.0
381 0.00042186
382 0.0
383 0.0
384 0.0
385 0.0
386 0.0
387 0.00049948
388 0.00102618
389 0.00290552
390 0.00028966
391 0.00064695
392 0.00016038
393 0.00093953
394 0.0
395 0.0
396 9.873e-05
397 0.00066487
398 0.00100688
399 0.0
400 0.00118601
401 0.0
402 0.00198557
403 0.00066903
404 0.0041668
405 0.00270029
406 0.00356928
407 0.00513354
408 0.00815182
409 0.00651202
410 0.00923855
411 0.01014281
412 0.01131146
413 0.01639835
414 0.01883299
415 0.02462266
416 0.02937378
417 0.031044
418 0.03873536
419 0.04884567
420 0.05511218
421 0.06612662
422 0.07561928
423 0.09082718
424 0.10642263
425 0.11853212
426 0.13934694
427 0.15671495
428 0.17302887
429 0.19586703
430 0.22008671
431 0.24081682
432 0.26851247
433 0.29315609
434 0.31311914
435 0.33756086
436 0.35765263
437 0.38263174
438 0.40636596
439 0.43083906
440 0.4506495
441 0.47572095
442 0.49590881
443 0.52792706
444 0.54795648
445 0.57104028
446 0.59191855
447 0.61509164
448 0.62613427
449 0.63902096
450 0.61580913
451 0.60546151
452 0.5758039
453 0.54341476
454 0.49983177
455 0.4577607
456 0.41085422
457 0.36177665
458 0.32200178
459 0.28756514
460 0.26308398
461 0.2416293
462 0.22202118
463 0.20280174
464 0.19153013
465 0.17971308
466 0.16737349
467 0.16061
468 0.15150642
469 0.13965535
470 0.13381709
471 0.12363054
472 0.11898023
473 0.11028213
474 0.10344129
475 0.09666724
476 0.09791866
477 0.09026396
478 0.08831282
479 0.08479173
480 0.08489851
481 0.08336896
482 0.08682382
483 0.08415061
484 0.08691547
485 0.08762463
486 0.08932054
487 0.09045933
488 0.09545999
489 0.09602196
490 0.10078363
491 0.10569431
492 0.11211287
493 0.11582989
494 0.12163525
495 0.13101474
496 0.13912046
497 0.14728061
498 0.15635642
499 0.16744014
500 0.17816617
501 0.18668278
502 0.19420917
503 0.20829785
504 0.21594186
505 0.23169103
506 0.23767843
507 0.25140579
508 0.25908035
509 0.27363088
510 0.28555138
511 0.29932373
512 0.31033067
513 0.31816298
514 0.33099955
515 0.34553605
516 0.35393282
517 0.36259551
518 0.37102395
519 0.38513651
520 0.3907451
521 0.40186021
522 0.41198802
523 0.42239272
524 0.43512236
525 0.44547555
526 0.44950945
527 0.46516948
528 0.47063115
529 0.47996871
530 0.48712351
531 0.49334572
532 0.50051011
533 0.50507432
534 0.51154218
535 0.52423586
536 0.53119598
537 0.5415936
538 0.54687086
539 0.55819163
540 0.56089872
541 0.5750553
542 0.57971213
543 0.59365195
544 0.59469438
545 0.60383878
546 0.61421321
547 0.62147771
548 0.63089289
549 0.63808546
550 0.64516944
551 0.65480472
552 0.66448678
553 0.68057131
554 0.69116361
555 0.69576657
556 0.71040013
557 0.72319046
558 0.7405675
559 0.73920889
560 0.75660106
561 0.76397096
562 0.77404725
563 0.78642683
564 0.79504231
565 0.80670814
566 0.81847215
567 0.83029393
568 0.8382662
569 0.84477127
570 0.84765347
571 0.86020982
572 0.87234042
573 0.87984626
574 0.8847143
575 0.89048924
576 0.89948603
577 0.91192393
578 0.91405003
579 0.91935965
580 0.92940109
581 0.92771588
582 0.94110192
583 0.94779515
584 0.95747833
585 0.96703598
586 0.97708533
587 0.97528445
588 0.98223123
589 0.97735208
590 0.98763584
591 0.98541045
592 0.98358888
593 0.99281465
594 0.99415715
595 0.99021392
596 0.99263677
597 0.9874481
598 0.99542065
599 0.99531942
600 1.0
601 0.99975102
602 0.99122303
603 0.99161531
604 0.99113652
605 0.96787775
606 0.95926019
607 0.95188432
608 0.9490835
609 0.94308527
610 0.93554429
611 0.93167369
612 0.91716662
613 0.91748739
614 0.91040494
615 0.91974332
616 0.90693828
617 0.90052818
618 0.89838515
619 0.89520287
620 0.88959081
621 0.87251108
622 0.85313375
623 0.85486007
624 0.83678719
625 0.83015215
626 0.814665
627 0.80594135
628 0.79930617
629 0.7766963
630 0.77586077
631 0.75787636
632 0.73806342
633 0.73854013
634 0.72207013
635 0.70823737
636 0.69797154
637 0.67183044
638 0.6692461
639 0.65110005
640 0.65242242
641 0.62555591
642 0.61993774
643 0.61570846
644 0.60200318
645 0.58558372
646 0.57479868
647 0.56783204
648 0.55309391
649 0.54810395
650 0.53059374
651 0.52022126
652 0.50649306
653 0.49490152
654 0.48985671
655 0.476871
656 0.46212593
657 0.46120306
658 0.4443555
659 0.44024244
660 0.42696901
661 0.41548481
662 0.40677518
663 0.39110766
664 0.38765447
665 0.38257578
666 0.3674294
667 0.3627041
668 0.35043089
669 0.34532415
670 0.33556571
671 0.32909021
672 0.32191139
673 0.31713721
674 0.30561843
675 0.29910364
676 0.28805115
677 0.28929465
678 0.28285734
679 0.2700198
680 0.26643442
681 0.25220757
682 0.2515441
683 0.24674562
684 0.23823846
685 0.22905906
686 0.22606453
687 0.22082934
688 0.21221969
689 0.20543287
690 0.19614642
691 0.19370941
692 0.19446232
693 0.18829551
694 0.18230075
695 0.17628488
696 0.17295014
697 0.16720075
698 0.16363119
699 0.15834379
700 0.15477562
701 0.15585818
702 0.15038915
703 0.14550681
704 0.13984948
705 0.13639198
706 0.12850955
707 0.12409044
708 0.12512829
709 0.1230669
710 0.11782407
711 0.11540026
712 0.11483454
713 0.10843278
714 0.10365541
715 0.09847521
716 0.0975011
717 0.09975454
718 0.09658837
719 0.09717353
720 0.08807218
721 0.08073644
722 0.08384762
723 0.08844113
724 0.07962278
725 0.07440855
726 0.07263058
727 0.07231467
728 0.0736076
729 0.07197807
730 0.06281895
731 0.0666972
732 0.06129482
733 0.06354783
734 0.05639026
735 0.05864883
736 0.06110986
737 0.05337184
738 0.05478405
739 0.05302413
740 0.05030454
741 0.05059365
742 0.04693758
743 0.04692981
744 0.04433283
745 0.0418993
746 0.04008078
747 0.03939106
748 0.03880451
749 0.03843958
750 0.03933718
751 0.0388956
752 0.03694377
753 0.03369013
754 0.034598
755 0.03159944
756 0.03403645
757 0.02880903
758 0.02966136
759 0.03154626
760 0.03131922
761 0.02373298
762 0.02729309
763 0.02937461
764 0.02003025
765 0.02449116
766 0.02257127
767 0.0246396
768 0.02293939
769 0.02299632
770 0.02288134
771 0.02060764
772 0.01918584
773 0.01992722
774 0.01947884
775 0.01340743
776 0.01205853
777 0.01974573
778 0.01712584
779 0.01803691
780 0.01736579
781 0.01770933
782 0.0135935
783 0.01745716
784 0.01506292
785 0.01504459
786 0.01288323
787 0.016455
788 0.01100833
789 0.01110581
790 0.00856952
791 0.00939504
792 0.0139912
793 0.01306805
794 0.00963263
795 0.0102507
796 0.00812836
797 0.01677716
798 0.01798289
799 0.01422643
800 0.00439481
801 0.01102985
802 0.01481006
803 0.0059774
804 0.00313006
805 0.00567468
806 0.00692985
807 0.00516284
808 0.00394823
809 0.00761304
810 0.00223982
811 0.00110117
812 0.00488693
813 0.00529226
814 0.00293552
815 0.00510355
816 0.00658617
817 0.00485318
818 0.00318047
819 0.00084636
820 0.00720549
821 0.0
822 0.00171174
823 0.0
824 0.00460448
825 0.00680196
826 0.0
827 0.00118212
828 0.01022737
829 0.01005921
830 0.0
831 0.00181658
832 0.00873906
833 0.00874865
834 0.004383
835 0.00075554
836 0.00803282
837 0.00398503
838 0.0
839 0.01736482
840 0.00273792
841 0.00296787
842 0.00348388
843 0.0
844 0.00399919
845 0.00094439
846 0.0158679
847 0.00170702
848 0.0
849 0.0
850 0.00038728
851 0.0
852 0.0
853 0.0
854 0.0
855 0.0
856 0.0061607
857 0.00548958
858 4.402e-05
859 0.0
860 0.0
861 0.0
862 0.0
863 0.00920369
864 0.00112033
865 0.0
866 0.00265196
867 0.0
868 0.0
869 0.00291663
870 0.00918175
871 0.0
872 0.0
873 0.00109756
874 0.0
875 0.0
876 0.0
877 0.00767706
878 0.00324629
879 0.0
880 0.0
881 0.0
882 0.0
883 0.00063862
884 0.0
885 0.0
886 0.0
887 0.0
888 0.00171715
889 0.00103618
890 0.0
891 0.0
892 0.00278249
893 0.0
894 0.00628484
895 0.0
896 0.0
897 0.0
898 0.00768247
899 0.0
900 0.0
901 0.0
902 0.0
903 0.0
904 0.0
905 0.0
906 0.0
907 0.0
908 0.0
909 0.0
910 0.0
911 0.0
912 0.0
913 0.0
914 0.0
915 0.0
916 0.0
917 0.0
918 0.0
919 0.0
920 0.0
921 0.0
922 0.0
923 0.0
924 0.0
925 0.0
926 0.0
927 0.0
928 0.0
929 0.0
930 0.0
931 0.0
932 0.0
933 0.0
934 0.0
935 0.0
936 0.0
937 0.0
938 0.0
939 0.0
940 0.0
941 0.0
942 0.0
943 0.0
944 0.0
945 0.0
946 0.0
947 0.0
948 0.0
949 0.0
950 0.0
951 0.0
952 0.0
953 0.0
954 0.0
955 0.0
956 0.0
957 0.0
958 0.0
959 0.0
960 0.0
961 0.0
962 0.0
963 0.0
964 0.0
965 0.0
966 0.0
967 0.0
968 0.0
969 0.0
970 0.0
971 0.0
972 0.0
973 0.0
974 0.0
975 0.0
976 0.0
977 0.0
978 0.0
979 0.0
980 0.0
981 0.0
982 0.0
983 0.0
984 0.0
985 0.0
986 0.0
987 0.0
988 0.0
989 0.0
990 0.0
991 0.0
992 0.0
993 0.0
994 0.0
995 0.0
996 0.0
997 0.0
998 0.0
999 0.0
1000 0.0
1001 0.0
1002 0.0
1003 0.0
1004 0.0
1005 0.0
1006 0.0
1007 0.0
1008 0.0
1009 0.0
1010 0.0
1011 0.0
1012 0.0
1013 0.0
1014 0.0
1015 0.0
1016 0.0
1017 0.0
1018 0.0
1019 0.0
1020 0.0
1021 0.0
1022 0.0
1023 0.0
1024 0.0
1025 0.0
1026 0.0
1027 0.0
1028 0.0
1029 0.0
1030 0.0
1031 0.0
1032 0.0
1033 0.0
1034 0.0
1035 0.0
1036 0.0
1037 0.0
1038 0.0
1039 0.0
1040 0.0
1041 0.0
1042 0.0
1043 0.0
1044 0.0
1045 0.0
1046 0.0
1047 0.0
1048 0.0
1049 0.0
1050 0.0
1051 0.0
1052 0.0
1053 0.0
1054 0.0
1055 0.0
1056 0.0
1057 0.0
1058 0.0
1059 0.0
1060 0.0
1061 0.0
1062 0.0
1063 0.0
1064 0.0
1065 0.0
1066 0.0
1067 0.0
1068 0.0
1069 0.0
1070 0.0
1071 0.0
1072 0.0
1073 0.0
1074 0.0
1075 0.0
1076 0.0
1077 0.0
1078 0.0
1079 0.0
1080 0.0
1081 0.0
1082 0.0
1083 0.0
1084 0.0
1085 0.0
1086 0.0
1087 0.0
1088 0.0
1089 0.0
1090 0.0
1091 0.0
1092 0.0
1093 0.0
1094 0.0
1095 0.0
1096 0.0
1097 0.0
1098 0.0
1099 0.0
1100 0.0
