MH_Metal_Halide_3436K_SFH_P_General
380 0.06916484
381 0.03970407
382 0.02213053
383 0.02148077
384 0.02251141
385 0.01889551
386 0.01662543
387 0.01795722
388 0.02203864
389 0.02217238
390 0.02101525
391 0.02396058
392 0.0187302
393 0.02120978
394 0.02098976
395 0.02381187
396 0.0243134
397 0.02397788
398 0.025435
399 0.02465897
400 0.02957931
401 0.02839108
402 0.03126626
403 0.02850588
404 0.04664291
405 0.05048023
406 0.03495956
407 0.03037404
408 0.03397965
409 0.05877634
410 0.18508037
411 0.20932877
412 0.15497521
413 0.09813343
414 0.05817404
415 0.0361375
416 0.02661691
417 0.0257469
418 0.02543336
419 0.0255346
420 0.02900086
421 0.02719653
422 0.02480417
423 0.02908012
424 0.0229788
425 0.0281727
426 0.02792416
427 0.02648388
428 0.02928611
429 0.02717128
430 0.03114305
431 0.02418176
432 0.02899244
433 0.02905207
434 0.0332214
435 0.06443085
436 0.12128175
437 0.07176015
438 0.05823109
439 0.04763777
440 0.04539552
441 0.0460364
442 0.04878065
443 0.04817484
444 0.04644487
445 0.04825855
446 0.04838363
447 0.04212706
448 0.04639694
449 0.05880557
450 0.12485065
451 0.45855473
452 0.5116595
453 0.38286187
454 0.27834794
455 0.15584663
456 0.08658663
457 0.05001424
458 0.03705685
459 0.03077503
460 0.0302735
461 0.02878038
462 0.02662533
463 0.0226206
464 0.02374266
465 0.02581915
466 0.03219146
467 0.04031549
468 0.03728762
469 0.03310029
470 0.03037076
471 0.02452477
472 0.02297132
473 0.02261195
474 0.02198557
475 0.02521708
476 0.02392971
477 0.02059369
478 0.01965657
479 0.02136223
480 0.01925628
481 0.01746224
482 0.02041084
483 0.02140384
484 0.02112771
485 0.02016791
486 0.02154343
487 0.02099888
488 0.02067786
489 0.01884711
490 0.02236738
491 0.02218969
492 0.02453856
493 0.02233652
494 0.02145248
495 0.02084527
496 0.02651357
497 0.03979526
498 0.08561982
499 0.0745376
500 0.05226585
501 0.03892314
502 0.02669875
503 0.02387266
504 0.02418714
505 0.01935518
506 0.02074707
507 0.0205184
508 0.02294841
509 0.02238679
510 0.02329071
511 0.02430405
512 0.02486099
513 0.02358648
514 0.02308659
515 0.03792359
516 0.03360134
517 0.02798331
518 0.02745303
519 0.02747337
520 0.02840628
521 0.02922766
522 0.03005372
523 0.03019798
524 0.02891599
525 0.02769385
526 0.02628537
527 0.02666859
528 0.02965226
529 0.02907241
530 0.03033639
531 0.03629275
532 0.04389936
533 0.06538924
534 0.21765808
535 0.87691509
536 0.89428919
537 0.66628306
538 0.54507613
539 0.35689308
540 0.21895247
541 0.13808932
542 0.08052506
543 0.05085129
544 0.03614802
545 0.04338754
546 0.19397948
547 0.11675772
548 0.07646959
549 0.05592196
550 0.03452093
551 0.02828119
552 0.02854236
553 0.0347351
554 0.03020195
555 0.02877967
556 0.02651871
557 0.02397484
558 0.02775581
559 0.02479739
560 0.02549041
561 0.02377516
562 0.02527577
563 0.02577075
564 0.02596388
565 0.0292992
566 0.03746813
567 0.06055612
568 0.21131547
569 0.36290672
570 0.21383315
571 0.1494168
572 0.09808199
573 0.05304631
574 0.03797503
575 0.03576948
576 0.0462667
577 0.07028994
578 0.05698674
579 0.08426862
580 0.06342967
581 0.05186018
582 0.0522897
583 0.05085433
584 0.05575292
585 0.07119339
586 0.10076686
587 0.18343948
588 0.53173365
589 0.60880928
590 0.91357447
591 1.0
592 0.84254428
593 0.69455209
594 0.55745297
595 0.43045989
596 0.34840968
597 0.29088283
598 0.24710365
599 0.21264726
600 0.19331663
601 0.17119241
602 0.15242924
603 0.14010688
604 0.12780931
605 0.11715356
606 0.1058857
607 0.09642076
608 0.09084271
609 0.0825791
610 0.0999553
611 0.09420469
612 0.07908501
613 0.07380063
614 0.06870937
615 0.09047633
616 0.13451433
617 0.0944067
618 0.08062981
619 0.06826419
620 0.06018132
621 0.05300376
622 0.04708574
623 0.04811288
624 0.04510887
625 0.04790689
626 0.04711333
627 0.04557813
628 0.04224724
629 0.04285398
630 0.03907184
631 0.03994279
632 0.04345137
633 0.03726167
634 0.03998838
635 0.03767926
636 0.03560207
637 0.03408019
638 0.03248349
639 0.0347828
640 0.03566169
641 0.03176662
642 0.03521207
643 0.03519734
644 0.0314629
645 0.03451415
646 0.03410521
647 0.02950893
648 0.02915658
649 0.03133804
650 0.02760477
651 0.031382
652 0.02866464
653 0.02753416
654 0.03776834
655 0.08139203
656 0.06205228
657 0.05056978
658 0.04918701
659 0.03595489
660 0.02664497
661 0.02392574
662 0.02686405
663 0.02335547
664 0.02587316
665 0.02571884
666 0.02527413
667 0.02628981
668 0.02443264
669 0.02870579
670 0.10167124
671 0.21615678
672 0.11653139
673 0.0922236
674 0.07318827
675 0.03837157
676 0.03298408
677 0.02498538
678 0.02740369
679 0.02682197
680 0.02845444
681 0.021694
682 0.01632475
683 0.0193456
684 0.01862569
685 0.03166071
686 0.0288905
687 0.01985648
688 0.02186375
689 0.01841456
690 0.02350114
691 0.02251959
692 0.02365873
693 0.01763854
694 0.01682487
695 0.01319237
696 0.01961027
697 0.01894508
698 0.01777812
699 0.0137603
700 0.01528031
701 0.01586554
702 0.01443204
703 0.01842227
704 0.01515241
705 0.01443414
706 0.010356
707 0.01573578
708 0.01654664
709 0.01671124
710 0.01854713
711 0.0129789
712 0.01951955
713 0.0181721
714 0.01271609
715 0.01673205
716 0.01588004
717 0.01429105
718 0.0180421
719 0.01379233
720 0.01770377
721 0.01130527
722 0.01341589
723 0.00907354
724 0.0176521
725 0.01263286
726 0.01099477
727 0.01245189
728 0.0134014
729 0.01804514
730 0.00970039
731 0.01615336
732 0.01693593
733 0.01123443
734 0.00940532
735 0.01790555
736 0.01093024
737 0.01197327
738 0.00918577
739 0.00933494
740 0.01767431
741 0.01550196
742 0.00928187
743 0.01130247
744 0.01780735
745 0.01313251
746 0.01428076
747 0.00567999
748 0.01403433
749 0.01262093
750 0.01031859
751 0.01036138
752 0.01359125
753 0.01060968
754 0.01836125
755 0.01312807
756 0.02091073
757 0.0099688
758 0.01504182
759 0.0137458
760 0.00869944
761 0.00771065
762 0.01256482
763 0.00279242
764 0.01366186
765 0.01773487
766 0.05323593
767 0.05423922
768 0.03383796
769 0.02618156
770 0.05023963
771 0.03655065
772 0.02330099
773 0.01678208
774 0.00850725
775 0.01935659
776 0.0190697
777 0.01106398
778 0.01440585
779 0.00529303
780 0.01457373
781 0.00615346
782 0.01434834
783 0.01743068
784 0.00800525
785 0.0008478
786 0.0079309
787 0.01737223
788 0.01152436
789 0.00678218
790 0.00839174
791 0.00963913
792 0.01258095
793 0.01050283
794 0.0
795 0.01615523
796 0.00593859
797 0.00862252
798 0.00584577
799 0.01063002
800 0.01253606
801 0.00921874
802 0.01464832
803 0.01112711
804 0.00454343
805 0.03542087
806 0.0
807 0.02065191
808 0.0136815
809 0.0
810 0.00134933
811 0.0
812 0.00768119
813 0.00718948
814 0.01011073
815 0.019495
816 0.0281734
817 0.05057562
818 0.52769198
819 0.91623104
820 0.70244347
821 0.43966086
822 0.3226221
823 0.18230829
824 0.06813232
825 0.03860866
826 0.01849172
827 0.02009847
828 0.0125903
829 0.02254134
830 0.01669043
831 0.00070681
832 0.02024484
833 0.00980864
834 0.0129616
835 0.0069393
836 0.0
837 0.00710321
838 7.201e-05
839 0.0046227
840 0.01165155
841 0.00898796
842 0.0
843 0.0162995
844 0.0
845 0.01249584
846 0.0194784
847 0.00298882
848 0.0
849 0.0036622
850 0.0
851 0.00235449
852 0.00578287
853 0.01646831
854 0.00015525
855 0.02421987
856 0.01052598
857 0.0
858 0.02273821
859 0.01639349
860 0.01069923
861 0.01649777
862 0.00905858
863 0.00572676
864 0.0
865 0.00922037
866 0.00046318
867 0.02444457
868 0.0
869 0.0
870 0.0
871 0.0
872 0.00860077
873 0.01660602
874 0.0
875 0.01956889
876 0.0
877 0.0
878 0.00444991
879 0.0
880 0.0
881 0.01048249
882 0.01417017
883 0.0
884 0.017065
885 0.0034195
886 0.00934546
887 0.0
888 0.0
889 0.00681164
890 0.00144239
891 0.02381328
892 0.0
893 0.0
894 0.0
895 0.01632615
896 0.00960897
897 0.01691746
898 0.0
899 0.0
900 0.0
901 0.0
902 0.0
903 0.0
904 0.0
905 0.0
906 0.0
907 0.0
908 0.0
909 0.0
910 0.0
911 0.0
912 0.0
913 0.0
914 0.0
915 0.0
916 0.0
917 0.0
918 0.0
919 0.0
920 0.0
921 0.0
922 0.0
923 0.0
924 0.0
925 0.0
926 0.0
927 0.0
928 0.0
929 0.0
930 0.0
931 0.0
932 0.0
933 0.0
934 0.0
935 0.0
936 0.0
937 0.0
938 0.0
939 0.0
940 0.0
941 0.0
942 0.0
943 0.0
944 0.0
945 0.0
946 0.0
947 0.0
948 0.0
949 0.0
950 0.0
951 0.0
952 0.0
953 0.0
954 0.0
955 0.0
956 0.0
957 0.0
958 0.0
959 0.0
960 0.0
961 0.0
962 0.0
963 0.0
964 0.0
965 0.0
966 0.0
967 0.0
968 0.0
969 0.0
970 0.0
971 0.0
972 0.0
973 0.0
974 0.0
975 0.0
976 0.0
977 0.0
978 0.0
979 0.0
980 0.0
981 0.0
982 0.0
983 0.0
984 0.0
985 0.0
986 0.0
987 0.0
988 0.0
989 0.0
990 0.0
991 0.0
992 0.0
993 0.0
994 0.0
995 0.0
996 0.0
997 0.0
998 0.0
999 0.0
1000 0.0
1001 0.0
1002 0.0
1003 0.0
1004 0.0
1005 0.0
1006 0.0
1007 0.0
1008 0.0
1009 0.0
1010 0.0
1011 0.0
1012 0.0
1013 0.0
1014 0.0
1015 0.0
1016 0.0
1017 0.0
1018 0.0
1019 0.0
1020 0.0
1021 0.0
1022 0.0
1023 0.0
1024 0.0
1025 0.0
1026 0.0
1027 0.0
1028 0.0
1029 0.0
1030 0.0
1031 0.0
1032 0.0
1033 0.0
1034 0.0
1035 0.0
1036 0.0
1037 0.0
1038 0.0
1039 0.0
1040 0.0
1041 0.0
1042 0.0
1043 0.0
1044 0.0
1045 0.0
1046 0.0
1047 0.0
1048 0.0
1049 0.0
1050 0.0
1051 0.0
1052 0.0
1053 0.0
1054 0.0
1055 0.0
1056 0.0
1057 0.0
1058 0.0
1059 0.0
1060 0.0
1061 0.0
1062 0.0
1063 0.0
1064 0.0
1065 0.0
1066 0.0
1067 0.0
1068 0.0
1069 0.0
1070 0.0
1071 0.0
1072 0.0
1073 0.0
1074 0.0
1075 0.0
1076 0.0
1077 0.0
1078 0.0
1079 0.0
1080 0.0
1081 0.0
1082 0.0
1083 0.0
1084 0.0
1085 0.0
1086 0.0
1087 0.0
1088 0.0
1089 0.0
1090 0.0
1091 0.0
1092 0.0
1093 0.0
1094 0.0
1095 0.0
1096 0.0
1097 0.0
1098 0.0
1099 0.0
1100 0.0
