MH_Metal_Halide_3723K_SFH_Stadium
380 0.08761241
381 0.05019214
382 0.02547503
383 0.01678933
384 0.01749015
385 0.0169159
386 0.01792569
387 0.01542634
388 0.01783752
389 0.01844512
390 0.02107533
391 0.01712407
392 0.02323135
393 0.02153589
394 0.02122237
395 0.02313509
396 0.02433462
397 0.02901828
398 0.0240403
399 0.02469463
400 0.0187119
401 0.02571125
402 0.02696408
403 0.02526761
404 0.04758517
405 0.0596537
406 0.04621334
407 0.03158685
408 0.03468723
409 0.06484289
410 0.17200748
411 0.24912379
412 0.2157432
413 0.15659756
414 0.08680978
415 0.04901182
416 0.03353697
417 0.02671296
418 0.02325434
419 0.02023455
420 0.02467316
421 0.02219503
422 0.02034875
423 0.02292793
424 0.02260784
425 0.02774296
426 0.02458473
427 0.02538433
428 0.01900395
429 0.03212624
430 0.02762498
431 0.02705528
432 0.02951295
433 0.02718564
434 0.02865549
435 0.06192365
436 0.11431577
437 0.08839281
438 0.05604754
439 0.04402272
440 0.0405689
441 0.04357479
442 0.04638362
443 0.04505854
444 0.04949688
445 0.04553552
446 0.04859168
447 0.04682801
448 0.04491478
449 0.06254009
450 0.12919591
451 0.41172529
452 0.5876944
453 0.50875606
454 0.39145461
455 0.23454328
456 0.12756488
457 0.06693069
458 0.04552213
459 0.03298319
460 0.02786145
461 0.02610081
462 0.02520319
463 0.02534922
464 0.02263866
465 0.02130726
466 0.02823157
467 0.03834341
468 0.03758827
469 0.03030345
470 0.02536084
471 0.02270561
472 0.01862702
473 0.0181033
474 0.01931066
475 0.02331548
476 0.02362875
477 0.0204018
478 0.01760737
479 0.018242
480 0.01552487
481 0.01807627
482 0.0179022
483 0.01732315
484 0.01608699
485 0.01662208
486 0.01770565
487 0.01579444
488 0.02086362
489 0.01905448
490 0.02049351
491 0.01915503
492 0.02111753
493 0.01950216
494 0.01858053
495 0.01996196
496 0.02143484
497 0.03494265
498 0.07290382
499 0.07850708
500 0.0520172
501 0.03511773
502 0.02293147
503 0.02125269
504 0.02044652
505 0.02010874
506 0.02022319
507 0.01933087
508 0.02071507
509 0.01959386
510 0.02053418
511 0.01973307
512 0.02066934
513 0.02107003
514 0.0246393
515 0.0321654
516 0.03471755
517 0.02817422
518 0.02542753
519 0.02615412
520 0.02849936
521 0.02971228
522 0.03113362
523 0.02797842
524 0.02874947
525 0.02546139
526 0.02365907
527 0.02318815
528 0.02435079
529 0.02444325
530 0.02782027
531 0.03281493
532 0.03981174
533 0.05758661
534 0.18370261
535 0.75340613
536 1.0
537 0.76110655
538 0.62434235
539 0.43775613
540 0.28098753
541 0.17158987
542 0.09467416
543 0.05508979
544 0.03622175
545 0.04017024
546 0.15027882
547 0.12381446
548 0.07088524
549 0.05186865
550 0.03002808
551 0.02189666
552 0.02224151
553 0.02917694
554 0.02774978
555 0.02375936
556 0.02458246
557 0.02079769
558 0.02055869
559 0.02148739
560 0.02180293
561 0.02123627
562 0.02070674
563 0.02253104
564 0.0217236
565 0.02295218
566 0.02629535
567 0.04386381
568 0.15040742
569 0.32757781
570 0.20576197
571 0.13455689
572 0.08439734
573 0.04320468
574 0.03043962
575 0.02742641
576 0.03303093
577 0.05437305
578 0.04414929
579 0.06612831
580 0.0546747
581 0.04677698
582 0.03844295
583 0.03938352
584 0.04101733
585 0.05135403
586 0.07114545
587 0.12770156
588 0.38173663
589 0.52982837
590 0.70544832
591 0.90454494
592 0.80269434
593 0.68386013
594 0.55461773
595 0.43263187
596 0.33743929
597 0.27919153
598 0.24366857
599 0.21293664
600 0.18932457
601 0.16548007
602 0.15423388
603 0.13779496
604 0.12323213
605 0.1163346
606 0.100117
607 0.09571023
608 0.08596698
609 0.07837975
610 0.08562668
611 0.08362225
612 0.07122579
613 0.06798621
614 0.06097247
615 0.07633237
616 0.11458331
617 0.09401326
618 0.07216637
619 0.06730485
620 0.05366693
621 0.05026465
622 0.0504223
623 0.04326354
624 0.04281612
625 0.04474931
626 0.04120858
627 0.04195892
628 0.04121338
629 0.03693167
630 0.03274596
631 0.03697512
632 0.03371154
633 0.03672754
634 0.03438255
635 0.0291878
636 0.032391
637 0.03380123
638 0.03494795
639 0.03065032
640 0.03018926
641 0.029734
642 0.02966908
643 0.02999447
644 0.02937703
645 0.02720383
646 0.02827123
647 0.02763787
648 0.02607429
649 0.03082464
650 0.02534719
651 0.02395415
652 0.02232109
653 0.02696863
654 0.03148555
655 0.06550758
656 0.06416051
657 0.04772084
658 0.04197003
659 0.03249307
660 0.02803122
661 0.02506853
662 0.02503266
663 0.02085604
664 0.02016331
665 0.02266999
666 0.01939959
667 0.02207376
668 0.02582468
669 0.02346125
670 0.05889629
671 0.16229986
672 0.09484039
673 0.06945758
674 0.05806233
675 0.03777422
676 0.02316263
677 0.02951269
678 0.01918206
679 0.02407642
680 0.01918611
681 0.0183289
682 0.0226806
683 0.01699043
684 0.02006175
685 0.03169599
686 0.02859132
687 0.02141084
688 0.02196209
689 0.01434606
690 0.02215309
691 0.01948927
692 0.02139694
693 0.01961913
694 0.01530634
695 0.0122186
696 0.01599604
697 0.01309879
698 0.01358309
699 0.01194095
700 0.01691362
701 0.01527729
702 0.01467828
703 0.01406841
704 0.01634645
705 0.0107687
706 0.01215822
707 0.00963537
708 0.01334915
709 0.01527527
710 0.00438883
711 0.01456485
712 0.01357097
713 0.01200032
714 0.00683866
715 0.01355556
716 0.01250382
717 0.01276556
718 0.0138802
719 0.00964901
720 0.01558854
721 0.00946838
722 0.01340094
723 0.01469243
724 0.00661508
725 0.00761426
726 0.01111457
727 0.00916243
728 0.01747625
729 0.0078232
730 0.01197531
731 0.00947671
732 0.01496351
733 0.00759254
734 0.00848208
735 0.01621862
736 0.01525733
737 0.01255562
738 0.01716828
739 0.01412526
740 0.00679496
741 0.0072684
742 0.01041981
743 0.00953431
744 0.01289642
745 0.01305053
746 0.00841614
747 0.01005298
748 0.00857429
749 0.01265339
750 0.01518558
751 0.01107288
752 0.00524351
753 0.00875695
754 0.01001989
755 0.01603924
756 0.00671487
757 0.00563434
758 0.00817487
759 0.0130038
760 0.01004717
761 0.00675226
762 0.00172956
763 0.00168585
764 0.01610518
765 0.01064491
766 0.02704897
767 0.04110273
768 0.03519908
769 0.0315434
770 0.04395577
771 0.01760282
772 0.01982452
773 0.02203536
774 0.00822211
775 0.00847652
776 0.00689222
777 5.103e-05
778 0.0
779 0.0080536
780 0.00504089
781 0.00897169
782 0.00476728
783 0.01410328
784 0.00970485
785 0.00482135
786 0.0098966
787 0.0
788 0.00771456
789 0.00182102
790 0.01303007
791 0.01482026
792 0.00707387
793 0.0
794 0.00696827
795 0.00966013
796 0.01235477
797 0.00960758
798 0.01456358
799 0.00555021
800 0.00401493
801 0.00348237
802 0.01560572
803 0.00485116
804 0.00808948
805 0.00729089
806 0.00722874
807 0.0
808 0.0
809 0.0
810 0.00926374
811 0.00134328
812 0.01379961
813 0.01989299
814 0.01202129
815 0.00595873
816 0.02285214
817 0.03960559
818 0.29311088
819 0.6786093
820 0.71109074
821 0.47123903
822 0.27643625
823 0.15604984
824 0.05856129
825 0.03562704
826 0.0270957
827 0.03291775
828 0.01249902
829 0.02198054
830 0.028441
831 0.01866719
832 0.00673988
833 0.00945827
834 0.0
835 0.00667571
836 0.0
837 0.0
838 0.00887063
839 0.0
840 0.0084702
841 0.01051556
842 0.01000271
843 0.02210256
844 0.01075607
845 0.01541573
846 0.00192359
847 0.0
848 0.00382166
849 0.01763743
850 0.01322511
851 0.0031264
852 0.0
853 0.0
854 0.00620227
855 0.01282973
856 0.0
857 0.02352971
858 0.0
859 0.00492771
860 0.0
861 0.0
862 0.01052264
863 0.01419044
864 0.0
865 0.0
866 0.00412735
867 0.00056768
868 0.0
869 0.0
870 0.0190421
871 0.01932405
872 0.00988498
873 0.00667394
874 0.00196957
875 0.00342603
876 0.01158725
877 0.0
878 0.00438125
879 0.0015565
880 0.0
881 0.0
882 0.02018832
883 0.0
884 0.01159812
885 0.00740003
886 0.0
887 0.00081779
888 0.00722394
889 0.0
890 0.0
891 0.0115961
892 0.0
893 0.0
894 0.0
895 0.0
896 0.0
897 0.00723581
898 0.0
899 0.0
900 0.0
901 0.0
902 0.0
903 0.0
904 0.0
905 0.0
906 0.0
907 0.0
908 0.0
909 0.0
910 0.0
911 0.0
912 0.0
913 0.0
914 0.0
915 0.0
916 0.0
917 0.0
918 0.0
919 0.0
920 0.0
921 0.0
922 0.0
923 0.0
924 0.0
925 0.0
926 0.0
927 0.0
928 0.0
929 0.0
930 0.0
931 0.0
932 0.0
933 0.0
934 0.0
935 0.0
936 0.0
937 0.0
938 0.0
939 0.0
940 0.0
941 0.0
942 0.0
943 0.0
944 0.0
945 0.0
946 0.0
947 0.0
948 0.0
949 0.0
950 0.0
951 0.0
952 0.0
953 0.0
954 0.0
955 0.0
956 0.0
957 0.0
958 0.0
959 0.0
960 0.0
961 0.0
962 0.0
963 0.0
964 0.0
965 0.0
966 0.0
967 0.0
968 0.0
969 0.0
970 0.0
971 0.0
972 0.0
973 0.0
974 0.0
975 0.0
976 0.0
977 0.0
978 0.0
979 0.0
980 0.0
981 0.0
982 0.0
983 0.0
984 0.0
985 0.0
986 0.0
987 0.0
988 0.0
989 0.0
990 0.0
991 0.0
992 0.0
993 0.0
994 0.0
995 0.0
996 0.0
997 0.0
998 0.0
999 0.0
1000 0.0
1001 0.0
1002 0.0
1003 0.0
1004 0.0
1005 0.0
1006 0.0
1007 0.0
1008 0.0
1009 0.0
1010 0.0
1011 0.0
1012 0.0
1013 0.0
1014 0.0
1015 0.0
1016 0.0
1017 0.0
1018 0.0
1019 0.0
1020 0.0
1021 0.0
1022 0.0
1023 0.0
1024 0.0
1025 0.0
1026 0.0
1027 0.0
1028 0.0
1029 0.0
1030 0.0
1031 0.0
1032 0.0
1033 0.0
1034 0.0
1035 0.0
1036 0.0
1037 0.0
1038 0.0
1039 0.0
1040 0.0
1041 0.0
1042 0.0
1043 0.0
1044 0.0
1045 0.0
1046 0.0
1047 0.0
1048 0.0
1049 0.0
1050 0.0
1051 0.0
1052 0.0
1053 0.0
1054 0.0
1055 0.0
1056 0.0
1057 0.0
1058 0.0
1059 0.0
1060 0.0
1061 0.0
1062 0.0
1063 0.0
1064 0.0
1065 0.0
1066 0.0
1067 0.0
1068 0.0
1069 0.0
1070 0.0
1071 0.0
1072 0.0
1073 0.0
1074 0.0
1075 0.0
1076 0.0
1077 0.0
1078 0.0
1079 0.0
1080 0.0
1081 0.0
1082 0.0
1083 0.0
1084 0.0
1085 0.0
1086 0.0
1087 0.0
1088 0.0
1089 0.0
1090 0.0
1091 0.0
1092 0.0
1093 0.0
1094 0.0
1095 0.0
1096 0.0
1097 0.0
1098 0.0
1099 0.0
1100 0.0
