MH_Metal_Halide_4044K_SFH_C_Londres_
380 0.01012444
381 0.00883391
382 0.01293865
383 0.02208752
384 0.03332317
385 0.02723003
386 0.02299515
387 0.03333376
388 0.03140888
389 0.02973676
390 0.03126441
391 0.0337171
392 0.03804418
393 0.04252763
394 0.05007806
395 0.04915896
396 0.0515649
397 0.06389853
398 0.05681989
399 0.05728308
400 0.0608492
401 0.06000509
402 0.05901144
403 0.06707954
404 0.07337119
405 0.10532156
406 0.08754744
407 0.07562715
408 0.07922547
409 0.08363591
410 0.08354063
411 0.08540067
412 0.07108679
413 0.09401864
414 0.11272995
415 0.11033967
416 0.10652784
417 0.1383419
418 0.15715555
419 0.18940699
420 0.21669039
421 0.20688202
422 0.22898057
423 0.22694761
424 0.18591189
425 0.1581878
426 0.13809552
427 0.12402471
428 0.11724516
429 0.11655567
430 0.11360383
431 0.11648024
432 0.11508714
433 0.10624309
434 0.09972315
435 0.13644304
436 0.28398322
437 0.22424457
438 0.14810108
439 0.11079381
440 0.10137364
441 0.10298069
442 0.10406963
443 0.10088443
444 0.10330139
445 0.11252438
446 0.10269859
447 0.09474364
448 0.10011686
449 0.09793347
450 0.09934201
451 0.09022203
452 0.09191002
453 0.10139857
454 0.09452219
455 0.09313791
456 0.10858683
457 0.12541163
458 0.13004816
459 0.1438104
460 0.12704426
461 0.13447382
462 0.12283365
463 0.11177908
464 0.1030623
465 0.098248
466 0.09442271
467 0.1057113
468 0.1122769
469 0.10652762
470 0.1026655
471 0.09742771
472 0.10775
473 0.12575814
474 0.11684991
475 0.0950028
476 0.08443525
477 0.09853716
478 0.10757641
479 0.11601572
480 0.11361067
481 0.1152894
482 0.11765387
483 0.11514956
484 0.10785322
485 0.09561135
486 0.08920411
487 0.08483624
488 0.10684898
489 0.12068864
490 0.11478386
491 0.11237307
492 0.11697497
493 0.0980711
494 0.0970565
495 0.09001911
496 0.10103816
497 0.09842401
498 0.10768758
499 0.1181314
500 0.11339076
501 0.11361684
502 0.1140732
503 0.12007304
504 0.13531021
505 0.13764027
506 0.12509424
507 0.12218651
508 0.11605565
509 0.09973153
510 0.09516867
511 0.11245005
512 0.13698916
513 0.12962666
514 0.11874303
515 0.1173442
516 0.1237962
517 0.12298496
518 0.12258529
519 0.12533818
520 0.11629937
521 0.11107349
522 0.1147071
523 0.12173589
524 0.11484452
525 0.10599561
526 0.11887096
527 0.12076386
528 0.1244943
529 0.11394306
530 0.13081551
531 0.1394412
532 0.15541682
533 0.18291263
534 0.33412436
535 0.59116032
536 0.88102582
537 1.0
538 0.9854971
539 0.86068298
540 0.66458334
541 0.43745134
542 0.29762018
543 0.20206949
544 0.1415304
545 0.16228151
546 0.42980871
547 0.36556014
548 0.25938896
549 0.15295707
550 0.11268186
551 0.10162046
552 0.09387306
553 0.10271314
554 0.10325816
555 0.12059468
556 0.10900811
557 0.10831729
558 0.09536475
559 0.09100857
560 0.09673557
561 0.10235847
562 0.09750954
563 0.09859274
564 0.13258555
565 0.1429085
566 0.136552
567 0.1379945
568 0.17036351
569 0.25385054
570 0.23327368
571 0.18706788
572 0.15294119
573 0.12362196
574 0.12327478
575 0.13177365
576 0.15467815
577 0.19990573
578 0.17908183
579 0.20609174
580 0.18079608
581 0.1618084
582 0.14189765
583 0.13306815
584 0.13622534
585 0.14691024
586 0.17045217
587 0.23038029
588 0.39945392
589 0.32151149
590 0.29785354
591 0.46821109
592 0.57405032
593 0.63315484
594 0.61718649
595 0.56946629
596 0.52412357
597 0.49007209
598 0.46133714
599 0.44229211
600 0.39084941
601 0.37684984
602 0.34669841
603 0.32746722
604 0.29229592
605 0.27218203
606 0.26227882
607 0.247425
608 0.24651803
609 0.26446662
610 0.23615185
611 0.22600293
612 0.21259911
613 0.20395026
614 0.19305185
615 0.19530979
616 0.22256275
617 0.23994581
618 0.2013575
619 0.17966413
620 0.16162775
621 0.15263703
622 0.14509454
623 0.14801219
624 0.14326494
625 0.14986804
626 0.21458509
627 0.17656186
628 0.16249083
629 0.14220137
630 0.12245538
631 0.12774103
632 0.1265266
633 0.12623942
634 0.13020189
635 0.12292011
636 0.12021994
637 0.11762498
638 0.12438247
639 0.12808159
640 0.11989218
641 0.11558518
642 0.13038474
643 0.12975966
644 0.11999099
645 0.11378558
646 0.11064648
647 0.1061145
648 0.10773588
649 0.11194914
650 0.10650225
651 0.09914482
652 0.10002179
653 0.09866487
654 0.10211519
655 0.12985097
656 0.14458944
657 0.13470762
658 0.15836668
659 0.13089447
660 0.11366868
661 0.09986916
662 0.09359074
663 0.0925404
664 0.09510912
665 0.10296128
666 0.11157197
667 0.13087418
668 0.11480856
669 0.11095659
670 0.10758347
671 0.10794233
672 0.10917971
673 0.10195903
674 0.10196256
675 0.10405617
676 0.10071327
677 0.10436629
678 0.09812713
679 0.09382807
680 0.09033231
681 0.08155818
682 0.09372462
683 0.10792248
684 0.12383767
685 0.12085848
686 0.1220255
687 0.09570707
688 0.08662062
689 0.08240162
690 0.07900667
691 0.07575265
692 0.07082123
693 0.07260473
694 0.07040612
695 0.07080336
696 0.0853656
697 0.07532982
698 0.06835221
699 0.07294682
700 0.08071584
701 0.06824986
702 0.06731334
703 0.06221208
704 0.06200805
705 0.0534503
706 0.05663329
707 0.05484648
708 0.05005931
709 0.04850829
710 0.05244496
711 0.04344739
712 0.05282389
713 0.0544616
714 0.04478182
715 0.0419546
716 0.04754463
717 0.04434973
718 0.04065237
719 0.04458044
720 0.04204679
721 0.05394238
722 0.04371869
723 0.04626821
724 0.05006593
725 0.05148505
726 0.04866643
727 0.04340173
728 0.04238338
729 0.03537488
730 0.0339895
731 0.03767318
732 0.03618127
733 0.03971497
734 0.0389807
735 0.03392642
736 0.03952947
737 0.04631453
738 0.05349971
739 0.04558622
740 0.04653334
741 0.0534192
742 0.04196938
743 0.04745133
744 0.03270559
745 0.02976058
746 0.03517946
747 0.03099774
748 0.02946745
749 0.03272544
750 0.03222938
751 0.03730572
752 0.0353901
753 0.03553612
754 0.04112659
755 0.05283271
756 0.05234372
757 0.03820695
758 0.03889644
759 0.03608577
760 0.03730109
761 0.03316348
762 0.03921605
763 0.03352389
764 0.04820523
765 0.04972714
766 0.06206959
767 0.07912754
768 0.06088228
769 0.05299703
770 0.04090029
771 0.0379383
772 0.04743391
773 0.03628803
774 0.02539205
775 0.03428617
776 0.03196669
777 0.0189568
778 0.03301967
779 0.03535878
780 0.03840723
781 0.04644136
782 0.02854129
783 0.02832359
784 0.03277507
785 0.02331299
786 0.0199134
787 0.01624979
788 0.01264507
789 0.02383749
790 0.01291835
791 0.02263408
792 0.02152155
793 0.0269241
794 0.0227876
795 0.0288695
796 0.02637114
797 0.03584028
798 0.01828937
799 0.02240227
800 0.02591346
801 0.01745232
802 0.02537925
803 0.00837336
804 0.01498065
805 0.01435755
806 0.01832377
807 0.02182769
808 0.01967386
809 0.02976257
810 0.02583208
811 0.01341044
812 0.02659281
813 0.02454485
814 0.02490239
815 0.02699711
816 0.03786728
817 0.05464621
818 0.31115766
819 0.68236783
820 0.73471331
821 0.51327192
822 0.30687867
823 0.1471147
824 0.09855944
825 0.06533971
826 0.03594725
827 0.03803116
828 0.03654697
829 0.03361564
830 0.03438498
831 0.0302015
832 0.04057275
833 0.03573793
834 0.04204106
835 0.01814004
836 0.02258754
837 0.00068023
838 0.01902826
839 0.01883902
840 0.01024046
841 0.00540233
842 0.00122084
843 0.02445795
844 0.03045294
845 0.01673768
846 0.00341304
847 0.02754874
848 0.02127848
849 0.02831654
850 0.02078728
851 0.03353889
852 0.01471376
853 0.0
854 0.0103878
855 0.00507986
856 0.00388373
857 0.00549277
858 0.02234294
859 0.01230275
860 0.0030458
861 0.01874285
862 0.00347348
863 0.0257026
864 0.02168719
865 0.0
866 0.01684796
867 0.01444534
868 0.00836498
869 0.03149931
870 0.01744394
871 0.01110839
872 0.00451036
873 0.00458138
874 0.0234118
875 0.03269015
876 0.0062224
877 0.0205623
878 0.00720855
879 0.01623523
880 0.00772953
881 0.01583821
882 0.02239697
883 0.0
884 0.02464411
885 0.02539249
886 0.0
887 0.0
888 0.0
889 0.00232212
890 0.0
891 0.0
892 0.0
893 0.01115228
894 0.01114059
895 0.0
896 0.0378814
897 0.0
898 0.01816078
899 0.03055992
900 0.0
901 0.0
902 0.0
903 0.0
904 0.0
905 0.0
906 0.0
907 0.0
908 0.0
909 0.0
910 0.0
911 0.0
912 0.0
913 0.0
914 0.0
915 0.0
916 0.0
917 0.0
918 0.0
919 0.0
920 0.0
921 0.0
922 0.0
923 0.0
924 0.0
925 0.0
926 0.0
927 0.0
928 0.0
929 0.0
930 0.0
931 0.0
932 0.0
933 0.0
934 0.0
935 0.0
936 0.0
937 0.0
938 0.0
939 0.0
940 0.0
941 0.0
942 0.0
943 0.0
944 0.0
945 0.0
946 0.0
947 0.0
948 0.0
949 0.0
950 0.0
951 0.0
952 0.0
953 0.0
954 0.0
955 0.0
956 0.0
957 0.0
958 0.0
959 0.0
960 0.0
961 0.0
962 0.0
963 0.0
964 0.0
965 0.0
966 0.0
967 0.0
968 0.0
969 0.0
970 0.0
971 0.0
972 0.0
973 0.0
974 0.0
975 0.0
976 0.0
977 0.0
978 0.0
979 0.0
980 0.0
981 0.0
982 0.0
983 0.0
984 0.0
985 0.0
986 0.0
987 0.0
988 0.0
989 0.0
990 0.0
991 0.0
992 0.0
993 0.0
994 0.0
995 0.0
996 0.0
997 0.0
998 0.0
999 0.0
1000 0.0
1001 0.0
1002 0.0
1003 0.0
1004 0.0
1005 0.0
1006 0.0
1007 0.0
1008 0.0
1009 0.0
1010 0.0
1011 0.0
1012 0.0
1013 0.0
1014 0.0
1015 0.0
1016 0.0
1017 0.0
1018 0.0
1019 0.0
1020 0.0
1021 0.0
1022 0.0
1023 0.0
1024 0.0
1025 0.0
1026 0.0
1027 0.0
1028 0.0
1029 0.0
1030 0.0
1031 0.0
1032 0.0
1033 0.0
1034 0.0
1035 0.0
1036 0.0
1037 0.0
1038 0.0
1039 0.0
1040 0.0
1041 0.0
1042 0.0
1043 0.0
1044 0.0
1045 0.0
1046 0.0
1047 0.0
1048 0.0
1049 0.0
1050 0.0
1051 0.0
1052 0.0
1053 0.0
1054 0.0
1055 0.0
1056 0.0
1057 0.0
1058 0.0
1059 0.0
1060 0.0
1061 0.0
1062 0.0
1063 0.0
1064 0.0
1065 0.0
1066 0.0
1067 0.0
1068 0.0
1069 0.0
1070 0.0
1071 0.0
1072 0.0
1073 0.0
1074 0.0
1075 0.0
1076 0.0
1077 0.0
1078 0.0
1079 0.0
1080 0.0
1081 0.0
1082 0.0
1083 0.0
1084 0.0
1085 0.0
1086 0.0
1087 0.0
1088 0.0
1089 0.0
1090 0.0
1091 0.0
1092 0.0
1093 0.0
1094 0.0
1095 0.0
1096 0.0
1097 0.0
1098 0.0
1099 0.0
1100 0.0
