MH_Metal_Halide_4280K_SFH_Ferial
380 0.07251568
381 0.06941083
382 0.06754084
383 0.08107145
384 0.08596515
385 0.06702652
386 0.0574003
387 0.07857772
388 0.08484015
389 0.08081252
390 0.12721543
391 0.2247576
392 0.21911646
393 0.16391653
394 0.12146795
395 0.1052165
396 0.09489141
397 0.08652343
398 0.0790103
399 0.09806757
400 0.11801687
401 0.15861299
402 0.26957759
403 0.31048718
404 0.27976822
405 0.25645789
406 0.22096708
407 0.15781668
408 0.18957889
409 0.19089429
410 0.15333819
411 0.10922984
412 0.09498576
413 0.12271096
414 0.15152199
415 0.16684344
416 0.18188398
417 0.16570506
418 0.12531763
419 0.08838373
420 0.08402402
421 0.10182505
422 0.11933934
423 0.14215901
424 0.18101499
425 0.18553851
426 0.15198007
427 0.10918374
428 0.10481097
429 0.11090267
430 0.10831122
431 0.14237322
432 0.18355711
433 0.16629838
434 0.12093994
435 0.16567326
436 0.26493666
437 0.25950835
438 0.17990059
439 0.13129346
440 0.11881841
441 0.1243443
442 0.11539131
443 0.10226884
444 0.08993162
445 0.08154981
446 0.08681708
447 0.0778392
448 0.07920853
449 0.09534181
450 0.10129997
451 0.09425876
452 0.08629723
453 0.07924434
454 0.08562124
455 0.08758435
456 0.09871773
457 0.10086985
458 0.09204855
459 0.08593365
460 0.07471236
461 0.07482608
462 0.05852223
463 0.04911269
464 0.04704801
465 0.04867382
466 0.06315824
467 0.08961322
468 0.09720288
469 0.09036251
470 0.08664882
471 0.11632791
472 0.1432625
473 0.26298554
474 0.39467071
475 0.3625148
476 0.2303883
477 0.11835556
478 0.10567627
479 0.0966761
480 0.07678104
481 0.06711534
482 0.0770999
483 0.11219409
484 0.13722735
485 0.12887888
486 0.10246154
487 0.08831243
488 0.08557683
489 0.07467733
490 0.06845778
491 0.07220097
492 0.07597644
493 0.07837534
494 0.08522463
495 0.08665389
496 0.08031479
497 0.07781353
498 0.11425263
499 0.13312703
500 0.1148716
501 0.08396839
502 0.09542709
503 0.10485999
504 0.1058218
505 0.09264156
506 0.12067948
507 0.21979383
508 0.43208667
509 0.5641643
510 0.47773692
511 0.30267333
512 0.18152332
513 0.09555464
514 0.06267864
515 0.06442185
516 0.07390884
517 0.06512749
518 0.05592156
519 0.04645455
520 0.0582613
521 0.09111686
522 0.10725121
523 0.09506428
524 0.07541709
525 0.05642467
526 0.0704968
527 0.05863579
528 0.06158422
529 0.06193965
530 0.06458335
531 0.06601738
532 0.06356822
533 0.07087313
534 0.11125826
535 0.20877877
536 0.22232643
537 0.17258554
538 0.12914673
539 0.12377557
540 0.12378572
541 0.09833479
542 0.07872817
543 0.08026484
544 0.10857291
545 0.16160598
546 0.33337908
547 0.33051225
548 0.33550353
549 0.24612327
550 0.16463016
551 0.14548791
552 0.20823355
553 0.19275859
554 0.16010357
555 0.10735894
556 0.09199277
557 0.09028076
558 0.08986478
559 0.09497608
560 0.08423347
561 0.07708561
562 0.06424006
563 0.05414777
564 0.05614699
565 0.06682352
566 0.08146729
567 0.18908439
568 0.28961602
569 0.42474657
570 0.39046574
571 0.40917649
572 0.3561382
573 0.24750613
574 0.14240949
575 0.07708699
576 0.08854938
577 0.14660293
578 0.13851462
579 0.16724297
580 0.13986675
581 0.11075223
582 0.06994144
583 0.04904139
584 0.04157006
585 0.04564441
586 0.056539
587 0.08599158
588 0.26191048
589 0.56918586
590 0.85652467
591 1.0
592 0.84752051
593 0.65921076
594 0.47492003
595 0.36852336
596 0.30030131
597 0.26561803
598 0.24460288
599 0.22218259
600 0.19914579
601 0.17129289
602 0.149918
603 0.13795619
604 0.12736433
605 0.11269336
606 0.09838074
607 0.08782315
608 0.08232
609 0.07883374
610 0.07694808
611 0.07889136
612 0.0728891
613 0.0664143
614 0.06182624
615 0.07928782
616 0.09959041
617 0.1029396
618 0.1044729
619 0.10443525
620 0.11047148
621 0.16148658
622 0.14424428
623 0.13049178
624 0.16311346
625 0.15545189
626 0.18511838
627 0.14735252
628 0.13221901
629 0.09856207
630 0.12402959
631 0.17060799
632 0.12698047
633 0.11354053
634 0.07154988
635 0.06573601
636 0.0537948
637 0.05659493
638 0.07301526
639 0.06570282
640 0.05876011
641 0.06912193
642 0.07711419
643 0.05807859
644 0.05301662
645 0.0506466
646 0.0687605
647 0.06231906
648 0.05236799
649 0.04142792
650 0.03836978
651 0.03829356
652 0.03390911
653 0.04589596
654 0.0446365
655 0.04520369
656 0.04069016
657 0.03391664
658 0.0470245
659 0.0767122
660 0.07507825
661 0.06199036
662 0.04312702
663 0.03148623
664 0.0271259
665 0.02591823
666 0.03694466
667 0.04105358
668 0.0380168
669 0.03319978
670 0.03234523
671 0.05858693
672 0.05917455
673 0.05381646
674 0.05554338
675 0.04791516
676 0.04652923
677 0.03635657
678 0.04054356
679 0.03728811
680 0.0372689
681 0.03512846
682 0.04342483
683 0.05330951
684 0.05477397
685 0.04051897
686 0.03566614
687 0.02622725
688 0.02843223
689 0.02895624
690 0.02542342
691 0.03524371
692 0.03374576
693 0.0292396
694 0.0277584
695 0.03192433
696 0.02674788
697 0.0274022
698 0.02210189
699 0.03769225
700 0.04117575
701 0.04016093
702 0.03570902
703 0.03157935
704 0.02345816
705 0.02004919
706 0.02095091
707 0.02160492
708 0.02530156
709 0.02546506
710 0.02004151
711 0.01935507
712 0.01715317
713 0.01818658
714 0.02501681
715 0.02468935
716 0.02320999
717 0.03582427
718 0.03109699
719 0.02725037
720 0.02433422
721 0.0266606
722 0.03341445
723 0.02643163
724 0.02200108
725 0.01884428
726 0.01940917
727 0.01252638
728 0.01598022
729 0.01804398
730 0.01798128
731 0.01378231
732 0.01323111
733 0.01595302
734 0.01213315
735 0.01553827
736 0.01379291
737 0.00846356
738 0.01719312
739 0.02493106
740 0.021541
741 0.01800787
742 0.0159435
743 0.0201397
744 0.01668125
745 0.02059932
746 0.0151999
747 0.01325784
748 0.01499583
749 0.01553505
750 0.0131011
751 0.01457047
752 0.01548357
753 0.01995392
754 0.01920509
755 0.01315089
756 0.01639835
757 0.02349473
758 0.02802563
759 0.03216298
760 0.02029045
761 0.02111811
762 0.01485061
763 0.01612129
764 0.01892358
765 0.02763961
766 0.0360182
767 0.05758179
768 0.04426601
769 0.03698692
770 0.04916171
771 0.04725592
772 0.03646307
773 0.02339131
774 0.02476034
775 0.02781203
776 0.01725628
777 0.02030274
778 0.01577615
779 0.02583125
780 0.02158587
781 0.02551823
782 0.0303248
783 0.02363918
784 0.02130696
785 0.02753543
786 0.0363787
787 0.02675018
788 0.02019256
789 0.0175799
790 0.01684783
791 0.012992
792 0.01658598
793 0.00734778
794 0.01615417
795 0.01623116
796 0.01141506
797 0.00816852
798 0.0220796
799 0.01640127
800 0.01554673
801 0.02247484
802 0.02166793
803 0.01125571
804 0.01531423
805 0.02066018
806 0.01713857
807 0.01465822
808 0.01434597
809 0.02307476
810 0.01455849
811 0.01454604
812 0.01179293
813 0.01350755
814 0.01775063
815 0.01534465
816 0.03028424
817 0.03333977
818 0.20642488
819 0.53389927
820 0.71080518
821 0.57165822
822 0.29274946
823 0.10606413
824 0.06385681
825 0.02816024
826 0.01998788
827 0.0239333
828 0.01989844
829 0.01510078
830 0.01815923
831 0.0177849
832 0.02125994
833 0.02627673
834 0.0166224
835 0.01196719
836 0.01428189
837 0.00970658
838 0.01174621
839 0.0019459
840 0.00934162
841 0.01971066
842 0.0330498
843 0.01678483
844 0.02668795
845 0.02037205
846 0.02105433
847 0.01995592
848 0.03522865
849 0.02384571
850 0.00668286
851 0.00646941
852 0.01271048
853 0.00932241
854 0.01227022
855 0.01767702
856 0.01391262
857 0.02088115
858 0.00784213
859 0.00184709
860 0.01974739
861 0.0117078
862 0.00552912
863 0.01725828
864 0.01999833
865 0.02625952
866 0.01619597
867 0.00401426
868 0.02653628
869 0.02427736
870 0.02451601
871 0.03018251
872 0.00255012
873 0.01735647
874 0.01490409
875 0.02233393
876 0.02128898
877 0.03806766
878 0.01557331
879 0.02603932
880 0.02831683
881 0.02366607
882 0.03107516
883 0.02595173
884 0.03047601
885 0.02662033
886 0.00646619
887 0.01326722
888 0.0271969
889 0.01010719
890 0.01332315
891 0.03280854
892 0.03639453
893 0.01328197
894 0.04195746
895 0.03136145
896 0.03438394
897 0.03791169
898 0.04250375
899 0.01609486
900 0.03856063
901 0.0
902 0.0
903 0.0
904 0.0
905 0.0
906 0.0
907 0.0
908 0.0
909 0.0
910 0.0
911 0.0
912 0.0
913 0.0
914 0.0
915 0.0
916 0.0
917 0.0
918 0.0
919 0.0
920 0.0
921 0.0
922 0.0
923 0.0
924 0.0
925 0.0
926 0.0
927 0.0
928 0.0
929 0.0
930 0.0
931 0.0
932 0.0
933 0.0
934 0.0
935 0.0
936 0.0
937 0.0
938 0.0
939 0.0
940 0.0
941 0.0
942 0.0
943 0.0
944 0.0
945 0.0
946 0.0
947 0.0
948 0.0
949 0.0
950 0.0
951 0.0
952 0.0
953 0.0
954 0.0
955 0.0
956 0.0
957 0.0
958 0.0
959 0.0
960 0.0
961 0.0
962 0.0
963 0.0
964 0.0
965 0.0
966 0.0
967 0.0
968 0.0
969 0.0
970 0.0
971 0.0
972 0.0
973 0.0
974 0.0
975 0.0
976 0.0
977 0.0
978 0.0
979 0.0
980 0.0
981 0.0
982 0.0
983 0.0
984 0.0
985 0.0
986 0.0
987 0.0
988 0.0
989 0.0
990 0.0
991 0.0
992 0.0
993 0.0
994 0.0
995 0.0
996 0.0
997 0.0
998 0.0
999 0.0
1000 0.0
1001 0.0
1002 0.0
1003 0.0
1004 0.0
1005 0.0
1006 0.0
1007 0.0
1008 0.0
1009 0.0
1010 0.0
1011 0.0
1012 0.0
1013 0.0
1014 0.0
1015 0.0
1016 0.0
1017 0.0
1018 0.0
1019 0.0
1020 0.0
1021 0.0
1022 0.0
1023 0.0
1024 0.0
1025 0.0
1026 0.0
1027 0.0
1028 0.0
1029 0.0
1030 0.0
1031 0.0
1032 0.0
1033 0.0
1034 0.0
1035 0.0
1036 0.0
1037 0.0
1038 0.0
1039 0.0
1040 0.0
1041 0.0
1042 0.0
1043 0.0
1044 0.0
1045 0.0
1046 0.0
1047 0.0
1048 0.0
1049 0.0
1050 0.0
1051 0.0
1052 0.0
1053 0.0
1054 0.0
1055 0.0
1056 0.0
1057 0.0
1058 0.0
1059 0.0
1060 0.0
1061 0.0
1062 0.0
1063 0.0
1064 0.0
1065 0.0
1066 0.0
1067 0.0
1068 0.0
1069 0.0
1070 0.0
1071 0.0
1072 0.0
1073 0.0
1074 0.0
1075 0.0
1076 0.0
1077 0.0
1078 0.0
1079 0.0
1080 0.0
1081 0.0
1082 0.0
1083 0.0
1084 0.0
1085 0.0
1086 0.0
1087 0.0
1088 0.0
1089 0.0
1090 0.0
1091 0.0
1092 0.0
1093 0.0
1094 0.0
1095 0.0
1096 0.0
1097 0.0
1098 0.0
1099 0.0
1100 0.0
