MH_Metal_Halide_4813K_SFH_Alix
380 0.03995053
381 0.04335071
382 0.04309977
383 0.05375489
384 0.05747462
385 0.04820517
386 0.04615766
387 0.05394525
388 0.06047897
389 0.05953098
390 0.10054984
391 0.21688172
392 0.20217908
393 0.15288364
394 0.11713298
395 0.10257401
396 0.10045043
397 0.09436122
398 0.0758656
399 0.08824364
400 0.11293392
401 0.12904497
402 0.26709577
403 0.30947816
404 0.31535527
405 0.39302993
406 0.2776722
407 0.18257367
408 0.20900016
409 0.20151482
410 0.14434124
411 0.10596533
412 0.09097372
413 0.12027779
414 0.16655337
415 0.17763529
416 0.19490261
417 0.18393781
418 0.13345975
419 0.10524533
420 0.09950968
421 0.11756582
422 0.13558433
423 0.17061218
424 0.23467646
425 0.28001411
426 0.2059312
427 0.14828474
428 0.13390466
429 0.13953024
430 0.14788007
431 0.20117293
432 0.28561292
433 0.23822313
434 0.18792397
435 0.28903081
436 0.61871263
437 0.48277856
438 0.36306401
439 0.22671521
440 0.21218824
441 0.2056193
442 0.20333715
443 0.17937331
444 0.16591628
445 0.1520588
446 0.13375958
447 0.11827355
448 0.12847126
449 0.13439184
450 0.12514433
451 0.11581633
452 0.12456499
453 0.13125105
454 0.12912767
455 0.13518207
456 0.1398667
457 0.14275515
458 0.12984948
459 0.10544314
460 0.12974283
461 0.12750355
462 0.09085158
463 0.0672246
464 0.05829282
465 0.05772313
466 0.06389465
467 0.09050063
468 0.09235396
469 0.08960939
470 0.10071746
471 0.15308044
472 0.1694213
473 0.33715972
474 0.57042737
475 0.47775708
476 0.2982751
477 0.16844896
478 0.14198444
479 0.11433065
480 0.0983671
481 0.09284294
482 0.09032657
483 0.11426767
484 0.14085977
485 0.12916269
486 0.1035045
487 0.08256916
488 0.07962477
489 0.0705467
490 0.0672745
491 0.07977267
492 0.08346745
493 0.08166705
494 0.08654908
495 0.08981826
496 0.08643277
497 0.08709804
498 0.12948043
499 0.13520904
500 0.11050024
501 0.08662394
502 0.1077929
503 0.11908611
504 0.10416372
505 0.08703847
506 0.11871907
507 0.25485819
508 0.56910529
509 0.75777662
510 0.53411688
511 0.37714627
512 0.21800458
513 0.1111804
514 0.07463548
515 0.06164812
516 0.06191857
517 0.05071169
518 0.04781901
519 0.04388276
520 0.05289966
521 0.09115201
522 0.10928884
523 0.08420778
524 0.07669527
525 0.06181675
526 0.08163747
527 0.05844998
528 0.06375781
529 0.07541746
530 0.06068866
531 0.05983806
532 0.05756034
533 0.0648032
534 0.12087565
535 0.2407055
536 0.2442234
537 0.16540013
538 0.15486374
539 0.13956224
540 0.12721901
541 0.08489518
542 0.0833441
543 0.08765404
544 0.11933664
545 0.20920803
546 0.74581573
547 0.67245202
548 0.53811994
549 0.45905439
550 0.20003397
551 0.19594377
552 0.29106585
553 0.22317759
554 0.15949806
555 0.1261048
556 0.09164965
557 0.08061985
558 0.07047647
559 0.08607499
560 0.07500051
561 0.0654572
562 0.05940481
563 0.05575571
564 0.05979318
565 0.07793545
566 0.09687197
567 0.26907184
568 0.33537461
569 0.43924393
570 0.42780523
571 0.46366235
572 0.40004681
573 0.2552532
574 0.16000516
575 0.10689823
576 0.14652478
577 0.33498483
578 0.26792302
579 0.39090555
580 0.31043621
581 0.18827491
582 0.13438138
583 0.07927765
584 0.05603643
585 0.05405633
586 0.05977387
587 0.08317668
588 0.26439688
589 0.65918334
590 0.92562853
591 0.91599647
592 0.73244744
593 0.56117342
594 0.40725526
595 0.30083695
596 0.24958597
597 0.22210041
598 0.18910599
599 0.17783994
600 0.15212782
601 0.12998954
602 0.12362082
603 0.11734326
604 0.10405929
605 0.09271919
606 0.0841456
607 0.0762908
608 0.07378468
609 0.08160628
610 0.32486237
611 0.44597688
612 0.22418716
613 0.19498854
614 0.12250943
615 0.09039338
616 0.08105089
617 0.07448275
618 0.07229639
619 0.08101607
620 0.09465683
621 0.17459874
622 0.1393105
623 0.11843674
624 0.20746598
625 0.17051015
626 0.20455842
627 0.1605197
628 0.14176067
629 0.11286691
630 0.15090596
631 0.2327195
632 0.13080754
633 0.11435158
634 0.09007926
635 0.06624078
636 0.05221085
637 0.05593239
638 0.08055506
639 0.06050192
640 0.05414145
641 0.07577344
642 0.07620487
643 0.05843327
644 0.06393912
645 0.0640677
646 0.06549885
647 0.0570464
648 0.0519573
649 0.05065213
650 0.04592444
651 0.04139174
652 0.04118648
653 0.04685412
654 0.04332777
655 0.04078241
656 0.04259207
657 0.0382936
658 0.04277096
659 0.05408369
660 0.0515319
661 0.04695896
662 0.04293336
663 0.03800444
664 0.03714217
665 0.03853025
666 0.04389664
667 0.04701912
668 0.05776298
669 0.10497065
670 0.42820568
671 1.0
672 0.84166766
673 0.6108361
674 0.47413736
675 0.28090616
676 0.16924683
677 0.12245007
678 0.0978924
679 0.08399669
680 0.07815439
681 0.07185912
682 0.07919474
683 0.08416693
684 0.0787619
685 0.06508593
686 0.06002822
687 0.05316408
688 0.05615857
689 0.05528121
690 0.0491099
691 0.05711723
692 0.0524648
693 0.04667724
694 0.05033016
695 0.04973955
696 0.04736604
697 0.04672332
698 0.04710666
699 0.0546572
700 0.0561471
701 0.0582089
702 0.05355909
703 0.04733485
704 0.03928667
705 0.03644732
706 0.03368162
707 0.0361
708 0.03509063
709 0.0376054
710 0.03372428
711 0.03317231
712 0.03210821
713 0.03472641
714 0.03239516
715 0.03095878
716 0.03347436
717 0.03935529
718 0.03061428
719 0.03091411
720 0.03188645
721 0.02931675
722 0.03182387
723 0.02618702
724 0.0297176
725 0.02821683
726 0.02774776
727 0.02671022
728 0.02726763
729 0.02648444
730 0.02561774
731 0.02529417
732 0.02453432
733 0.02728815
734 0.02446752
735 0.02409081
736 0.02209844
737 0.02358593
738 0.02681345
739 0.02710705
740 0.02622566
741 0.02399121
742 0.02727326
743 0.02422886
744 0.02632487
745 0.02380406
746 0.02497542
747 0.02593891
748 0.02513077
749 0.02696115
750 0.0248905
751 0.02434054
752 0.02825184
753 0.02767029
754 0.02564069
755 0.0289
756 0.03185325
757 0.02902939
758 0.03016896
759 0.03156469
760 0.02919843
761 0.02718432
762 0.02421538
763 0.02415802
764 0.02785743
765 0.03041868
766 0.0425635
767 0.05805335
768 0.03923113
769 0.04295086
770 0.05806663
771 0.04266854
772 0.03246076
773 0.03643082
774 0.04073995
775 0.03973843
776 0.03313005
777 0.02973672
778 0.02564149
779 0.03381403
780 0.03327373
781 0.0293908
782 0.03088372
783 0.0309117
784 0.03142322
785 0.03620424
786 0.03664654
787 0.03728404
788 0.03465638
789 0.03690733
790 0.03169629
791 0.02820194
792 0.02719217
793 0.02530785
794 0.025234
795 0.027231
796 0.02396424
797 0.02349175
798 0.02681164
799 0.02906904
800 0.02496033
801 0.02343782
802 0.02436247
803 0.02686597
804 0.02700945
805 0.02781698
806 0.02920969
807 0.03191623
808 0.03394221
809 0.03527154
810 0.02473716
811 0.02787534
812 0.06624441
813 0.14541621
814 0.10126441
815 0.06874851
816 0.0562288
817 0.04413007
818 0.18309123
819 0.45498714
820 0.53381725
821 0.33793908
822 0.22575796
823 0.12338719
824 0.06722761
825 0.04119735
826 0.02828323
827 0.02961135
828 0.02748073
829 0.01902144
830 0.02272366
831 0.02309553
832 0.01835496
833 0.02481444
834 0.02399583
835 0.02113898
836 0.01965551
837 0.02224976
838 0.02164849
839 0.01748102
840 0.02340623
841 0.02063731
842 0.03078895
843 0.01258551
844 0.02623713
845 0.01687935
846 0.01752187
847 0.02439548
848 0.02459268
849 0.02947391
850 0.0249237
851 0.02713341
852 0.02254859
853 0.01773196
854 0.02315912
855 0.01721822
856 0.01848697
857 0.02846233
858 0.02270313
859 0.02838988
860 0.02113294
861 0.02578054
862 0.03050662
863 0.02727346
864 0.02853014
865 0.02015537
866 0.03399876
867 0.02359096
868 0.02604496
869 0.02717768
870 0.02920527
871 0.03771286
872 0.02124382
873 0.04000043
874 0.04403589
875 0.03725305
876 0.04023628
877 0.04277539
878 0.03005466
879 0.0346437
880 0.05021848
881 0.03005244
882 0.04000305
883 0.04880745
884 0.04964336
885 0.03414747
886 0.04448262
887 0.03546733
888 0.0442651
889 0.04887889
890 0.0480947
891 0.05088495
892 0.05925771
893 0.04920066
894 0.03865622
895 0.06237214
896 0.05686207
897 0.05738064
898 0.07189393
899 0.07052557
900 0.0619397
901 0.0
902 0.0
903 0.0
904 0.0
905 0.0
906 0.0
907 0.0
908 0.0
909 0.0
910 0.0
911 0.0
912 0.0
913 0.0
914 0.0
915 0.0
916 0.0
917 0.0
918 0.0
919 0.0
920 0.0
921 0.0
922 0.0
923 0.0
924 0.0
925 0.0
926 0.0
927 0.0
928 0.0
929 0.0
930 0.0
931 0.0
932 0.0
933 0.0
934 0.0
935 0.0
936 0.0
937 0.0
938 0.0
939 0.0
940 0.0
941 0.0
942 0.0
943 0.0
944 0.0
945 0.0
946 0.0
947 0.0
948 0.0
949 0.0
950 0.0
951 0.0
952 0.0
953 0.0
954 0.0
955 0.0
956 0.0
957 0.0
958 0.0
959 0.0
960 0.0
961 0.0
962 0.0
963 0.0
964 0.0
965 0.0
966 0.0
967 0.0
968 0.0
969 0.0
970 0.0
971 0.0
972 0.0
973 0.0
974 0.0
975 0.0
976 0.0
977 0.0
978 0.0
979 0.0
980 0.0
981 0.0
982 0.0
983 0.0
984 0.0
985 0.0
986 0.0
987 0.0
988 0.0
989 0.0
990 0.0
991 0.0
992 0.0
993 0.0
994 0.0
995 0.0
996 0.0
997 0.0
998 0.0
999 0.0
1000 0.0
1001 0.0
1002 0.0
1003 0.0
1004 0.0
1005 0.0
1006 0.0
1007 0.0
1008 0.0
1009 0.0
1010 0.0
1011 0.0
1012 0.0
1013 0.0
1014 0.0
1015 0.0
1016 0.0
1017 0.0
1018 0.0
1019 0.0
1020 0.0
1021 0.0
1022 0.0
1023 0.0
1024 0.0
1025 0.0
1026 0.0
1027 0.0
1028 0.0
1029 0.0
1030 0.0
1031 0.0
1032 0.0
1033 0.0
1034 0.0
1035 0.0
1036 0.0
1037 0.0
1038 0.0
1039 0.0
1040 0.0
1041 0.0
1042 0.0
1043 0.0
1044 0.0
1045 0.0
1046 0.0
1047 0.0
1048 0.0
1049 0.0
1050 0.0
1051 0.0
1052 0.0
1053 0.0
1054 0.0
1055 0.0
1056 0.0
1057 0.0
1058 0.0
1059 0.0
1060 0.0
1061 0.0
1062 0.0
1063 0.0
1064 0.0
1065 0.0
1066 0.0
1067 0.0
1068 0.0
1069 0.0
1070 0.0
1071 0.0
1072 0.0
1073 0.0
1074 0.0
1075 0.0
1076 0.0
1077 0.0
1078 0.0
1079 0.0
1080 0.0
1081 0.0
1082 0.0
1083 0.0
1084 0.0
1085 0.0
1086 0.0
1087 0.0
1088 0.0
1089 0.0
1090 0.0
1091 0.0
1092 0.0
1093 0.0
1094 0.0
1095 0.0
1096 0.0
1097 0.0
1098 0.0
1099 0.0
1100 0.0
