MH_Metal_Halide_5040K_SFH_Plaza
380 0.06044826
381 0.06677926
382 0.06150236
383 0.08000131
384 0.08345989
385 0.07743847
386 0.06222836
387 0.07180095
388 0.08038473
389 0.07500764
390 0.13006053
391 0.29575695
392 0.30257369
393 0.19945534
394 0.17290037
395 0.16802231
396 0.17460331
397 0.16209396
398 0.10704392
399 0.09828398
400 0.12918046
401 0.14995569
402 0.31170066
403 0.38570714
404 0.42079389
405 0.61909019
406 0.47618747
407 0.25705278
408 0.23944554
409 0.23892562
410 0.15602767
411 0.10312072
412 0.08022685
413 0.08629171
414 0.11497648
415 0.12956577
416 0.14814473
417 0.13356398
418 0.10750473
419 0.07979856
420 0.0725533
421 0.0835691
422 0.09576934
423 0.10429638
424 0.16356068
425 0.22496641
426 0.18441829
427 0.11982225
428 0.09282902
429 0.09060901
430 0.09361817
431 0.15034789
432 0.23880478
433 0.22771205
434 0.18866365
435 0.35219109
436 0.86039655
437 0.76891032
438 0.48287411
439 0.23728702
440 0.18459777
441 0.17669393
442 0.1694273
443 0.14895216
444 0.12986491
445 0.1184607
446 0.09575628
447 0.07084704
448 0.059633
449 0.05788282
450 0.06075761
451 0.05302257
452 0.05148202
453 0.04220192
454 0.04487966
455 0.04705291
456 0.04803744
457 0.05225431
458 0.0498909
459 0.04610873
460 0.04394973
461 0.03700787
462 0.03071225
463 0.02834337
464 0.02074793
465 0.019257
466 0.02653051
467 0.04755906
468 0.04736011
469 0.04035273
470 0.04134748
471 0.05756231
472 0.07306041
473 0.15856962
474 0.3112491
475 0.31292759
476 0.19592482
477 0.09829917
478 0.06775122
479 0.05726531
480 0.04406677
481 0.03378219
482 0.03506325
483 0.04818986
484 0.0629102
485 0.06350064
486 0.05331007
487 0.04272398
488 0.03827682
489 0.03578521
490 0.03504046
491 0.03996267
492 0.0496637
493 0.04581505
494 0.04605816
495 0.04494162
496 0.04406202
497 0.04009063
498 0.05715895
499 0.06485743
500 0.0552414
501 0.04275745
502 0.04976958
503 0.05880396
504 0.05578886
505 0.05011691
506 0.05906749
507 0.11948964
508 0.30713456
509 0.4541307
510 0.3504288
511 0.23807664
512 0.1261561
513 0.06053136
514 0.03508889
515 0.02806632
516 0.02807819
517 0.02787734
518 0.02504837
519 0.01905188
520 0.02420271
521 0.03623249
522 0.04975201
523 0.04418452
524 0.03782171
525 0.03185347
526 0.03497636
527 0.02785265
528 0.02934429
529 0.03004346
530 0.02974765
531 0.02876501
532 0.02661337
533 0.03007266
534 0.05481738
535 0.11144715
536 0.12805276
537 0.09371907
538 0.07570491
539 0.06915953
540 0.06270674
541 0.04897616
542 0.04205092
543 0.04171808
544 0.05935119
545 0.13253743
546 0.72217388
547 0.82819456
548 0.59759324
549 0.41938843
550 0.18682729
551 0.12383708
552 0.14726299
553 0.12930272
554 0.09659671
555 0.07152769
556 0.04851653
557 0.0427679
558 0.03688252
559 0.0407644
560 0.03735591
561 0.03347735
562 0.02750104
563 0.02250927
564 0.02674608
565 0.03561095
566 0.04731026
567 0.13611994
568 0.21303872
569 0.27874632
570 0.26731291
571 0.27968313
572 0.23951558
573 0.16269556
574 0.10185676
575 0.06368582
576 0.13360696
577 0.42728277
578 0.430154
579 0.59787528
580 0.51503384
581 0.31489382
582 0.19312244
583 0.08737667
584 0.03780438
585 0.03135064
586 0.02729616
587 0.03768876
588 0.1530705
589 0.64763465
590 0.99843215
591 0.85042298
592 0.65508077
593 0.42067448
594 0.25608487
595 0.16648319
596 0.12927091
597 0.11119811
598 0.0946661
599 0.09164672
600 0.07933989
601 0.06611095
602 0.06007838
603 0.05622356
604 0.05126954
605 0.04451666
606 0.03773458
607 0.03609717
608 0.03592623
609 0.03063153
610 0.02973887
611 0.02973934
612 0.02814229
613 0.02774842
614 0.0246773
615 0.03177085
616 0.03464232
617 0.03499488
618 0.03787394
619 0.04256064
620 0.04357794
621 0.08758227
622 0.08705617
623 0.0710296
624 0.10224848
625 0.09638447
626 0.10379069
627 0.09299378
628 0.07159464
629 0.05550967
630 0.07563392
631 0.12299048
632 0.08143859
633 0.07048451
634 0.04975676
635 0.03116546
636 0.02402038
637 0.02188773
638 0.03087772
639 0.02814727
640 0.02511722
641 0.03061372
642 0.03258778
643 0.02565352
644 0.02276544
645 0.01759157
646 0.02257385
647 0.0190977
648 0.01773117
649 0.01877981
650 0.016999
651 0.01623193
652 0.01569918
653 0.01676539
654 0.01526828
655 0.01639313
656 0.01332295
657 0.01630505
658 0.01341839
659 0.02336133
660 0.03182047
661 0.02391236
662 0.02254797
663 0.01432933
664 0.01123422
665 0.01112786
666 0.01085603
667 0.01261072
668 0.01000254
669 0.00861322
670 0.0138754
671 0.02020355
672 0.0162146
673 0.01610254
674 0.02045354
675 0.01617044
676 0.01375503
677 0.01497484
678 0.0192608
679 0.01988756
680 0.01149774
681 0.01294001
682 0.0230546
683 0.0203384
684 0.023839
685 0.01904499
686 0.01391125
687 0.01455035
688 0.01133773
689 0.0114562
690 0.01313943
691 0.01839781
692 0.02579359
693 0.01652347
694 0.01258769
695 0.01185196
696 0.01383385
697 0.00963859
698 0.00916424
699 0.01427472
700 0.01362398
701 0.0145183
702 0.01626872
703 0.01465814
704 0.00507938
705 0.01092582
706 0.01036839
707 0.00791072
708 0.00917493
709 0.01929071
710 0.01093223
711 0.01089306
712 0.00085919
713 0.01092297
714 0.00122907
715 0.00543288
716 0.00562542
717 0.0176146
718 0.01310358
719 0.0126385
720 0.01844767
721 0.01612984
722 0.01195523
723 0.00479805
724 0.00665245
725 0.00299065
726 0.00920769
727 0.00295504
728 0.00635949
729 0.01164921
730 0.00488802
731 0.00668498
732 0.00403929
733 0.00366394
734 0.00116639
735 0.00639011
736 0.0042107
737 0.00463471
738 0.00821508
739 0.01194194
740 0.0108914
741 0.01067274
742 0.00540819
743 0.00550648
744 0.00440656
745 4.04e-06
746 0.00244579
747 0.00968204
748 0.00376745
749 0.00360293
750 0.0
751 0.0
752 0.0035082
753 0.01479299
754 0.01534188
755 0.00794325
756 0.00445499
757 0.01293858
758 0.00413354
759 0.0082082
760 0.00665008
761 0.00839551
762 0.00655274
763 0.00290874
764 0.00122764
765 0.00758215
766 0.0215264
767 0.02156818
768 0.01786222
769 0.01703888
770 0.01491288
771 0.01348344
772 0.01928976
773 0.01466502
774 0.02846991
775 0.00892589
776 0.02451989
777 0.0078922
778 0.0068108
779 0.01066633
780 0.0026115
781 0.00575528
782 0.00521612
783 0.00657909
784 0.0
785 0.00654324
786 0.00639795
787 0.0
788 0.0096298
789 0.00294791
790 0.0
791 0.00452241
792 0.01405369
793 0.0
794 0.00041357
795 0.00985962
796 0.00067424
797 0.00440727
798 0.00142113
799 0.0
800 0.0
801 0.00066783
802 0.0
803 0.0
804 0.01184389
805 0.0019121
806 0.00957378
807 0.00239
808 0.00701569
809 0.00360768
810 0.00325607
811 0.00108354
812 0.01052436
813 0.00436074
814 0.01369473
815 0.00074048
816 0.00954481
817 0.01025585
818 0.10713295
819 0.276664
820 0.34325025
821 0.22935327
822 0.1536994
823 0.08106514
824 0.02105063
825 0.00187957
826 0.01713574
827 0.0016811
828 0.0
829 0.0
830 0.00028442
831 0.01521914
832 0.01447794
833 0.0
834 0.0
835 0.0
836 0.01601588
837 0.01035841
838 0.00542908
839 0.01649688
840 0.0
841 0.00868112
842 0.00804652
843 0.01115516
844 0.00422399
845 0.01142462
846 0.00095296
847 0.00114218
848 0.01066135
849 0.0
850 0.0
851 0.00627924
852 0.0
853 0.0
854 0.0
855 0.02031418
856 0.0
857 0.0
858 0.01414581
859 0.01365817
860 0.0
861 0.00434982
862 0.0053892
863 0.0
864 0.0
865 0.0
866 0.00283966
867 0.0
868 0.0
869 0.01143958
870 0.0150323
871 0.00567029
872 0.00827586
873 0.01885008
874 0.00383037
875 0.00471946
876 0.00117114
877 0.00311553
878 0.0
879 0.00159658
880 0.0
881 0.01483572
882 0.0
883 0.00109232
884 0.0
885 0.0
886 0.0
887 0.0
888 0.02246772
889 0.0
890 0.0
891 0.0
892 0.0
893 0.0
894 0.0
895 0.01443782
896 0.0035685
897 0.00665934
898 0.0
899 0.01575188
900 0.00510217
901 0.0
902 0.0
903 0.0
904 0.0
905 0.0
906 0.0
907 0.0
908 0.0
909 0.0
910 0.0
911 0.0
912 0.0
913 0.0
914 0.0
915 0.0
916 0.0
917 0.0
918 0.0
919 0.0
920 0.0
921 0.0
922 0.0
923 0.0
924 0.0
925 0.0
926 0.0
927 0.0
928 0.0
929 0.0
930 0.0
931 0.0
932 0.0
933 0.0
934 0.0
935 0.0
936 0.0
937 0.0
938 0.0
939 0.0
940 0.0
941 0.0
942 0.0
943 0.0
944 0.0
945 0.0
946 0.0
947 0.0
948 0.0
949 0.0
950 0.0
951 0.0
952 0.0
953 0.0
954 0.0
955 0.0
956 0.0
957 0.0
958 0.0
959 0.0
960 0.0
961 0.0
962 0.0
963 0.0
964 0.0
965 0.0
966 0.0
967 0.0
968 0.0
969 0.0
970 0.0
971 0.0
972 0.0
973 0.0
974 0.0
975 0.0
976 0.0
977 0.0
978 0.0
979 0.0
980 0.0
981 0.0
982 0.0
983 0.0
984 0.0
985 0.0
986 0.0
987 0.0
988 0.0
989 0.0
990 0.0
991 0.0
992 0.0
993 0.0
994 0.0
995 0.0
996 0.0
997 0.0
998 0.0
999 0.0
1000 0.0
1001 0.0
1002 0.0
1003 0.0
1004 0.0
1005 0.0
1006 0.0
1007 0.0
1008 0.0
1009 0.0
1010 0.0
1011 0.0
1012 0.0
1013 0.0
1014 0.0
1015 0.0
1016 0.0
1017 0.0
1018 0.0
1019 0.0
1020 0.0
1021 0.0
1022 0.0
1023 0.0
1024 0.0
1025 0.0
1026 0.0
1027 0.0
1028 0.0
1029 0.0
1030 0.0
1031 0.0
1032 0.0
1033 0.0
1034 0.0
1035 0.0
1036 0.0
1037 0.0
1038 0.0
1039 0.0
1040 0.0
1041 0.0
1042 0.0
1043 0.0
1044 0.0
1045 0.0
1046 0.0
1047 0.0
1048 0.0
1049 0.0
1050 0.0
1051 0.0
1052 0.0
1053 0.0
1054 0.0
1055 0.0
1056 0.0
1057 0.0
1058 0.0
1059 0.0
1060 0.0
1061 0.0
1062 0.0
1063 0.0
1064 0.0
1065 0.0
1066 0.0
1067 0.0
1068 0.0
1069 0.0
1070 0.0
1071 0.0
1072 0.0
1073 0.0
1074 0.0
1075 0.0
1076 0.0
1077 0.0
1078 0.0
1079 0.0
1080 0.0
1081 0.0
1082 0.0
1083 0.0
1084 0.0
1085 0.0
1086 0.0
1087 0.0
1088 0.0
1089 0.0
1090 0.0
1091 0.0
1092 0.0
1093 0.0
1094 0.0
1095 0.0
1096 0.0
1097 0.0
1098 0.0
1099 0.0
1100 0.0
