MH_Metal_Halide_5494K_SFH_Lidl
380 0.18253329
381 0.10838519
382 0.06494535
383 0.05047873
384 0.04849097
385 0.04666523
386 0.0461517
387 0.04645641
388 0.04665272
389 0.04852419
390 0.04896995
391 0.05254485
392 0.04934698
393 0.05218782
394 0.04963336
395 0.05188624
396 0.05546056
397 0.05141933
398 0.05595726
399 0.05436139
400 0.05482273
401 0.0560892
402 0.05579412
403 0.05527634
404 0.09208673
405 0.20893779
406 0.12839146
407 0.06374267
408 0.0719761
409 0.07246481
410 0.22519566
411 0.36145046
412 0.23950882
413 0.14545185
414 0.09018629
415 0.05971938
416 0.05182356
417 0.05054096
418 0.04827798
419 0.05224032
420 0.0505404
421 0.05362194
422 0.05283298
423 0.05400589
424 0.05643619
425 0.0578901
426 0.05745707
427 0.06015288
428 0.06044625
429 0.06298152
430 0.06563328
431 0.06697546
432 0.06634467
433 0.07270019
434 0.08989551
435 0.13947395
436 0.40057036
437 0.31240924
438 0.1911741
439 0.13986351
440 0.14090672
441 0.14610046
442 0.15526724
443 0.1592185
444 0.1622234
445 0.14765402
446 0.11512221
447 0.08543949
448 0.06304877
449 0.05848213
450 0.07227877
451 0.40752286
452 0.64695677
453 0.43151753
454 0.25572497
455 0.14318682
456 0.07244973
457 0.04125186
458 0.02627068
459 0.02143892
460 0.0202723
461 0.01831326
462 0.01701917
463 0.01720331
464 0.01856837
465 0.01519745
466 0.01840683
467 0.01795704
468 0.02073688
469 0.0172936
470 0.01775572
471 0.015276
472 0.01616821
473 0.01634441
474 0.0170149
475 0.01582703
476 0.01598457
477 0.01467722
478 0.01549505
479 0.01472228
480 0.01345297
481 0.01394608
482 0.01442517
483 0.0142088
484 0.01560954
485 0.0153882
486 0.01454702
487 0.01664548
488 0.01624062
489 0.01514412
490 0.01664618
491 0.01711477
492 0.02003196
493 0.01847139
494 0.0169895
495 0.01675205
496 0.01657239
497 0.01765702
498 0.0245209
499 0.02737278
500 0.02195413
501 0.01835552
502 0.01654068
503 0.01581653
504 0.01504433
505 0.01473794
506 0.01652829
507 0.01563257
508 0.01713204
509 0.01651703
510 0.01623919
511 0.01805921
512 0.01700401
513 0.01618546
514 0.01734061
515 0.01865815
516 0.01923903
517 0.01929375
518 0.01868438
519 0.01934718
520 0.01933458
521 0.02169359
522 0.02290419
523 0.022282
524 0.02046099
525 0.02043191
526 0.01860216
527 0.01838189
528 0.01876477
529 0.01865163
530 0.02136337
531 0.02206676
532 0.02505382
533 0.03122467
534 0.07285982
535 0.72736761
536 0.91726108
537 0.63734283
538 0.42534394
539 0.26139895
540 0.16869716
541 0.10059545
542 0.0565007
543 0.03629457
544 0.02788688
545 0.03763842
546 0.4027151
547 0.35640995
548 0.2165964
549 0.10684549
550 0.04401934
551 0.0271325
552 0.0221088
553 0.02310843
554 0.0225105
555 0.02015864
556 0.02038771
557 0.01806471
558 0.01860084
559 0.01729921
560 0.01869788
561 0.01754443
562 0.01714395
563 0.01688711
564 0.01791304
565 0.01683435
566 0.01815167
567 0.02063763
568 0.0351274
569 0.07112746
570 0.05459105
571 0.03753904
572 0.0291676
573 0.02176022
574 0.02217222
575 0.02385427
576 0.05042205
577 0.18582818
578 0.14011956
579 0.22098616
580 0.15401255
581 0.09672944
582 0.05754613
583 0.03316214
584 0.02776661
585 0.02710569
586 0.03003533
587 0.04473534
588 0.16153294
589 0.72901532
590 1.0
591 0.76415108
592 0.52428713
593 0.31418522
594 0.19417773
595 0.14199579
596 0.10957005
597 0.09111101
598 0.07855986
599 0.07089268
600 0.0626512
601 0.05839984
602 0.05343701
603 0.04943354
604 0.04369963
605 0.04287481
606 0.03994328
607 0.03564709
608 0.03323154
609 0.03355928
610 0.03408389
611 0.03247181
612 0.02995918
613 0.02866587
614 0.02502984
615 0.02901136
616 0.03688544
617 0.03223874
618 0.02841526
619 0.02604466
620 0.02407245
621 0.02549336
622 0.02455743
623 0.02248124
624 0.02421601
625 0.02218779
626 0.02122382
627 0.02274328
628 0.02354952
629 0.02046441
630 0.01966926
631 0.02057509
632 0.02160745
633 0.02036014
634 0.01919097
635 0.01890132
636 0.02007183
637 0.02112409
638 0.02008676
639 0.02086262
640 0.01809999
641 0.01868828
642 0.01891539
643 0.01682477
644 0.01802639
645 0.0186088
646 0.01847943
647 0.01978379
648 0.01935371
649 0.01854347
650 0.01712511
651 0.01818832
652 0.01675936
653 0.0185163
654 0.01915369
655 0.03926622
656 0.03229201
657 0.02629852
658 0.02168485
659 0.01840545
660 0.01753
661 0.01811727
662 0.01605211
663 0.01515088
664 0.01674788
665 0.01645575
666 0.01639794
667 0.01723026
668 0.01698068
669 0.01699382
670 0.04069255
671 0.11950565
672 0.07042045
673 0.0526665
674 0.03290633
675 0.0211615
676 0.01834481
677 0.0165974
678 0.01583547
679 0.01459394
680 0.01584381
681 0.0160468
682 0.01492738
683 0.01659276
684 0.01626211
685 0.01652227
686 0.01932919
687 0.01692371
688 0.01469404
689 0.01556408
690 0.01737751
691 0.01818137
692 0.01394438
693 0.0158207
694 0.01882326
695 0.01722762
696 0.01235279
697 0.01472123
698 0.0116108
699 0.01170157
700 0.01483743
701 0.01302081
702 0.0145663
703 0.01283534
704 0.01297546
705 0.01352811
706 0.01376717
707 0.01305909
708 0.01470683
709 0.0148266
710 0.00806862
711 0.01353027
712 0.01112396
713 0.01244788
714 0.01284859
715 0.01267621
716 0.01125118
717 0.01452742
718 0.01318919
719 0.01383173
720 0.01541155
721 0.01281394
722 0.01255333
723 0.01508435
724 0.01345265
725 0.01271517
726 0.01053586
727 0.01153571
728 0.01241349
729 0.01204061
730 0.01464301
731 0.01203451
732 0.01266587
733 0.01388705
734 0.01001567
735 0.01354872
736 0.00890898
737 0.0120987
738 0.01170624
739 0.01383282
740 0.01427129
741 0.01468855
742 0.00881278
743 0.01430395
744 0.01436044
745 0.00806522
746 0.00979934
747 0.01210578
748 0.01577992
749 0.0115122
750 0.01166129
751 0.0113451
752 0.01076626
753 0.00680053
754 0.01231127
755 0.01069017
756 0.0081232
757 0.00774959
758 0.00795644
759 0.0052333
760 0.00876415
761 0.01384384
762 0.00823684
763 0.01052341
764 0.01184396
765 0.00978493
766 0.03199067
767 0.02978618
768 0.02388156
769 0.02466432
770 0.03223168
771 0.02125039
772 0.02026618
773 0.01315204
774 0.01368946
775 0.00461792
776 0.01389419
777 0.00835116
778 0.00183377
779 0.00688808
780 0.00156237
781 0.00493265
782 0.00862559
783 0.0085344
784 0.00577635
785 0.00834616
786 0.00577211
787 0.01282023
788 0.00831342
789 0.00565654
790 0.00565642
791 0.00408412
792 0.00896516
793 0.00673912
794 0.00095041
795 0.01151123
796 0.01351072
797 0.00634954
798 0.01758326
799 0.0088045
800 0.01599597
801 0.01156245
802 0.00629435
803 0.01255805
804 0.00704973
805 0.00233444
806 0.00734329
807 0.01062625
808 0.00783793
809 0.00826723
810 0.00268185
811 0.00746815
812 0.00268539
813 0.00591085
814 0.00455238
815 0.0010041
816 0.01070318
817 0.01800094
818 0.1880291
819 0.36800375
820 0.31690896
821 0.17384009
822 0.09699953
823 0.05059346
824 0.01993045
825 0.01234008
826 0.01482669
827 0.01047621
828 0.01168872
829 0.01786498
830 0.01764606
831 0.00375886
832 0.01212418
833 0.00335652
834 0.00939821
835 0.0
836 0.00044305
837 0.0011879
838 0.0003059
839 0.00161821
840 0.0028123
841 0.00055352
842 0.00017785
843 0.0077878
844 0.00619014
845 0.00783567
846 0.0
847 0.00521016
848 0.0
849 0.00558636
850 0.0
851 0.00328773
852 0.00382731
853 0.0
854 0.0
855 0.0
856 0.01546394
857 0.00028215
858 0.00649487
859 0.00425874
860 8.2e-07
861 0.00108945
862 0.00065007
863 0.00923109
864 0.00816835
865 0.0
866 0.00592407
867 0.0
868 0.00250534
869 8.618e-05
870 0.0006882
871 0.00063594
872 0.00588712
873 0.00135586
874 0.0
875 0.01328274
876 0.0
877 0.0
878 0.00613869
879 0.00380216
880 0.0
881 0.00742671
882 0.00199054
883 0.00016193
884 0.0
885 0.00536197
886 0.0
887 0.0
888 0.0
889 5.201e-05
890 0.0
891 0.00192378
892 0.0008288
893 0.0081373
894 0.0
895 0.00078949
896 0.0
897 0.0
898 0.0
899 0.0
900 0.0
901 0.0
902 0.0
903 0.0
904 0.0
905 0.0
906 0.0
907 0.0
908 0.0
909 0.0
910 0.0
911 0.0
912 0.0
913 0.0
914 0.0
915 0.0
916 0.0
917 0.0
918 0.0
919 0.0
920 0.0
921 0.0
922 0.0
923 0.0
924 0.0
925 0.0
926 0.0
927 0.0
928 0.0
929 0.0
930 0.0
931 0.0
932 0.0
933 0.0
934 0.0
935 0.0
936 0.0
937 0.0
938 0.0
939 0.0
940 0.0
941 0.0
942 0.0
943 0.0
944 0.0
945 0.0
946 0.0
947 0.0
948 0.0
949 0.0
950 0.0
951 0.0
952 0.0
953 0.0
954 0.0
955 0.0
956 0.0
957 0.0
958 0.0
959 0.0
960 0.0
961 0.0
962 0.0
963 0.0
964 0.0
965 0.0
966 0.0
967 0.0
968 0.0
969 0.0
970 0.0
971 0.0
972 0.0
973 0.0
974 0.0
975 0.0
976 0.0
977 0.0
978 0.0
979 0.0
980 0.0
981 0.0
982 0.0
983 0.0
984 0.0
985 0.0
986 0.0
987 0.0
988 0.0
989 0.0
990 0.0
991 0.0
992 0.0
993 0.0
994 0.0
995 0.0
996 0.0
997 0.0
998 0.0
999 0.0
1000 0.0
1001 0.0
1002 0.0
1003 0.0
1004 0.0
1005 0.0
1006 0.0
1007 0.0
1008 0.0
1009 0.0
1010 0.0
1011 0.0
1012 0.0
1013 0.0
1014 0.0
1015 0.0
1016 0.0
1017 0.0
1018 0.0
1019 0.0
1020 0.0
1021 0.0
1022 0.0
1023 0.0
1024 0.0
1025 0.0
1026 0.0
1027 0.0
1028 0.0
1029 0.0
1030 0.0
1031 0.0
1032 0.0
1033 0.0
1034 0.0
1035 0.0
1036 0.0
1037 0.0
1038 0.0
1039 0.0
1040 0.0
1041 0.0
1042 0.0
1043 0.0
1044 0.0
1045 0.0
1046 0.0
1047 0.0
1048 0.0
1049 0.0
1050 0.0
1051 0.0
1052 0.0
1053 0.0
1054 0.0
1055 0.0
1056 0.0
1057 0.0
1058 0.0
1059 0.0
1060 0.0
1061 0.0
1062 0.0
1063 0.0
1064 0.0
1065 0.0
1066 0.0
1067 0.0
1068 0.0
1069 0.0
1070 0.0
1071 0.0
1072 0.0
1073 0.0
1074 0.0
1075 0.0
1076 0.0
1077 0.0
1078 0.0
1079 0.0
1080 0.0
1081 0.0
1082 0.0
1083 0.0
1084 0.0
1085 0.0
1086 0.0
1087 0.0
1088 0.0
1089 0.0
1090 0.0
1091 0.0
1092 0.0
1093 0.0
1094 0.0
1095 0.0
1096 0.0
1097 0.0
1098 0.0
1099 0.0
1100 0.0
