MH_Metal_Halide_5506K_Almeria_Calle_Ronda
380 0.04694782
381 0.0396842
382 0.03413091
383 0.03158269
384 0.0436027
385 0.04420074
386 0.0419286
387 0.04973574
388 0.05532811
389 0.05223355
390 0.05311804
391 0.05605265
392 0.05804352
393 0.05938128
394 0.06941985
395 0.08053563
396 0.06980843
397 0.0847553
398 0.08766867
399 0.08600225
400 0.08581499
401 0.0930972
402 0.09220572
403 0.09984352
404 0.10578972
405 0.11969076
406 0.13247056
407 0.10793561
408 0.11303419
409 0.12412225
410 0.12083377
411 0.13408074
412 0.12082542
413 0.12033769
414 0.15992026
415 0.17235613
416 0.16474148
417 0.17652976
418 0.20961437
419 0.23974609
420 0.2931025
421 0.2951504
422 0.33471333
423 0.35214583
424 0.284537
425 0.23233641
426 0.19816382
427 0.17487951
428 0.15718108
429 0.15240722
430 0.15425005
431 0.15230024
432 0.16182771
433 0.14378577
434 0.12725196
435 0.12871908
436 0.16400448
437 0.19044686
438 0.15149937
439 0.13257615
440 0.12303156
441 0.12985247
442 0.12812136
443 0.1164133
444 0.10761104
445 0.12149711
446 0.12230033
447 0.12641496
448 0.12212326
449 0.14710954
450 0.12689894
451 0.11587607
452 0.12057136
453 0.13250251
454 0.13588382
455 0.12655974
456 0.14521921
457 0.15865083
458 0.16577223
459 0.18971375
460 0.1903038
461 0.16486759
462 0.17340078
463 0.15652398
464 0.15044006
465 0.14062987
466 0.12719892
467 0.13363422
468 0.15749438
469 0.14515313
470 0.13480639
471 0.13940999
472 0.12798065
473 0.17840436
474 0.17804181
475 0.1656705
476 0.13008316
477 0.13409072
478 0.15996831
479 0.16465599
480 0.17771697
481 0.17674447
482 0.18406379
483 0.18468415
484 0.16013553
485 0.14324879
486 0.13450094
487 0.11899168
488 0.13330143
489 0.16586142
490 0.16941312
491 0.15802966
492 0.16905624
493 0.14942989
494 0.1336349
495 0.13289299
496 0.14007418
497 0.13241182
498 0.12447957
499 0.12049487
500 0.12691105
501 0.14311547
502 0.13942375
503 0.16242614
504 0.16805931
505 0.19582729
506 0.17951893
507 0.15746269
508 0.1486901
509 0.12955022
510 0.12177681
511 0.14835028
512 0.17599685
513 0.1858707
514 0.16919921
515 0.14936479
516 0.15095133
517 0.1555065
518 0.14698676
519 0.14246848
520 0.14011294
521 0.11934228
522 0.11474266
523 0.12355036
524 0.12634121
525 0.11058501
526 0.12876161
527 0.16081191
528 0.16514656
529 0.15103996
530 0.14718874
531 0.15988248
532 0.15436261
533 0.15647774
534 0.20426083
535 0.5724916
536 1.0
537 0.82023355
538 0.63498083
539 0.5122309
540 0.38300183
541 0.27714174
542 0.22151714
543 0.21005001
544 0.14018894
545 0.13832733
546 0.25603291
547 0.27757109
548 0.17868658
549 0.1480043
550 0.12798149
551 0.12320043
552 0.10539198
553 0.11505243
554 0.11672785
555 0.1359559
556 0.1252248
557 0.1149902
558 0.10974795
559 0.10707028
560 0.10097575
561 0.11122441
562 0.11471005
563 0.11892394
564 0.16055572
565 0.18964556
566 0.16618898
567 0.1462747
568 0.14262894
569 0.13736905
570 0.13929764
571 0.15359987
572 0.1511063
573 0.14798912
574 0.14718319
575 0.16821427
576 0.17426833
577 0.18409299
578 0.16774065
579 0.1660086
580 0.16999085
581 0.15728255
582 0.14974634
583 0.13968337
584 0.13858543
585 0.13901825
586 0.1418171
587 0.14034597
588 0.13575266
589 0.13911606
590 0.14097172
591 0.13788187
592 0.13753945
593 0.13865603
594 0.15903279
595 0.17278751
596 0.16664896
597 0.19524113
598 0.22704014
599 0.24925076
600 0.22092702
601 0.23020013
602 0.23147586
603 0.20754401
604 0.18724591
605 0.17610299
606 0.17056439
607 0.17220898
608 0.1863684
609 0.24388837
610 0.22219882
611 0.20229622
612 0.20401536
613 0.19219477
614 0.18379375
615 0.17463118
616 0.1824336
617 0.22183159
618 0.1907124
619 0.16790845
620 0.16145339
621 0.14915193
622 0.14909389
623 0.14145776
624 0.13979931
625 0.14829512
626 0.22311642
627 0.21557974
628 0.16322502
629 0.14993359
630 0.13943209
631 0.1285545
632 0.12793059
633 0.13531203
634 0.14240742
635 0.13584432
636 0.13635198
637 0.12838256
638 0.13375012
639 0.14920502
640 0.13381733
641 0.12692277
642 0.14886717
643 0.16118747
644 0.152838
645 0.13433805
646 0.12889106
647 0.12286182
648 0.12580802
649 0.13243158
650 0.11909103
651 0.11468742
652 0.10910841
653 0.10838502
654 0.11253049
655 0.12994004
656 0.15197008
657 0.14243763
658 0.17441863
659 0.16509709
660 0.13290152
661 0.12060889
662 0.11379406
663 0.10915174
664 0.12120032
665 0.12375171
666 0.15312153
667 0.20201583
668 0.16014559
669 0.1365972
670 0.12062984
671 0.11978956
672 0.12917337
673 0.13614344
674 0.12528842
675 0.13662739
676 0.14110043
677 0.15425156
678 0.13006523
679 0.12260956
680 0.11493946
681 0.11200119
682 0.11672313
683 0.14464411
684 0.16734548
685 0.18133062
686 0.19746063
687 0.14543263
688 0.12396446
689 0.12625907
690 0.11983668
691 0.10652422
692 0.10231937
693 0.10558938
694 0.09558524
695 0.10758372
696 0.12019434
697 0.13319492
698 0.13684685
699 0.1352376
700 0.14017159
701 0.12222972
702 0.11240301
703 0.0911013
704 0.08603435
705 0.08056187
706 0.07655744
707 0.07245836
708 0.06522156
709 0.06423517
710 0.05891222
711 0.0645507
712 0.06600677
713 0.06512311
714 0.06459588
715 0.05553467
716 0.05708662
717 0.05634649
718 0.05222286
719 0.05223393
720 0.06148061
721 0.05857513
722 0.07504792
723 0.07691299
724 0.06705147
725 0.06651936
726 0.06703822
727 0.06384307
728 0.059566
729 0.0633175
730 0.05927895
731 0.04878225
732 0.0418469
733 0.04040334
734 0.04681454
735 0.04569162
736 0.0416255
737 0.04842777
738 0.06348961
739 0.06052513
740 0.05303539
741 0.07485535
742 0.06705605
743 0.05229215
744 0.04026696
745 0.04306275
746 0.04721001
747 0.03367917
748 0.03207235
749 0.04248639
750 0.03654346
751 0.03584334
752 0.03809106
753 0.04434591
754 0.0728337
755 0.1037268
756 0.08435308
757 0.07572377
758 0.05064169
759 0.05189631
760 0.06337572
761 0.04802246
762 0.04903688
763 0.05372399
764 0.06799646
765 0.0925015
766 0.11619645
767 0.11993127
768 0.07857822
769 0.05187058
770 0.03695717
771 0.05121994
772 0.05486125
773 0.05560306
774 0.04985253
775 0.03997886
776 0.04736653
777 0.03866845
778 0.03782777
779 0.04263315
780 0.03939987
781 0.05244115
782 0.05358383
783 0.04229966
784 0.04378417
785 0.03202563
786 0.03398604
787 0.03189777
788 0.03712488
789 0.01704524
790 0.01772093
791 0.02722606
792 0.03050891
793 0.02611486
794 0.03535333
795 0.02780291
796 0.0303128
797 0.04054755
798 0.03887128
799 0.02196921
800 0.02883947
801 0.03844516
802 0.03899213
803 0.03779502
804 0.03698959
805 0.02573725
806 0.03014196
807 0.02263957
808 0.03468739
809 0.06331513
810 0.03883512
811 0.02554942
812 0.0332469
813 0.01671213
814 0.0313068
815 0.0234283
816 0.02862366
817 0.0105397
818 0.02359512
819 0.01288946
820 0.00949287
821 0.01087536
822 0.01755276
823 0.00603637
824 0.02358248
825 0.02162677
826 0.03252713
827 0.03594874
828 0.01459936
829 0.00083344
830 0.01368402
831 0.02238478
832 0.03918146
833 0.05609338
834 0.02558041
835 0.04234827
836 0.0258476
837 0.02213056
838 0.01984094
839 0.01250173
840 0.00092268
841 0.01666002
842 0.00814158
843 0.01526417
844 0.0056659
845 0.0244569
846 0.00743386
847 0.01199698
848 0.04335906
849 0.02558678
850 0.05502864
851 0.15514098
852 0.44136443
853 0.62119658
854 0.49380233
855 0.33954128
856 0.20473164
857 0.12784643
858 0.09462221
859 0.09251117
860 0.06297722
861 0.04573186
862 0.04775525
863 0.06690796
864 0.06044949
865 0.03270169
866 0.03375711
867 0.0386643
868 0.0315518
869 0.01513919
870 0.01161242
871 0.02378029
872 0.01187866
873 0.03180519
874 0.00058083
875 0.0320047
876 0.07403999
877 0.08177857
878 0.06928343
879 0.03298307
880 0.02895586
881 0.00124594
882 0.00260531
883 0.01646877
884 0.03128799
885 0.01051229
886 0.00314306
887 0.00462601
888 0.00423996
889 0.00311013
890 0.00571748
891 0.00683619
892 0.03400832
893 0.09597561
894 0.31763624
895 0.45961027
896 0.41542921
897 0.28334138
898 0.16006254
899 0.10560581
900 0.0794711
901 0.0
902 0.0
903 0.0
904 0.0
905 0.0
906 0.0
907 0.0
908 0.0
909 0.0
910 0.0
911 0.0
912 0.0
913 0.0
914 0.0
915 0.0
916 0.0
917 0.0
918 0.0
919 0.0
920 0.0
921 0.0
922 0.0
923 0.0
924 0.0
925 0.0
926 0.0
927 0.0
928 0.0
929 0.0
930 0.0
931 0.0
932 0.0
933 0.0
934 0.0
935 0.0
936 0.0
937 0.0
938 0.0
939 0.0
940 0.0
941 0.0
942 0.0
943 0.0
944 0.0
945 0.0
946 0.0
947 0.0
948 0.0
949 0.0
950 0.0
951 0.0
952 0.0
953 0.0
954 0.0
955 0.0
956 0.0
957 0.0
958 0.0
959 0.0
960 0.0
961 0.0
962 0.0
963 0.0
964 0.0
965 0.0
966 0.0
967 0.0
968 0.0
969 0.0
970 0.0
971 0.0
972 0.0
973 0.0
974 0.0
975 0.0
976 0.0
977 0.0
978 0.0
979 0.0
980 0.0
981 0.0
982 0.0
983 0.0
984 0.0
985 0.0
986 0.0
987 0.0
988 0.0
989 0.0
990 0.0
991 0.0
992 0.0
993 0.0
994 0.0
995 0.0
996 0.0
997 0.0
998 0.0
999 0.0
1000 0.0
1001 0.0
1002 0.0
1003 0.0
1004 0.0
1005 0.0
1006 0.0
1007 0.0
1008 0.0
1009 0.0
1010 0.0
1011 0.0
1012 0.0
1013 0.0
1014 0.0
1015 0.0
1016 0.0
1017 0.0
1018 0.0
1019 0.0
1020 0.0
1021 0.0
1022 0.0
1023 0.0
1024 0.0
1025 0.0
1026 0.0
1027 0.0
1028 0.0
1029 0.0
1030 0.0
1031 0.0
1032 0.0
1033 0.0
1034 0.0
1035 0.0
1036 0.0
1037 0.0
1038 0.0
1039 0.0
1040 0.0
1041 0.0
1042 0.0
1043 0.0
1044 0.0
1045 0.0
1046 0.0
1047 0.0
1048 0.0
1049 0.0
1050 0.0
1051 0.0
1052 0.0
1053 0.0
1054 0.0
1055 0.0
1056 0.0
1057 0.0
1058 0.0
1059 0.0
1060 0.0
1061 0.0
1062 0.0
1063 0.0
1064 0.0
1065 0.0
1066 0.0
1067 0.0
1068 0.0
1069 0.0
1070 0.0
1071 0.0
1072 0.0
1073 0.0
1074 0.0
1075 0.0
1076 0.0
1077 0.0
1078 0.0
1079 0.0
1080 0.0
1081 0.0
1082 0.0
1083 0.0
1084 0.0
1085 0.0
1086 0.0
1087 0.0
1088 0.0
1089 0.0
1090 0.0
1091 0.0
1092 0.0
1093 0.0
1094 0.0
1095 0.0
1096 0.0
1097 0.0
1098 0.0
1099 0.0
1100 0.0
