MH_Metal_Halide_5582K_SFH_Cross_Lidl
380 0.17471589
381 0.10782925
382 0.06464513
383 0.04553647
384 0.0410873
385 0.03793549
386 0.03909668
387 0.0372454
388 0.03759081
389 0.0388928
390 0.04084931
391 0.0411175
392 0.04521176
393 0.04168482
394 0.041507
395 0.04283189
396 0.04410392
397 0.04342333
398 0.04535158
399 0.04812559
400 0.04857233
401 0.04790392
402 0.04907218
403 0.0550355
404 0.10511931
405 0.19553334
406 0.15124722
407 0.073457
408 0.06884876
409 0.08600115
410 0.19607971
411 0.31311983
412 0.24709525
413 0.15426213
414 0.10198285
415 0.06814454
416 0.05609683
417 0.05426479
418 0.05278181
419 0.05329384
420 0.05468888
421 0.05350308
422 0.05802849
423 0.06049582
424 0.05805358
425 0.06246695
426 0.06440836
427 0.06566675
428 0.06531866
429 0.06973543
430 0.07380899
431 0.07178743
432 0.07796219
433 0.08286761
434 0.09450488
435 0.17252066
436 0.38855527
437 0.38639438
438 0.22493416
439 0.15710945
440 0.15014643
441 0.1546129
442 0.15842581
443 0.16438329
444 0.16264041
445 0.14994742
446 0.12224905
447 0.09297781
448 0.07168537
449 0.06020424
450 0.08295238
451 0.34663245
452 0.59598992
453 0.48717876
454 0.29459773
455 0.17684122
456 0.09386692
457 0.04855333
458 0.03194293
459 0.02682462
460 0.02279807
461 0.02197742
462 0.02029616
463 0.01805221
464 0.01772483
465 0.01780277
466 0.01689808
467 0.0182142
468 0.0191089
469 0.01787439
470 0.01795745
471 0.01829897
472 0.01767221
473 0.01587646
474 0.01580753
475 0.01582239
476 0.01690003
477 0.01536346
478 0.01648106
479 0.01533935
480 0.01462685
481 0.01567502
482 0.01449555
483 0.01539976
484 0.01551863
485 0.01559585
486 0.0164735
487 0.01585259
488 0.01616902
489 0.0157325
490 0.01612371
491 0.01760303
492 0.02068517
493 0.01792335
494 0.0154229
495 0.01518589
496 0.0175509
497 0.0191469
498 0.02209678
499 0.02415268
500 0.02223148
501 0.01868092
502 0.0170228
503 0.01687445
504 0.01643453
505 0.01587817
506 0.01482172
507 0.01600313
508 0.01631858
509 0.01655681
510 0.01640944
511 0.017148
512 0.01732753
513 0.01837448
514 0.01926042
515 0.01917321
516 0.02077798
517 0.0206026
518 0.01944408
519 0.02080941
520 0.0219343
521 0.02402358
522 0.02563297
523 0.02583564
524 0.02395878
525 0.02200446
526 0.01901658
527 0.01860735
528 0.01805879
529 0.01933033
530 0.02048616
531 0.02106761
532 0.02438652
533 0.03183429
534 0.09454483
535 0.62132474
536 1.0
537 0.84399352
538 0.55892162
539 0.37860754
540 0.25565281
541 0.15425555
542 0.08247689
543 0.04782329
544 0.03489329
545 0.06043638
546 0.41887637
547 0.50228134
548 0.32854614
549 0.13654997
550 0.06288154
551 0.03751603
552 0.02836605
553 0.02622733
554 0.02532946
555 0.02199764
556 0.02091659
557 0.01930207
558 0.01875034
559 0.01858178
560 0.01812699
561 0.01797718
562 0.01755115
563 0.0173324
564 0.01805538
565 0.01777306
566 0.0175207
567 0.02041138
568 0.03163138
569 0.05377663
570 0.05126887
571 0.03722274
572 0.02656714
573 0.02328087
574 0.02341557
575 0.028558
576 0.06756334
577 0.1767886
578 0.19219737
579 0.22981157
580 0.1907636
581 0.12056048
582 0.0625807
583 0.03834788
584 0.02985098
585 0.02783771
586 0.03064825
587 0.04301799
588 0.16176811
589 0.54974972
590 0.87765863
591 0.82000965
592 0.57481367
593 0.36518573
594 0.24318222
595 0.1780733
596 0.14330984
597 0.11851384
598 0.10189589
599 0.08937341
600 0.08127063
601 0.07214332
602 0.06647449
603 0.06126824
604 0.0562269
605 0.05094222
606 0.04856381
607 0.04421134
608 0.04164025
609 0.03823632
610 0.04028857
611 0.04072362
612 0.03741981
613 0.03458661
614 0.03201552
615 0.03228298
616 0.03599091
617 0.03684006
618 0.03326124
619 0.02999908
620 0.02728598
621 0.02741362
622 0.02634401
623 0.02495628
624 0.02609482
625 0.02596815
626 0.02461452
627 0.02366501
628 0.02350838
629 0.02333275
630 0.02230383
631 0.02262025
632 0.02266848
633 0.02235377
634 0.02160473
635 0.02074217
636 0.02115189
637 0.02037094
638 0.01974248
639 0.02019678
640 0.01923435
641 0.01973785
642 0.02118185
643 0.02065765
644 0.01895374
645 0.01965065
646 0.0194548
647 0.02051028
648 0.02067348
649 0.02105982
650 0.02008253
651 0.01986671
652 0.01765126
653 0.01995392
654 0.01968767
655 0.03386339
656 0.03562869
657 0.03195779
658 0.02575039
659 0.02151021
660 0.02132119
661 0.01877738
662 0.01896811
663 0.01876154
664 0.01799667
665 0.01864803
666 0.01772434
667 0.01863074
668 0.01804953
669 0.01943483
670 0.05015932
671 0.15131932
672 0.12479164
673 0.08107576
674 0.03749142
675 0.0241612
676 0.02044767
677 0.01860126
678 0.01853111
679 0.01801348
680 0.01797207
681 0.01664329
682 0.01485119
683 0.01569913
684 0.01557344
685 0.01961581
686 0.01774699
687 0.01652636
688 0.01602822
689 0.01460371
690 0.01509186
691 0.01730512
692 0.01868652
693 0.01826389
694 0.01505971
695 0.01427925
696 0.01497372
697 0.01535932
698 0.01507408
699 0.01670759
700 0.01538441
701 0.01550036
702 0.01417109
703 0.01515958
704 0.01253514
705 0.01627839
706 0.01292781
707 0.01371631
708 0.01416305
709 0.01306105
710 0.01583311
711 0.01286521
712 0.01336968
713 0.01354969
714 0.01316945
715 0.01428533
716 0.01338332
717 0.01645085
718 0.01454086
719 0.01224015
720 0.01402007
721 0.01351413
722 0.01425513
723 0.01676265
724 0.01244794
725 0.01059275
726 0.01435792
727 0.01292294
728 0.01245232
729 0.01526578
730 0.01342985
731 0.0170323
732 0.01494936
733 0.01367198
734 0.01191106
735 0.01250786
736 0.0104354
737 0.01214223
738 0.01208669
739 0.01420446
740 0.01033455
741 0.01462734
742 0.01223747
743 0.01047461
744 0.01432821
745 0.01489748
746 0.0127551
747 0.01294315
748 0.01238582
749 0.01397939
750 0.01082904
751 0.00953971
752 0.01076302
753 0.01149331
754 0.01121074
755 0.01225647
756 0.01002348
757 0.01054818
758 0.00901259
759 0.01032286
760 0.01416354
761 0.01470748
762 0.01192714
763 0.01274487
764 0.00995723
765 0.00997891
766 0.02307723
767 0.04168945
768 0.03315089
769 0.02558328
770 0.02427886
771 0.0240662
772 0.02118989
773 0.01704058
774 0.01232322
775 0.01084463
776 0.00785432
777 0.00735983
778 0.00626148
779 0.01344471
780 0.01092647
781 0.01070724
782 0.01287471
783 0.00827865
784 0.00616989
785 0.0084611
786 0.01355651
787 0.00765652
788 0.00287631
789 0.0086891
790 0.00409426
791 0.00914875
792 0.01299528
793 0.01184846
794 0.00985833
795 0.01295095
796 0.01161656
797 0.00768892
798 0.00575725
799 0.01195881
800 0.00896168
801 0.00964568
802 0.00683708
803 0.00131368
804 0.00883038
805 0.00684999
806 0.00677424
807 0.00947395
808 0.01148673
809 0.007895
810 0.00206808
811 0.0128065
812 0.01065877
813 0.0082577
814 0.00322196
815 0.00454515
816 0.00856194
817 0.0175967
818 0.10696645
819 0.28175811
820 0.38061423
821 0.26366229
822 0.11585578
823 0.05147495
824 0.02471976
825 0.01981653
826 0.01758598
827 0.01411482
828 0.0177068
829 0.01119613
830 0.00624321
831 0.00548272
832 0.00354472
833 0.00569781
834 0.01028291
835 0.00174045
836 0.01125556
837 0.01425367
838 0.00455367
839 0.00062286
840 0.00644685
841 0.00958113
842 0.00642054
843 0.00351573
844 0.00801947
845 0.00389184
846 0.00791132
847 0.00395006
848 0.01249519
849 0.00687825
850 0.0
851 0.00645002
852 0.00476413
853 0.00433054
854 0.00832079
855 0.00049887
856 0.00749429
857 0.01046341
858 0.00442091
859 0.00111832
860 0.00588051
861 0.00047183
862 0.00229973
863 0.00693671
864 0.00155922
865 0.0
866 0.00824187
867 0.00136922
868 0.00831494
869 0.01227767
870 0.00047524
871 0.00842968
872 0.00450422
873 0.0
874 0.0
875 0.00446306
876 0.00607221
877 0.0
878 0.00815076
879 0.0
880 0.0
881 0.00725582
882 0.00653284
883 0.0114044
884 0.0
885 0.0
886 0.0
887 0.00784482
888 0.01012336
889 2.558e-05
890 0.0
891 0.0
892 0.0050864
893 0.0
894 0.0
895 0.0
896 0.0
897 0.0021928
898 0.00149516
899 0.01729586
900 0.0
901 0.0
902 0.0
903 0.0
904 0.0
905 0.0
906 0.0
907 0.0
908 0.0
909 0.0
910 0.0
911 0.0
912 0.0
913 0.0
914 0.0
915 0.0
916 0.0
917 0.0
918 0.0
919 0.0
920 0.0
921 0.0
922 0.0
923 0.0
924 0.0
925 0.0
926 0.0
927 0.0
928 0.0
929 0.0
930 0.0
931 0.0
932 0.0
933 0.0
934 0.0
935 0.0
936 0.0
937 0.0
938 0.0
939 0.0
940 0.0
941 0.0
942 0.0
943 0.0
944 0.0
945 0.0
946 0.0
947 0.0
948 0.0
949 0.0
950 0.0
951 0.0
952 0.0
953 0.0
954 0.0
955 0.0
956 0.0
957 0.0
958 0.0
959 0.0
960 0.0
961 0.0
962 0.0
963 0.0
964 0.0
965 0.0
966 0.0
967 0.0
968 0.0
969 0.0
970 0.0
971 0.0
972 0.0
973 0.0
974 0.0
975 0.0
976 0.0
977 0.0
978 0.0
979 0.0
980 0.0
981 0.0
982 0.0
983 0.0
984 0.0
985 0.0
986 0.0
987 0.0
988 0.0
989 0.0
990 0.0
991 0.0
992 0.0
993 0.0
994 0.0
995 0.0
996 0.0
997 0.0
998 0.0
999 0.0
1000 0.0
1001 0.0
1002 0.0
1003 0.0
1004 0.0
1005 0.0
1006 0.0
1007 0.0
1008 0.0
1009 0.0
1010 0.0
1011 0.0
1012 0.0
1013 0.0
1014 0.0
1015 0.0
1016 0.0
1017 0.0
1018 0.0
1019 0.0
1020 0.0
1021 0.0
1022 0.0
1023 0.0
1024 0.0
1025 0.0
1026 0.0
1027 0.0
1028 0.0
1029 0.0
1030 0.0
1031 0.0
1032 0.0
1033 0.0
1034 0.0
1035 0.0
1036 0.0
1037 0.0
1038 0.0
1039 0.0
1040 0.0
1041 0.0
1042 0.0
1043 0.0
1044 0.0
1045 0.0
1046 0.0
1047 0.0
1048 0.0
1049 0.0
1050 0.0
1051 0.0
1052 0.0
1053 0.0
1054 0.0
1055 0.0
1056 0.0
1057 0.0
1058 0.0
1059 0.0
1060 0.0
1061 0.0
1062 0.0
1063 0.0
1064 0.0
1065 0.0
1066 0.0
1067 0.0
1068 0.0
1069 0.0
1070 0.0
1071 0.0
1072 0.0
1073 0.0
1074 0.0
1075 0.0
1076 0.0
1077 0.0
1078 0.0
1079 0.0
1080 0.0
1081 0.0
1082 0.0
1083 0.0
1084 0.0
1085 0.0
1086 0.0
1087 0.0
1088 0.0
1089 0.0
1090 0.0
1091 0.0
1092 0.0
1093 0.0
1094 0.0
1095 0.0
1096 0.0
1097 0.0
1098 0.0
1099 0.0
1100 0.0
