MH_Metal_Halide_5772K_F_Fisicas
380 0.14483013
381 0.08168932
382 0.05172769
383 0.04310786
384 0.03887366
385 0.04057068
386 0.03949897
387 0.03924408
388 0.04306002
389 0.03991757
390 0.04012478
391 0.04439152
392 0.0420194
393 0.04168934
394 0.04266612
395 0.04641132
396 0.04772259
397 0.04645494
398 0.04854331
399 0.04744794
400 0.04707336
401 0.05057285
402 0.04844311
403 0.05118542
404 0.08472279
405 0.1289852
406 0.08888528
407 0.0490053
408 0.05734513
409 0.07870446
410 0.23466608
411 0.34654182
412 0.26103173
413 0.15316572
414 0.09652689
415 0.06099161
416 0.04540429
417 0.04369272
418 0.04302558
419 0.04363003
420 0.04320044
421 0.04327417
422 0.04277182
423 0.04813169
424 0.046002
425 0.04770774
426 0.04519039
427 0.0512566
428 0.0516837
429 0.05186962
430 0.05247391
431 0.05579231
432 0.0561566
433 0.05628305
434 0.06680696
435 0.1156653
436 0.24734216
437 0.20670755
438 0.12380051
439 0.09642871
440 0.0980971
441 0.10316679
442 0.10813127
443 0.11158471
444 0.11300229
445 0.10578874
446 0.0895407
447 0.07024984
448 0.06288563
449 0.05991034
450 0.10095311
451 0.45960371
452 0.69034305
453 0.53766243
454 0.32549321
455 0.19254083
456 0.10122711
457 0.05377129
458 0.03681728
459 0.0311631
460 0.02711589
461 0.02650769
462 0.02515752
463 0.02324908
464 0.02353351
465 0.02431072
466 0.0212655
467 0.02394559
468 0.02465768
469 0.02345292
470 0.02338226
471 0.02324794
472 0.02261642
473 0.02206781
474 0.02118109
475 0.02104859
476 0.02098154
477 0.02112258
478 0.0205192
479 0.01950092
480 0.02044215
481 0.01952376
482 0.02079101
483 0.01956381
484 0.01936592
485 0.02046787
486 0.02131468
487 0.02137152
488 0.02027301
489 0.02142926
490 0.02126019
491 0.02262753
492 0.02219253
493 0.02198156
494 0.0214928
495 0.02052475
496 0.02269432
497 0.02328547
498 0.02983073
499 0.0312636
500 0.02772533
501 0.02318834
502 0.02134071
503 0.02061881
504 0.02109005
505 0.0218717
506 0.02139634
507 0.02088948
508 0.01974829
509 0.02105261
510 0.02075579
511 0.02265419
512 0.02325482
513 0.02098851
514 0.02171219
515 0.02323175
516 0.0242893
517 0.02490696
518 0.02427393
519 0.02386809
520 0.02615032
521 0.02748884
522 0.02825267
523 0.02899606
524 0.02735725
525 0.02626087
526 0.0246284
527 0.02327702
528 0.02357498
529 0.02500491
530 0.02650293
531 0.02807551
532 0.033707
533 0.04578551
534 0.11368698
535 0.74651841
536 1.0
537 0.76079412
538 0.49266708
539 0.31020492
540 0.20255962
541 0.12133076
542 0.06708107
543 0.04254073
544 0.03256629
545 0.04298697
546 0.27515431
547 0.25243118
548 0.16028175
549 0.06624604
550 0.03304392
551 0.02600155
552 0.02460323
553 0.02658097
554 0.02681168
555 0.02446525
556 0.02263058
557 0.0214666
558 0.02166079
559 0.02124276
560 0.02072844
561 0.02122731
562 0.02066295
563 0.01972589
564 0.02071538
565 0.02096637
566 0.02266167
567 0.02510359
568 0.0406714
569 0.07569373
570 0.05878904
571 0.04543279
572 0.02801106
573 0.02317654
574 0.02251639
575 0.02428511
576 0.03840761
577 0.10314031
578 0.08882905
579 0.12384324
580 0.09207652
581 0.06522977
582 0.04199091
583 0.0299597
584 0.02768962
585 0.0299481
586 0.03599482
587 0.04946177
588 0.16854525
589 0.64351155
590 0.91087973
591 0.73912491
592 0.49400614
593 0.29189585
594 0.18027978
595 0.13413204
596 0.10601177
597 0.08991892
598 0.08015601
599 0.0707843
600 0.06191498
601 0.06118672
602 0.05425505
603 0.05068737
604 0.04573567
605 0.04229451
606 0.03960456
607 0.0367374
608 0.03620162
609 0.03431025
610 0.03574569
611 0.03584944
612 0.03287112
613 0.03144321
614 0.02959102
615 0.03144743
616 0.03861572
617 0.03490158
618 0.03144002
619 0.02865513
620 0.02705146
621 0.02645921
622 0.02573661
623 0.02460296
624 0.02401426
625 0.02327265
626 0.02252746
627 0.02351517
628 0.02356492
629 0.02379246
630 0.02237422
631 0.02261969
632 0.02246861
633 0.02221587
634 0.02177567
635 0.02008451
636 0.01988135
637 0.02110229
638 0.02068534
639 0.01971701
640 0.02236213
641 0.02176985
642 0.01938358
643 0.02248135
644 0.02083832
645 0.02155804
646 0.01995509
647 0.02141795
648 0.02143228
649 0.0205178
650 0.01789265
651 0.01757137
652 0.01970463
653 0.01838818
654 0.022471
655 0.0463062
656 0.04498944
657 0.03615515
658 0.02770506
659 0.02311984
660 0.02082372
661 0.02064463
662 0.01906223
663 0.0199644
664 0.01954671
665 0.01907247
666 0.01829414
667 0.01790543
668 0.01842136
669 0.01898226
670 0.0453015
671 0.13935503
672 0.09124886
673 0.06942847
674 0.03756688
675 0.02401389
676 0.02156235
677 0.01792123
678 0.02069551
679 0.02019657
680 0.01703668
681 0.01984121
682 0.01943518
683 0.01728958
684 0.01767448
685 0.02646275
686 0.02358846
687 0.01986232
688 0.01648044
689 0.01588779
690 0.01774669
691 0.02322604
692 0.02135646
693 0.01998922
694 0.01761496
695 0.01491939
696 0.01571396
697 0.01635132
698 0.01700904
699 0.01504283
700 0.01559829
701 0.01553508
702 0.01569516
703 0.01350351
704 0.01568145
705 0.01689051
706 0.01931383
707 0.01658464
708 0.01536055
709 0.01595908
710 0.01689329
711 0.01579258
712 0.01549639
713 0.01635335
714 0.01544729
715 0.01429065
716 0.01395598
717 0.01333998
718 0.01561598
719 0.01779839
720 0.01316348
721 0.01580218
722 0.01763735
723 0.01802932
724 0.01395734
725 0.01458995
726 0.01645926
727 0.01558905
728 0.01516308
729 0.01303293
730 0.01393601
731 0.01465257
732 0.01064488
733 0.01474053
734 0.0151342
735 0.01272841
736 0.01652027
737 0.01580616
738 0.0140316
739 0.01683706
740 0.01515087
741 0.01445309
742 0.01300934
743 0.01365123
744 0.01233047
745 0.01234612
746 0.01453811
747 0.01604953
748 0.01408873
749 0.01399499
750 0.01195388
751 0.01025866
752 0.0118467
753 0.01611412
754 0.01790437
755 0.01179693
756 0.01032252
757 0.01601255
758 0.01566832
759 0.01545468
760 0.01363703
761 0.01350602
762 0.00736869
763 0.01429255
764 0.01290368
765 0.0111905
766 0.03232116
767 0.04970056
768 0.03268444
769 0.03025637
770 0.03559069
771 0.02981406
772 0.02068294
773 0.01966411
774 0.01050676
775 0.0148284
776 0.01294496
777 0.01238991
778 0.00915355
779 0.01526598
780 0.01050019
781 0.01303211
782 0.0147328
783 0.01454987
784 0.01448141
785 0.01294186
786 0.01863854
787 0.01149159
788 0.01551122
789 0.01079209
790 0.01305295
791 0.0110391
792 0.01331751
793 0.00506239
794 0.0132994
795 0.0089747
796 0.00827045
797 0.00376891
798 0.00889282
799 0.0150974
800 0.01147543
801 0.00997941
802 0.00410056
803 0.01111647
804 0.01746986
805 0.00304343
806 0.00554615
807 0.00342354
808 0.00878476
809 0.00795544
810 0.00641338
811 0.00888442
812 0.00583393
813 0.01918719
814 0.00882929
815 0.01005718
816 0.00842409
817 0.02348445
818 0.14972445
819 0.35391282
820 0.40879329
821 0.25518535
822 0.13445723
823 0.04780121
824 0.01862867
825 0.01397057
826 0.00824011
827 0.01077171
828 0.01331898
829 0.0146655
830 0.00904843
831 0.01567093
832 0.00792537
833 0.00746024
834 0.01364404
835 0.00413831
836 0.0033509
837 0.00443188
838 0.00322778
839 0.01681182
840 0.01371477
841 0.00755063
842 0.01346935
843 0.00476307
844 5.038e-05
845 0.01372216
846 0.00694912
847 0.00466636
848 0.00441253
849 0.0052616
850 0.01055919
851 0.01257412
852 0.00667046
853 0.0076529
854 0.00300399
855 0.00751392
856 0.01340184
857 0.01837509
858 0.00398777
859 0.00241872
860 0.00863164
861 0.00076546
862 0.00691706
863 0.0
864 0.0
865 0.00668674
866 0.00266163
867 0.00119071
868 0.00223074
869 0.01102097
870 0.00685136
871 0.00107518
872 0.01245828
873 0.00783574
874 0.0
875 0.00052113
876 0.00082813
877 0.01092699
878 0.01768121
879 0.00563632
880 0.01260678
881 0.0
882 0.0
883 0.00324506
884 0.00035882
885 0.01316294
886 0.0
887 0.00111759
888 0.00336012
889 9.551e-05
890 0.0
891 0.0
892 0.0
893 0.00862604
894 0.00295433
895 0.00085175
896 0.0
897 0.01514692
898 0.00480912
899 0.00650718
900 0.00198464
901 0.0
902 0.0
903 0.0
904 0.0
905 0.0
906 0.0
907 0.0
908 0.0
909 0.0
910 0.0
911 0.0
912 0.0
913 0.0
914 0.0
915 0.0
916 0.0
917 0.0
918 0.0
919 0.0
920 0.0
921 0.0
922 0.0
923 0.0
924 0.0
925 0.0
926 0.0
927 0.0
928 0.0
929 0.0
930 0.0
931 0.0
932 0.0
933 0.0
934 0.0
935 0.0
936 0.0
937 0.0
938 0.0
939 0.0
940 0.0
941 0.0
942 0.0
943 0.0
944 0.0
945 0.0
946 0.0
947 0.0
948 0.0
949 0.0
950 0.0
951 0.0
952 0.0
953 0.0
954 0.0
955 0.0
956 0.0
957 0.0
958 0.0
959 0.0
960 0.0
961 0.0
962 0.0
963 0.0
964 0.0
965 0.0
966 0.0
967 0.0
968 0.0
969 0.0
970 0.0
971 0.0
972 0.0
973 0.0
974 0.0
975 0.0
976 0.0
977 0.0
978 0.0
979 0.0
980 0.0
981 0.0
982 0.0
983 0.0
984 0.0
985 0.0
986 0.0
987 0.0
988 0.0
989 0.0
990 0.0
991 0.0
992 0.0
993 0.0
994 0.0
995 0.0
996 0.0
997 0.0
998 0.0
999 0.0
1000 0.0
1001 0.0
1002 0.0
1003 0.0
1004 0.0
1005 0.0
1006 0.0
1007 0.0
1008 0.0
1009 0.0
1010 0.0
1011 0.0
1012 0.0
1013 0.0
1014 0.0
1015 0.0
1016 0.0
1017 0.0
1018 0.0
1019 0.0
1020 0.0
1021 0.0
1022 0.0
1023 0.0
1024 0.0
1025 0.0
1026 0.0
1027 0.0
1028 0.0
1029 0.0
1030 0.0
1031 0.0
1032 0.0
1033 0.0
1034 0.0
1035 0.0
1036 0.0
1037 0.0
1038 0.0
1039 0.0
1040 0.0
1041 0.0
1042 0.0
1043 0.0
1044 0.0
1045 0.0
1046 0.0
1047 0.0
1048 0.0
1049 0.0
1050 0.0
1051 0.0
1052 0.0
1053 0.0
1054 0.0
1055 0.0
1056 0.0
1057 0.0
1058 0.0
1059 0.0
1060 0.0
1061 0.0
1062 0.0
1063 0.0
1064 0.0
1065 0.0
1066 0.0
1067 0.0
1068 0.0
1069 0.0
1070 0.0
1071 0.0
1072 0.0
1073 0.0
1074 0.0
1075 0.0
1076 0.0
1077 0.0
1078 0.0
1079 0.0
1080 0.0
1081 0.0
1082 0.0
1083 0.0
1084 0.0
1085 0.0
1086 0.0
1087 0.0
1088 0.0
1089 0.0
1090 0.0
1091 0.0
1092 0.0
1093 0.0
1094 0.0
1095 0.0
1096 0.0
1097 0.0
1098 0.0
1099 0.0
1100 0.0
