MV_Mercury_Vapor_4075K_Riba_Roja
380 0.0
381 0.0
382 0.0
383 8.71e-06
384 0.0
385 0.0
386 0.00145339
387 0.00022483
388 0.0
389 0.0
390 0.00361721
391 0.0
392 0.0
393 0.0
394 0.0
395 0.0
396 0.00211488
397 0.0
398 0.00051364
399 0.0
400 0.0
401 0.00262517
402 0.0
403 0.00175836
404 0.0067158
405 0.09764716
406 0.12365311
407 0.05562739
408 0.03633955
409 0.03236881
410 0.01583463
411 0.00771139
412 0.00485271
413 0.0019759
414 0.00159537
415 0.00212479
416 0.00239859
417 0.00035379
418 0.00119511
419 0.00199628
420 0.00290491
421 0.00172207
422 0.00249263
423 0.00376752
424 0.00218715
425 0.00256016
426 0.0025581
427 0.00274144
428 0.00109605
429 0.00368169
430 0.00589826
431 0.00345223
432 0.00383393
433 0.0066533
434 0.01834031
435 0.06913398
436 0.38908693
437 0.61617553
438 0.32153151
439 0.16252812
440 0.04440979
441 0.01965504
442 0.01086464
443 0.00415177
444 0.00579121
445 0.00326999
446 0.00258435
447 0.00652455
448 0.00397467
449 0.00511241
450 0.00297346
451 0.00171877
452 0.00381348
453 0.00099957
454 0.00258071
455 0.00397348
456 0.00302004
457 0.00431202
458 0.00145895
459 0.0016275
460 0.00202343
461 0.0012974
462 0.00043372
463 0.00183701
464 0.00338584
465 0.00251376
466 0.00403659
467 0.00112037
468 0.00168789
469 0.00197903
470 0.00260736
471 0.00310669
472 0.00214185
473 0.00341326
474 0.00184657
475 0.00374038
476 0.00398617
477 0.00309234
478 0.00338797
479 0.00297851
480 0.00234369
481 0.00344226
482 0.00091713
483 0.00344903
484 0.00412669
485 0.00280043
486 0.00361207
487 0.00340369
488 0.0040804
489 0.00255393
490 0.00312031
491 0.00412014
492 0.01228718
493 0.00941417
494 0.00708414
495 0.00521739
496 0.00396932
497 0.0056569
498 0.00230133
499 0.00351904
500 0.0030999
501 0.00096112
502 0.00329617
503 0.00282588
504 0.00291058
505 0.0030701
506 0.0032175
507 0.00249182
508 0.00193976
509 0.00201747
510 0.00383738
511 0.0016183
512 0.00348683
513 0.00359823
514 0.00398205
515 0.00251719
516 0.00321042
517 0.00281985
518 0.00275784
519 0.00233338
520 0.0027951
521 0.00243063
522 0.00323213
523 0.00359479
524 0.00352662
525 0.00322836
526 0.00272798
527 0.00282586
528 0.00360347
529 0.00272139
530 0.00511596
531 0.00395562
532 0.00289999
533 0.00517453
534 0.0044518
535 0.00491392
536 0.00600564
537 0.00586668
538 0.00826065
539 0.01011287
540 0.00881491
541 0.00911043
542 0.00872072
543 0.01046548
544 0.01183677
545 0.04073345
546 0.52580518
547 1.0
548 0.52544081
549 0.4112295
550 0.20750918
551 0.06506646
552 0.02768666
553 0.01964912
554 0.01413128
555 0.01018603
556 0.00829773
557 0.00687465
558 0.00597647
559 0.00659535
560 0.00579571
561 0.00681875
562 0.00649908
563 0.006074
564 0.00484555
565 0.00475582
566 0.00517866
567 0.00428034
568 0.00503218
569 0.00312637
570 0.00490688
571 0.00639641
572 0.0070795
573 0.00767381
574 0.00975818
575 0.01707686
576 0.0631567
577 0.32507385
578 0.43010122
579 0.46599059
580 0.54310009
581 0.2912526
582 0.19723906
583 0.10506108
584 0.03860078
585 0.02089636
586 0.01336041
587 0.01265582
588 0.01149806
589 0.01207926
590 0.01217662
591 0.01426407
592 0.02176068
593 0.03251981
594 0.04262264
595 0.04645088
596 0.0418686
597 0.03300603
598 0.02539236
599 0.0153608
600 0.01185846
601 0.00793735
602 0.00698113
603 0.00655525
604 0.00588073
605 0.00555712
606 0.0079328
607 0.00761988
608 0.00920214
609 0.0110299
610 0.01761561
611 0.02199595
612 0.02205556
613 0.03046771
614 0.05835012
615 0.08302642
616 0.08108823
617 0.07668754
618 0.09028083
619 0.12273647
620 0.17875073
621 0.1889516
622 0.14205409
623 0.10100566
624 0.06813964
625 0.03995965
626 0.02387435
627 0.0218558
628 0.0158497
629 0.01340885
630 0.01333497
631 0.01192649
632 0.01044252
633 0.01123057
634 0.00829716
635 0.0073429
636 0.00717042
637 0.00668988
638 0.00588779
639 0.00401409
640 0.0038438
641 0.0043589
642 0.00436428
643 0.00071784
644 0.00249696
645 0.00251543
646 0.00417382
647 0.00196117
648 0.00216694
649 0.00678684
650 0.00856657
651 0.01025437
652 0.00957952
653 0.01135797
654 0.00715796
655 0.00439091
656 0.00687452
657 0.00599707
658 0.00667537
659 0.00476092
660 0.00483927
661 0.00584357
662 0.00464207
663 0.00453067
664 0.00191042
665 0.00220626
666 0.00299394
667 0.0033773
668 0.00169868
669 0.0025538
670 0.00577318
671 0.00554223
672 0.0054467
673 0.00114397
674 0.00675917
675 0.00421642
676 0.00198489
677 0.00376507
678 0.00220853
679 0.00237323
680 0.00206693
681 0.0024329
682 0.00116355
683 0.00272916
684 0.00018218
685 0.00637126
686 0.00528036
687 0.00050254
688 0.00168481
689 0.00313288
690 0.00973849
691 0.01201273
692 0.01288495
693 0.01394759
694 0.01371586
695 0.02192093
696 0.03645094
697 0.05380577
698 0.06543188
699 0.06937909
700 0.06051255
701 0.04179245
702 0.0377035
703 0.04341553
704 0.04719081
705 0.04965356
706 0.03961727
707 0.03035728
708 0.02097554
709 0.01532287
710 0.00801664
711 0.00820744
712 0.00781182
713 0.00453383
714 0.00017711
715 0.00087438
716 0.00196632
717 0.00018898
718 0.00174663
719 0.00383844
720 0.00224159
721 5.719e-05
722 0.00160562
723 8.615e-05
724 0.00500891
725 0.00314603
726 0.00075931
727 0.00124071
728 0.00271462
729 0.0
730 0.00643757
731 0.00506906
732 0.00288086
733 0.0032813
734 0.00459732
735 0.00403759
736 0.00502373
737 0.00110448
738 0.00424426
739 0.00068783
740 0.00036483
741 0.00298697
742 0.00619398
743 0.0
744 0.00087112
745 0.00021596
746 0.0014279
747 1.443e-05
748 0.00035498
749 0.00492691
750 0.00130813
751 0.00050902
752 0.0
753 0.00701125
754 0.00248872
755 0.0009592
756 0.00895571
757 0.00552333
758 0.00087993
759 0.00598173
760 0.00100832
761 0.0
762 0.00339123
763 0.00027242
764 0.006108
765 0.0
766 0.00027906
767 0.00192234
768 0.00251826
769 0.00045358
770 3.838e-05
771 0.00257335
772 0.00351491
773 0.00464789
774 0.00651865
775 0.00353474
776 0.00676465
777 0.00236594
778 0.00015432
779 0.0
780 0.00330965
781 0.00303006
782 3.074e-05
783 0.00463935
784 0.0
785 0.00044892
786 0.00134822
787 0.00464904
788 0.00326214
789 0.0017728
790 0.00207137
791 0.00102767
792 0.00068646
793 0.00024611
794 0.0
795 0.0009661
796 0.00078266
797 0.00044953
798 0.0
799 0.00021507
800 0.0
801 0.00500052
802 0.0019001
803 0.0046761
804 0.00211793
805 0.00727716
806 0.0
807 9.068e-05
808 0.00143165
809 0.00877228
810 0.00572122
811 3.865e-05
812 0.0087474
813 0.0
814 0.00734787
815 0.00219934
816 0.0
817 0.00070314
818 0.00256578
819 0.00189887
820 0.00174113
821 0.0
822 0.0
823 0.0
824 0.00508253
825 0.00468696
826 0.00665866
827 0.01230846
828 0.0
829 0.00253741
830 0.0008183
831 0.0
832 0.00246567
833 0.0
834 0.0
835 0.00118541
836 0.0
837 2.715e-05
838 0.0
839 0.00088842
840 0.0
841 0.00081992
842 0.00165192
843 0.00454842
844 0.0062057
845 0.0
846 0.0
847 0.0009854
848 0.00866653
849 0.0
850 0.00219328
851 0.0
852 0.00231005
853 0.0
854 0.00564797
855 0.00056542
856 0.0
857 0.00159391
858 0.0
859 0.00187269
860 2.36e-06
861 0.00680022
862 4.895e-05
863 0.00465291
864 0.0
865 7.07e-05
866 0.00615619
867 0.00307744
868 0.00031756
869 0.0
870 0.0
871 0.00493643
872 0.00749266
873 0.00066346
874 0.00253959
875 0.0005916
876 0.0
877 3.944e-05
878 0.0
879 0.0
880 0.00494433
881 0.00307975
882 0.00187924
883 0.00066672
884 0.0
885 0.0
886 0.00721834
887 0.0
888 0.01071699
889 0.00772646
890 0.0
891 0.0
892 0.0
893 0.0
894 0.00047055
895 0.00845682
896 0.00429446
897 0.0
898 0.0
899 0.0
900 0.02229291
901 0.0
902 0.0
903 0.0
904 0.0
905 0.0
906 0.0
907 0.0
908 0.0
909 0.0
910 0.0
911 0.0
912 0.0
913 0.0
914 0.0
915 0.0
916 0.0
917 0.0
918 0.0
919 0.0
920 0.0
921 0.0
922 0.0
923 0.0
924 0.0
925 0.0
926 0.0
927 0.0
928 0.0
929 0.0
930 0.0
931 0.0
932 0.0
933 0.0
934 0.0
935 0.0
936 0.0
937 0.0
938 0.0
939 0.0
940 0.0
941 0.0
942 0.0
943 0.0
944 0.0
945 0.0
946 0.0
947 0.0
948 0.0
949 0.0
950 0.0
951 0.0
952 0.0
953 0.0
954 0.0
955 0.0
956 0.0
957 0.0
958 0.0
959 0.0
960 0.0
961 0.0
962 0.0
963 0.0
964 0.0
965 0.0
966 0.0
967 0.0
968 0.0
969 0.0
970 0.0
971 0.0
972 0.0
973 0.0
974 0.0
975 0.0
976 0.0
977 0.0
978 0.0
979 0.0
980 0.0
981 0.0
982 0.0
983 0.0
984 0.0
985 0.0
986 0.0
987 0.0
988 0.0
989 0.0
990 0.0
991 0.0
992 0.0
993 0.0
994 0.0
995 0.0
996 0.0
997 0.0
998 0.0
999 0.0
1000 0.0
1001 0.0
1002 0.0
1003 0.0
1004 0.0
1005 0.0
1006 0.0
1007 0.0
1008 0.0
1009 0.0
1010 0.0
1011 0.0
1012 0.0
1013 0.0
1014 0.0
1015 0.0
1016 0.0
1017 0.0
1018 0.0
1019 0.0
1020 0.0
1021 0.0
1022 0.0
1023 0.0
1024 0.0
1025 0.0
1026 0.0
1027 0.0
1028 0.0
1029 0.0
1030 0.0
1031 0.0
1032 0.0
1033 0.0
1034 0.0
1035 0.0
1036 0.0
1037 0.0
1038 0.0
1039 0.0
1040 0.0
1041 0.0
1042 0.0
1043 0.0
1044 0.0
1045 0.0
1046 0.0
1047 0.0
1048 0.0
1049 0.0
1050 0.0
1051 0.0
1052 0.0
1053 0.0
1054 0.0
1055 0.0
1056 0.0
1057 0.0
1058 0.0
1059 0.0
1060 0.0
1061 0.0
1062 0.0
1063 0.0
1064 0.0
1065 0.0
1066 0.0
1067 0.0
1068 0.0
1069 0.0
1070 0.0
1071 0.0
1072 0.0
1073 0.0
1074 0.0
1075 0.0
1076 0.0
1077 0.0
1078 0.0
1079 0.0
1080 0.0
1081 0.0
1082 0.0
1083 0.0
1084 0.0
1085 0.0
1086 0.0
1087 0.0
1088 0.0
1089 0.0
1090 0.0
1091 0.0
1092 0.0
1093 0.0
1094 0.0
1095 0.0
1096 0.0
1097 0.0
1098 0.0
1099 0.0
1100 0.0
